%YAML:1.0
cameraMatrix: !!opencv-matrix
   rows: 3
   cols: 3
   dt: d
   data: [ 3.7478174489634375e+02, 0., 2.5605944895463801e+02, 0.,
       3.7006060096064027e+02, 2.1401100253793825e+02, 0., 0., 1. ]
distortionCoefficients: !!opencv-matrix
   rows: 1
   cols: 5
   dt: d
   data: [ 2.7888637301739367e-02, -2.3708075169182408e-01,
       -1.6834518021638580e-02, 1.1226657504354450e-03,
       6.9889507399384515e-02 ]
rotation: !!opencv-matrix
   rows: 3
   cols: 3
   dt: d
   data: [ 1., 0., 0., 0., 1., 0., 0., 0., 1. ]
projection: !!opencv-matrix
   rows: 4
   cols: 4
   dt: d
   data: [ 3.7478174489634375e+02, 0., 2.5605944895463801e+02, 0., 0.,
       3.7006060096064027e+02, 2.1401100253793825e+02, 0., 0., 0., 1.,
       0., 0., 0., 0., 1. ]
