%YAML:1.0
cameraMatrix: !!opencv-matrix
   rows: 3
   cols: 3
   dt: d
   data: [ 3.5176118534126499e+02, 0., 2.5712373727679784e+02, 0.,
       3.6360866401865786e+02, 1.9967480969048262e+02, 0., 0., 1. ]
distortionCoefficients: !!opencv-matrix
   rows: 1
   cols: 5
   dt: d
   data: [ 1.5645624909701400e-01, -4.9254810656516956e-01,
       1.8574172432755189e-02, 4.6640316709644254e-03,
       3.4675244275949824e-01 ]
rotation: !!opencv-matrix
   rows: 3
   cols: 3
   dt: d
   data: [ 1., 0., 0., 0., 1., 0., 0., 0., 1. ]
projection: !!opencv-matrix
   rows: 4
   cols: 4
   dt: d
   data: [ 3.5176118534126499e+02, 0., 2.5712373727679784e+02, 0., 0.,
       3.6360866401865786e+02, 1.9967480969048262e+02, 0., 0., 0., 1.,
       0., 0., 0., 0., 1. ]
