%YAML:1.0
depthShift: 3.3592155194451045e+00
