%YAML:1.0
depthShift: -3.9917499757198854e+01
