%YAML:1.0
cameraMatrix: !!opencv-matrix
   rows: 3
   cols: 3
   dt: d
   data: [ 1.0259422552034014e+03, 0., 9.4543686093847953e+02, 0.,
       1.0200933944170184e+03, 5.1450936853611540e+02, 0., 0., 1. ]
distortionCoefficients: !!opencv-matrix
   rows: 1
   cols: 5
   dt: d
   data: [ 3.2409974670697720e-03, 4.6008488822558501e-02,
       -1.4974123262887339e-02, -2.5932302260100780e-03,
       -1.5321089046344002e-01 ]
rotation: !!opencv-matrix
   rows: 3
   cols: 3
   dt: d
   data: [ 1., 0., 0., 0., 1., 0., 0., 0., 1. ]
projection: !!opencv-matrix
   rows: 4
   cols: 4
   dt: d
   data: [ 1.0259422552034014e+03, 0., 9.4543686093847953e+02, 0., 0.,
       1.0200933944170184e+03, 5.1450936853611540e+02, 0., 0., 0., 1.,
       0., 0., 0., 0., 1. ]
