%YAML:1.0
points: [ 2.20989899e+02, 2.28928329e+02, 2.11561630e+02, 2.32198776e+02,
    2.02031677e+02, 2.35576721e+02, 1.92321823e+02, 2.39008896e+02,
    1.82695953e+02, 2.42343735e+02, 1.72771744e+02, 2.45844498e+02,
    1.62707047e+02, 2.49306396e+02, 1.52654770e+02, 2.52899170e+02,
    1.42569061e+02, 2.56431519e+02, 2.17708023e+02, 2.19601364e+02,
    2.08288940e+02, 2.22806946e+02, 1.98760818e+02, 2.26183594e+02,
    1.89121750e+02, 2.29459229e+02, 1.79325104e+02, 2.32992798e+02,
    1.69516769e+02, 2.36274734e+02, 1.59614761e+02, 2.39729294e+02,
    1.49547546e+02, 2.43156006e+02, 1.39383987e+02, 2.46701157e+02,
    2.14403793e+02, 2.10462296e+02, 2.05078537e+02, 2.13702728e+02,
    1.95561279e+02, 2.16873489e+02, 1.85872604e+02, 2.20178116e+02,
    1.76226868e+02, 2.23529694e+02, 1.66358337e+02, 2.26884567e+02,
    1.56573349e+02, 2.30269211e+02, 1.46381638e+02, 2.33593292e+02,
    1.36352066e+02, 2.37073807e+02, 2.11188614e+02, 2.01437897e+02,
    2.01829422e+02, 2.04642776e+02, 1.92304901e+02, 2.07731018e+02,
    1.82772003e+02, 2.11007797e+02, 1.73160736e+02, 2.14348053e+02,
    1.63383698e+02, 2.17484756e+02, 1.53443848e+02, 2.20920486e+02,
    1.43370667e+02, 2.24118256e+02, 1.33437683e+02, 2.27513184e+02,
    2.08068390e+02, 1.92570450e+02, 1.98660309e+02, 1.95628677e+02,
    1.89193497e+02, 1.98584442e+02, 1.79641220e+02, 2.01842392e+02,
    1.70100067e+02, 2.05178009e+02, 1.60282639e+02, 2.08251114e+02,
    1.50449921e+02, 2.11527603e+02, 1.40381378e+02, 2.14689667e+02,
    1.30433426e+02, 2.18157379e+02, 2.04788971e+02, 1.83750977e+02,
    1.95477325e+02, 1.86658630e+02, 1.86000748e+02, 1.89513016e+02,
    1.76521851e+02, 1.92721283e+02, 1.66997818e+02, 1.96075073e+02,
    1.57249954e+02, 1.99190491e+02, 1.47481750e+02, 2.02331635e+02,
    1.37411865e+02, 2.05371765e+02, 1.27525299e+02, 2.08714691e+02,
    2.01584915e+02, 1.74908218e+02, 1.92286407e+02, 1.77862747e+02,
    1.82880173e+02, 1.80575989e+02, 1.73374924e+02, 1.83765991e+02,
    1.63943115e+02, 1.87051071e+02, 1.54205246e+02, 1.90117416e+02,
    1.44445602e+02, 1.93239075e+02, 1.34425583e+02, 1.96196030e+02,
    1.24578255e+02, 1.99420547e+02, 1.98475372e+02, 1.66207611e+02,
    1.89230072e+02, 1.69006317e+02, 1.79788559e+02, 1.71812607e+02,
    1.70327530e+02, 1.74837936e+02, 1.60848862e+02, 1.78101364e+02,
    1.51186646e+02, 1.81072418e+02, 1.41363464e+02, 1.84143341e+02,
    1.31582977e+02, 1.87160995e+02, 1.21677666e+02, 1.90332397e+02,
    1.95320007e+02, 1.57431656e+02, 1.86120163e+02, 1.60237961e+02,
    1.76754166e+02, 1.63057556e+02, 1.67278336e+02, 1.66051010e+02,
    1.57819458e+02, 1.69193192e+02, 1.48149933e+02, 1.72046860e+02,
    1.38429245e+02, 1.75152390e+02, 1.28722946e+02, 1.78145447e+02,
    1.18797752e+02, 1.81136612e+02, 1.92250046e+02, 1.48926376e+02,
    1.83073257e+02, 1.51705353e+02, 1.73681183e+02, 1.54496902e+02,
    1.64303787e+02, 1.57382278e+02, 1.54820419e+02, 1.60300751e+02,
    1.45227463e+02, 1.63187454e+02, 1.35559204e+02, 1.66316833e+02,
    1.25836548e+02, 1.69125443e+02, 1.15974968e+02, 1.72200638e+02,
    1.89209274e+02, 1.40308105e+02, 1.80027618e+02, 1.43153488e+02,
    1.70710480e+02, 1.45933746e+02, 1.61294159e+02, 1.48787903e+02,
    1.51904236e+02, 1.51596909e+02, 1.42204239e+02, 1.54313843e+02,
    1.32732681e+02, 1.57424240e+02, 1.22980301e+02, 1.60364075e+02,
    1.13115669e+02, 1.63215195e+02 ]
