%YAML:1.0
points: [ 9.56028564e+02, 3.52259155e+02, 9.56670288e+02, 3.84955597e+02,
    9.57390442e+02, 4.17808716e+02, 9.57797241e+02, 4.50165100e+02,
    9.58485840e+02, 4.83455658e+02, 9.59083252e+02, 5.17021362e+02,
    9.59648560e+02, 5.50399658e+02, 9.60239563e+02, 5.84294067e+02,
    9.60841919e+02, 6.18400757e+02, 9.22884277e+02, 3.53640167e+02,
    9.23292358e+02, 3.85799774e+02, 9.23886963e+02, 4.18550446e+02,
    9.24209412e+02, 4.51057556e+02, 9.24684937e+02, 4.84330811e+02,
    9.25298523e+02, 5.17610291e+02, 9.25672302e+02, 5.50916992e+02,
    9.26285034e+02, 5.85048218e+02, 9.26751465e+02, 6.19043152e+02,
    8.90044739e+02, 3.54592896e+02, 8.90345276e+02, 3.86909851e+02,
    8.90715576e+02, 4.19355988e+02, 8.90843689e+02, 4.51943878e+02,
    8.91393738e+02, 4.85316101e+02, 8.91597534e+02, 5.18282776e+02,
    8.91790771e+02, 5.51633057e+02, 8.92190247e+02, 5.85706848e+02,
    8.92782410e+02, 6.19520508e+02, 8.56864746e+02, 3.55588074e+02,
    8.57175537e+02, 3.87648529e+02, 8.57555725e+02, 4.20347778e+02,
    8.57685303e+02, 4.53049835e+02, 8.58067932e+02, 4.86133911e+02,
    8.57939148e+02, 5.18925842e+02, 8.58096069e+02, 5.52310547e+02,
    8.58485535e+02, 5.86258606e+02, 8.58887329e+02, 6.20099365e+02,
    8.24143921e+02, 3.56714142e+02, 8.23916016e+02, 3.88463684e+02,
    8.24417053e+02, 4.21288696e+02, 8.24533569e+02, 4.54094543e+02,
    8.24680176e+02, 4.86889862e+02, 8.24226562e+02, 5.19619263e+02,
    8.24306091e+02, 5.53071899e+02, 8.24816223e+02, 5.86815186e+02,
    8.25068787e+02, 6.20680542e+02, 7.91295715e+02, 3.57637360e+02,
    7.91048706e+02, 3.89454926e+02, 7.91520874e+02, 4.22407318e+02,
    7.91450134e+02, 4.54844604e+02, 7.91442932e+02, 4.87639130e+02,
    7.90956543e+02, 5.20407166e+02, 7.90606750e+02, 5.53831482e+02,
    7.91134155e+02, 5.87433105e+02, 7.91203247e+02, 6.21334656e+02,
    7.58586548e+02, 3.58695679e+02, 7.57948303e+02, 3.90437469e+02,
    7.58526428e+02, 4.23205200e+02, 7.58197937e+02, 4.55548218e+02,
    7.58273254e+02, 4.88395203e+02, 7.57635010e+02, 5.21355530e+02,
    7.57383179e+02, 5.54513123e+02, 7.57697510e+02, 5.88083862e+02,
    7.57717651e+02, 6.22004333e+02, 7.25931519e+02, 3.59650452e+02,
    7.25229004e+02, 3.91219757e+02, 7.25660889e+02, 4.23952332e+02,
    7.25377747e+02, 4.56367767e+02, 7.25031433e+02, 4.89145599e+02,
    7.24349426e+02, 5.22090393e+02, 7.24035583e+02, 5.55276672e+02,
    7.24223450e+02, 5.88686279e+02, 7.23803406e+02, 6.22576355e+02,
    6.93297363e+02, 3.60459839e+02, 6.92452026e+02, 3.92129700e+02,
    6.92665100e+02, 4.24723114e+02, 6.92094116e+02, 4.57079895e+02,
    6.91900269e+02, 4.90018585e+02, 6.91274170e+02, 5.22882507e+02,
    6.90856689e+02, 5.55981689e+02, 6.90740784e+02, 5.89506714e+02,
    6.90532471e+02, 6.23168884e+02, 6.60735962e+02, 3.61291992e+02,
    6.60027405e+02, 3.93074524e+02, 6.59867004e+02, 4.25461304e+02,
    6.59684570e+02, 4.58142548e+02, 6.59095764e+02, 4.90730804e+02,
    6.58520630e+02, 5.23584595e+02, 6.58242432e+02, 5.56740112e+02,
    6.57493530e+02, 5.90344116e+02, 6.57143005e+02, 6.23881775e+02,
    6.28680359e+02, 3.62552948e+02, 6.28061707e+02, 3.94486542e+02,
    6.27278931e+02, 4.26505859e+02, 6.27398743e+02, 4.59201843e+02,
    6.26448486e+02, 4.91650635e+02, 6.25840515e+02, 5.24506348e+02,
    6.25393799e+02, 5.57606262e+02, 6.24521179e+02, 5.91172668e+02,
    6.24281860e+02, 6.24520203e+02 ]
