%YAML:1.0
points: [ 2.94322754e+02, 1.52411743e+02, 2.95198792e+02, 1.57710083e+02,
    2.95110931e+02, 1.63133408e+02, 2.95110901e+02, 1.63133392e+02,
    2.95519653e+02, 1.67988571e+02, 2.96260101e+02, 1.78650345e+02,
    2.97007202e+02, 1.84119537e+02, 2.97344788e+02, 1.89272552e+02,
    2.97344757e+02, 1.89272568e+02, 2.89072052e+02, 1.53443710e+02,
    2.89071991e+02, 1.53443726e+02, 2.95110931e+02, 1.63133408e+02,
    2.90330170e+02, 1.64222031e+02, 2.96392487e+02, 1.73558685e+02,
    2.96260101e+02, 1.78650345e+02, 2.91385712e+02, 1.79604523e+02,
    2.97007202e+02, 1.84119537e+02, 2.97344757e+02, 1.89272568e+02,
    2.89071991e+02, 1.53443726e+02, 2.84282745e+02, 1.54674286e+02,
    2.90330200e+02, 1.64222031e+02, 2.90330170e+02, 1.64222031e+02,
    2.85546051e+02, 1.75213516e+02, 2.91385712e+02, 1.79604507e+02,
    2.86316803e+02, 1.85648987e+02, 2.86316803e+02, 1.85649002e+02,
    2.92242554e+02, 1.90065445e+02, 2.84282745e+02, 1.54674286e+02,
    2.79325684e+02, 1.55741928e+02, 2.80012482e+02, 1.66219299e+02,
    2.85267395e+02, 1.70167023e+02, 2.80394318e+02, 1.76093903e+02,
    2.86595551e+02, 1.80635666e+02, 2.86316803e+02, 1.85648987e+02,
    2.81339905e+02, 1.86663757e+02, 2.86606323e+02, 1.90769440e+02,
    2.79325684e+02, 1.55741913e+02, 2.74195435e+02, 1.56798523e+02,
    2.74403595e+02, 1.61821762e+02, 2.80277100e+02, 1.71426804e+02,
    2.75437469e+02, 1.77084061e+02, 2.75995728e+02, 1.82412964e+02,
    2.81339905e+02, 1.86663742e+02, 2.76134918e+02, 1.92849274e+02,
    2.76134918e+02, 1.92849274e+02, 2.74195404e+02, 1.56798508e+02,
    2.74195404e+02, 1.56798508e+02, 2.69679047e+02, 1.62636703e+02,
    2.70144409e+02, 1.73221649e+02, 2.70144409e+02, 1.73221649e+02,
    2.70398285e+02, 1.78080338e+02, 2.76296783e+02, 1.87691483e+02,
    2.71335632e+02, 1.93732300e+02, 2.71335632e+02, 1.93732300e+02,
    2.69469421e+02, 1.57694397e+02, 2.69469391e+02, 1.57694412e+02,
    2.64918365e+02, 1.69314148e+02, 2.65400604e+02, 1.73949753e+02,
    2.65400604e+02, 1.73949753e+02, 2.70398285e+02, 1.78080353e+02,
    2.71179962e+02, 1.88334747e+02, 2.71335632e+02, 1.93732300e+02,
    2.71335632e+02, 1.93732300e+02, 2.64635498e+02, 1.58812897e+02,
    2.59709351e+02, 1.60036499e+02, 2.59959137e+02, 1.70307648e+02,
    2.59959167e+02, 1.70307663e+02, 2.65400574e+02, 1.73949783e+02,
    2.60833679e+02, 1.80007278e+02, 2.60976898e+02, 1.85240692e+02,
    2.66291290e+02, 1.89123627e+02, 2.66722137e+02, 1.94700806e+02,
    2.54569199e+02, 1.61210495e+02, 2.55348465e+02, 1.66009644e+02,
    2.59959137e+02, 1.70307663e+02, 2.59959137e+02, 1.70307663e+02,
    2.60541290e+02, 1.74722336e+02, 2.55758682e+02, 1.80826492e+02,
    2.56134277e+02, 1.85788849e+02, 2.61212891e+02, 1.89776474e+02,
    2.56654785e+02, 1.96403290e+02, 2.52707611e+02, 1.61638535e+02,
    2.52707611e+02, 1.61638535e+02, 2.55348480e+02, 1.66009659e+02,
    2.55811172e+02, 1.70923203e+02, 2.50769241e+02, 1.76830261e+02,
    2.51317322e+02, 1.81787369e+02, 2.56134247e+02, 1.85788834e+02,
    2.56600800e+02, 1.90479630e+02, 2.51783691e+02, 1.97324799e+02,
    2.50867218e+02, 1.61940414e+02, 2.50867188e+02, 1.61940430e+02,
    2.50787170e+02, 1.72330704e+02, 2.50769241e+02, 1.76830246e+02,
    2.51317322e+02, 1.81787354e+02, 2.51317322e+02, 1.81787369e+02,
    2.51857727e+02, 1.91616470e+02, 2.51783691e+02, 1.97324783e+02,
    2.51783676e+02, 1.97324799e+02 ]
