%YAML:1.0
points: [ 1.57760889e+03, 2.60116241e+02, 1.57638855e+03, 2.88487427e+02,
    1.57506421e+03, 3.17151611e+02, 1.57536047e+03, 3.45009338e+02,
    1.57399475e+03, 3.73271240e+02, 1.57305884e+03, 4.01472046e+02,
    1.57281409e+03, 4.29263733e+02, 1.57202478e+03, 4.57065704e+02,
    1.57090735e+03, 4.84864471e+02, 1.55007166e+03, 2.60181335e+02,
    1.54972241e+03, 2.88482178e+02, 1.54827380e+03, 3.17208435e+02,
    1.54857654e+03, 3.45272095e+02, 1.54729114e+03, 3.73534149e+02,
    1.54677258e+03, 4.01671570e+02, 1.54606372e+03, 4.29578125e+02,
    1.54510876e+03, 4.57416260e+02, 1.54441345e+03, 4.85332916e+02,
    1.52338196e+03, 2.60244019e+02, 1.52238245e+03, 2.88689392e+02,
    1.52161743e+03, 3.17214294e+02, 1.52140588e+03, 3.45444427e+02,
    1.51993787e+03, 3.73809723e+02, 1.52018872e+03, 4.01852325e+02,
    1.51975110e+03, 4.29789856e+02, 1.51878882e+03, 4.57863892e+02,
    1.51767688e+03, 4.85635742e+02, 1.49583765e+03, 2.60298126e+02,
    1.49534583e+03, 2.88639740e+02, 1.49427344e+03, 3.17421112e+02,
    1.49384424e+03, 3.45660004e+02, 1.49282007e+03, 3.74145538e+02,
    1.49322168e+03, 4.02145508e+02, 1.49293018e+03, 4.30114258e+02,
    1.49201160e+03, 4.58227783e+02, 1.49067029e+03, 4.86032166e+02,
    1.46843030e+03, 2.60490662e+02, 1.46831885e+03, 2.88637421e+02,
    1.46665723e+03, 3.17555267e+02, 1.46600098e+03, 3.45933075e+02,
    1.46535669e+03, 3.74427460e+02, 1.46614819e+03, 4.02415802e+02,
    1.46616760e+03, 4.30351410e+02, 1.46466699e+03, 4.58517181e+02,
    1.46376782e+03, 4.86486694e+02, 1.44081982e+03, 2.60532745e+02,
    1.44109656e+03, 2.88720795e+02, 1.43924316e+03, 3.17762787e+02,
    1.43881458e+03, 3.46200378e+02, 1.43825549e+03, 3.74636536e+02,
    1.43875342e+03, 4.02725220e+02, 1.43866370e+03, 4.30744171e+02,
    1.43745081e+03, 4.58914185e+02, 1.43674939e+03, 4.86791687e+02,
    1.41301245e+03, 2.60568481e+02, 1.41331885e+03, 2.88754059e+02,
    1.41187073e+03, 3.17831146e+02, 1.41170789e+03, 3.46291870e+02,
    1.41098914e+03, 3.74883148e+02, 1.41126855e+03, 4.03087372e+02,
    1.41124402e+03, 4.31161194e+02, 1.40996716e+03, 4.59402740e+02,
    1.40944702e+03, 4.87225830e+02, 1.38571643e+03, 2.60599426e+02,
    1.38603882e+03, 2.88930328e+02, 1.38450525e+03, 3.18075439e+02,
    1.38416736e+03, 3.46524445e+02, 1.38372278e+03, 3.75069519e+02,
    1.38404443e+03, 4.03337708e+02, 1.38365796e+03, 4.31600037e+02,
    1.38273718e+03, 4.59719421e+02, 1.38235840e+03, 4.87660339e+02,
    1.35794336e+03, 2.60618378e+02, 1.35818103e+03, 2.89051758e+02,
    1.35687073e+03, 3.18179413e+02, 1.35700037e+03, 3.46594604e+02,
    1.35621631e+03, 3.75394104e+02, 1.35644141e+03, 4.03613434e+02,
    1.35600696e+03, 4.32047150e+02, 1.35540979e+03, 4.60192810e+02,
    1.35526257e+03, 4.88099304e+02, 1.33036487e+03, 2.60634430e+02,
    1.32984497e+03, 2.89392609e+02, 1.32934448e+03, 3.18336884e+02,
    1.32887695e+03, 3.47031708e+02, 1.32874731e+03, 3.75620514e+02,
    1.32860718e+03, 4.03927612e+02, 1.32816687e+03, 4.32399780e+02,
    1.32799878e+03, 4.60602814e+02, 1.32756042e+03, 4.88618805e+02,
    1.30189258e+03, 2.60966675e+02, 1.30171436e+03, 2.89982574e+02,
    1.30164429e+03, 3.18623016e+02, 1.30081006e+03, 3.47415009e+02,
    1.30072192e+03, 3.75967957e+02, 1.30057861e+03, 4.04311432e+02,
    1.30017151e+03, 4.32824127e+02, 1.30011121e+03, 4.60864227e+02,
    1.29949890e+03, 4.89083862e+02 ]
