%YAML:1.0
points: [ 3.32036804e+02, 1.60211502e+02, 3.32036774e+02, 1.60211472e+02,
    3.26547760e+02, 1.60378952e+02, 3.14686157e+02, 1.61435883e+02,
    3.14686096e+02, 1.61435852e+02, 3.03116882e+02, 1.62875183e+02,
    2.98214386e+02, 1.63092957e+02, 2.98214386e+02, 1.63092957e+02,
    2.92375214e+02, 1.63934540e+02, 3.31031372e+02, 1.54232483e+02,
    3.32036804e+02, 1.60211487e+02, 3.19721558e+02, 1.55293915e+02,
    3.14686096e+02, 1.61435852e+02, 3.08489594e+02, 1.56628159e+02,
    3.03150818e+02, 1.57194031e+02, 3.03116821e+02, 1.62875168e+02,
    2.92039948e+02, 1.58570938e+02, 2.92039917e+02, 1.58570938e+02,
    3.31031372e+02, 1.54232483e+02, 3.25273499e+02, 1.49049377e+02,
    3.26058136e+02, 1.54614319e+02, 3.13808594e+02, 1.50366119e+02,
    3.08260895e+02, 1.51146713e+02, 3.08489563e+02, 1.56628174e+02,
    2.97345093e+02, 1.52633301e+02, 2.97605591e+02, 1.57632339e+02,
    2.91266510e+02, 1.53222473e+02, 3.31082825e+02, 1.48165024e+02,
    3.30645203e+02, 1.42858978e+02, 3.19156281e+02, 1.44127411e+02,
    3.18995697e+02, 1.50120697e+02, 3.08260925e+02, 1.51146683e+02,
    3.08092072e+02, 1.45791794e+02, 3.02447357e+02, 1.52377457e+02,
    2.91162323e+02, 1.47834976e+02, 2.91266510e+02, 1.53222458e+02,
    3.30274292e+02, 1.37167389e+02, 3.24816956e+02, 1.43345566e+02,
    3.24182983e+02, 1.38205536e+02, 3.13170135e+02, 1.39570267e+02,
    3.13157745e+02, 1.45267700e+02, 3.07340607e+02, 1.40290512e+02,
    2.96327209e+02, 1.41260147e+02, 2.96425507e+02, 1.47418488e+02,
    2.90275940e+02, 1.42201630e+02, 3.29632263e+02, 1.31766891e+02,
    3.24273743e+02, 1.32285995e+02, 3.18393066e+02, 1.38737488e+02,
    3.18393066e+02, 1.38737488e+02, 3.07113495e+02, 1.34215164e+02,
    3.07340607e+02, 1.40290497e+02, 2.96327209e+02, 1.41260132e+02,
    2.90216248e+02, 1.36604462e+02, 2.90275909e+02, 1.42201614e+02,
    3.29632263e+02, 1.31766891e+02, 3.29688721e+02, 1.26182968e+02,
    3.23268250e+02, 1.26978348e+02, 3.12351776e+02, 1.33754578e+02,
    3.12351746e+02, 1.33754578e+02, 3.06292847e+02, 1.29178345e+02,
    2.95375702e+02, 1.30226456e+02, 2.90216278e+02, 1.36604446e+02,
    2.89202972e+02, 1.30815842e+02, 3.29688751e+02, 1.26182961e+02,
    3.23268280e+02, 1.26978317e+02, 3.17343597e+02, 1.27498894e+02,
    3.17156281e+02, 1.21370232e+02, 3.06292877e+02, 1.29178329e+02,
    3.06292847e+02, 1.29178329e+02, 3.00289307e+02, 1.23965004e+02,
    2.88985138e+02, 1.25638809e+02, 2.89202972e+02, 1.30815826e+02,
    3.34821381e+02, 1.13704826e+02, 3.28537109e+02, 1.13964760e+02,
    3.17156311e+02, 1.21370232e+02, 3.11052124e+02, 1.16949379e+02,
    3.11052094e+02, 1.16949348e+02, 3.00261566e+02, 1.18334190e+02,
    3.00289337e+02, 1.23964996e+02, 2.94366180e+02, 1.19289597e+02,
    2.88858337e+02, 1.19989845e+02, 3.28537109e+02, 1.13964745e+02,
    3.22146942e+02, 1.09596977e+02, 3.22146942e+02, 1.09596977e+02,
    3.16767731e+02, 1.16402824e+02, 3.05375275e+02, 1.17519493e+02,
    3.05375275e+02, 1.17519493e+02, 2.93919373e+02, 1.13655342e+02,
    2.94366180e+02, 1.19289589e+02, 2.88858307e+02, 1.19989799e+02,
    3.27732422e+02, 1.09047653e+02, 3.27732391e+02, 1.09047653e+02,
    3.16320374e+02, 1.10622978e+02, 3.16320343e+02, 1.10622978e+02,
    3.10455597e+02, 1.11066971e+02, 2.99549438e+02, 1.12852509e+02,
    2.93919373e+02, 1.13655342e+02, 2.87907379e+02, 1.14228035e+02,
    2.87907379e+02, 1.14228035e+02 ]
