%YAML:1.0
points: [ 4.81874207e+02, 1.73000076e+02, 4.80511353e+02, 2.03978546e+02,
    4.78909485e+02, 2.34940689e+02, 4.76029846e+02, 2.65163513e+02,
    4.74807770e+02, 2.96475922e+02, 4.72777435e+02, 3.27515198e+02,
    4.70624512e+02, 3.58350525e+02, 4.68760620e+02, 3.89539459e+02,
    4.67023621e+02, 4.20926453e+02, 4.50470184e+02, 1.71774994e+02,
    4.48299225e+02, 2.02319748e+02, 4.46835724e+02, 2.33359360e+02,
    4.44017303e+02, 2.63495911e+02, 4.42607117e+02, 2.94871460e+02,
    4.40393188e+02, 3.25640411e+02, 4.38306305e+02, 3.56770050e+02,
    4.36503723e+02, 3.88133881e+02, 4.34527283e+02, 4.19542389e+02,
    4.18642120e+02, 1.70254105e+02, 4.16947174e+02, 2.01051819e+02,
    4.14713470e+02, 2.31579407e+02, 4.12271759e+02, 2.62101044e+02,
    4.10831940e+02, 2.93439056e+02, 4.07903992e+02, 3.24204163e+02,
    4.05754913e+02, 3.55276367e+02, 4.03662292e+02, 3.86655701e+02,
    4.02331146e+02, 4.18246185e+02, 3.86795319e+02, 1.68621155e+02,
    3.84628204e+02, 1.99152283e+02, 3.82763550e+02, 2.30193817e+02,
    3.80485107e+02, 2.60846741e+02, 3.78684021e+02, 2.92079987e+02,
    3.75399811e+02, 3.22520660e+02, 3.72880554e+02, 3.53627960e+02,
    3.71234619e+02, 3.85187347e+02, 3.69845123e+02, 4.16857758e+02,
    3.55290955e+02, 1.67363098e+02, 3.52490601e+02, 1.97524689e+02,
    3.50924011e+02, 2.28689301e+02, 3.48787598e+02, 2.59734528e+02,
    3.46657928e+02, 2.90629791e+02, 3.43136963e+02, 3.20961945e+02,
    3.40088654e+02, 3.51950043e+02, 3.39158325e+02, 3.83700012e+02,
    3.37397949e+02, 4.15278107e+02, 3.23436371e+02, 1.65921158e+02,
    3.20469574e+02, 1.96127426e+02, 3.19218018e+02, 2.27486267e+02,
    3.16707916e+02, 2.58196747e+02, 3.14439880e+02, 2.89061401e+02,
    3.10839294e+02, 3.19487823e+02, 3.07681183e+02, 3.50681549e+02,
    3.06544800e+02, 3.82349243e+02, 3.04525757e+02, 4.13922729e+02,
    2.91620911e+02, 1.64596390e+02, 2.87933167e+02, 1.94410782e+02,
    2.86884338e+02, 2.25662735e+02, 2.84185516e+02, 2.56550720e+02,
    2.81876587e+02, 2.87476196e+02, 2.78513489e+02, 3.18325623e+02,
    2.75679230e+02, 3.49386536e+02, 2.74294922e+02, 3.81152588e+02,
    2.72078613e+02, 4.12593170e+02, 2.59664948e+02, 1.62981384e+02,
    2.55977554e+02, 1.92824432e+02, 2.54928619e+02, 2.24345596e+02,
    2.52418991e+02, 2.55297287e+02, 2.49711365e+02, 2.86246399e+02,
    2.46077637e+02, 3.16749207e+02, 2.43492111e+02, 3.48188507e+02,
    2.41953903e+02, 3.79665100e+02, 2.39208984e+02, 4.11254181e+02,
    2.28153183e+02, 1.61556900e+02, 2.24313797e+02, 1.91646393e+02,
    2.22968582e+02, 2.22906265e+02, 2.19630005e+02, 2.53556671e+02,
    2.17493240e+02, 2.84659760e+02, 2.13989471e+02, 3.15566101e+02,
    2.11494919e+02, 3.46639709e+02, 2.09399033e+02, 3.78245117e+02,
    2.07078125e+02, 4.09693390e+02, 1.96419601e+02, 1.60306458e+02,
    1.92866302e+02, 1.90512756e+02, 1.90775192e+02, 2.21416458e+02,
    1.88433807e+02, 2.52408371e+02, 1.85545303e+02, 2.83232117e+02,
    1.82381790e+02, 3.14218323e+02, 1.80354538e+02, 3.45715454e+02,
    1.77187729e+02, 3.77120453e+02, 1.75003723e+02, 4.08681702e+02,
    1.65729126e+02, 1.59580780e+02, 1.62544617e+02, 1.89943069e+02,
    1.59303299e+02, 2.20194244e+02, 1.57665115e+02, 2.51517242e+02,
    1.54178802e+02, 2.82326508e+02, 1.51469269e+02, 3.13460785e+02,
    1.48885513e+02, 3.44730255e+02, 1.45810303e+02, 3.76232300e+02,
    1.43872574e+02, 4.07645477e+02 ]
