%YAML:1.0
points: [ 1.53110443e+02, 9.77694321e+01, 1.51717484e+02, 9.01111526e+01,
    1.50392410e+02, 8.26558456e+01, 1.49077759e+02, 7.47397919e+01,
    1.47749725e+02, 6.64926987e+01, 1.46412811e+02, 5.82620087e+01,
    1.45128845e+02, 4.97806549e+01, 1.43740601e+02, 4.15118217e+01,
    1.42277847e+02, 3.27200203e+01, 1.60628357e+02, 9.73076477e+01,
    1.59450531e+02, 8.97391434e+01, 1.58252747e+02, 8.18327866e+01,
    1.57106934e+02, 7.41008530e+01, 1.55841949e+02, 6.58903351e+01,
    1.54340790e+02, 5.77678642e+01, 1.53251083e+02, 4.96254578e+01,
    1.51902283e+02, 4.08318939e+01, 1.50756363e+02, 3.23378639e+01,
    1.68237961e+02, 9.67874680e+01, 1.67132584e+02, 8.92128601e+01,
    1.65984970e+02, 8.16257019e+01, 1.64713028e+02, 7.37397919e+01,
    1.63572845e+02, 6.55368195e+01, 1.62466995e+02, 5.75298920e+01,
    1.61211044e+02, 4.89503784e+01, 1.60068268e+02, 4.06957817e+01,
    1.58804794e+02, 3.18198261e+01, 1.75773315e+02, 9.63403397e+01,
    1.74737701e+02, 8.88117447e+01, 1.73721588e+02, 8.09067841e+01,
    1.72601654e+02, 7.31430740e+01, 1.71566772e+02, 6.49375153e+01,
    1.70308411e+02, 5.68766289e+01, 1.69308807e+02, 4.87533340e+01,
    1.68138351e+02, 4.00198593e+01, 1.67271179e+02, 3.15566845e+01,
    1.83283264e+02, 9.59028931e+01, 1.82220459e+02, 8.84340591e+01,
    1.81318909e+02, 8.05255508e+01, 1.80303391e+02, 7.27493362e+01,
    1.79320633e+02, 6.46810608e+01, 1.78332993e+02, 5.66793976e+01,
    1.77319473e+02, 4.82754784e+01, 1.76358704e+02, 3.96833305e+01,
    1.75214554e+02, 3.10744686e+01, 1.90722214e+02, 9.54379272e+01,
    1.89947540e+02, 8.78368378e+01, 1.89025345e+02, 7.99648819e+01,
    1.88055832e+02, 7.22379684e+01, 1.87183670e+02, 6.42406693e+01,
    1.86220276e+02, 5.61563911e+01, 1.85328690e+02, 4.77961235e+01,
    1.84274200e+02, 3.93136253e+01, 1.83567261e+02, 3.06454353e+01,
    1.98058762e+02, 9.48398819e+01, 1.97259201e+02, 8.75709457e+01,
    1.96542435e+02, 7.97089767e+01, 1.95718414e+02, 7.18202438e+01,
    1.94897308e+02, 6.37886925e+01, 1.94113510e+02, 5.57223740e+01,
    1.93341034e+02, 4.76669235e+01, 1.92363113e+02, 3.87727432e+01,
    1.91464447e+02, 3.02907295e+01, 2.05621872e+02, 9.46110153e+01,
    2.04863647e+02, 8.69393463e+01, 2.04156326e+02, 7.93135147e+01,
    2.03441986e+02, 7.14781265e+01, 2.02646301e+02, 6.34338608e+01,
    2.01858582e+02, 5.54743156e+01, 2.01142868e+02, 4.69220085e+01,
    2.00368576e+02, 3.85621910e+01, 1.99689499e+02, 2.98697014e+01,
    2.12794220e+02, 9.38816376e+01, 2.12118515e+02, 8.66387558e+01,
    2.11684448e+02, 7.88073273e+01, 2.10893448e+02, 7.09133072e+01,
    2.10236206e+02, 6.30120811e+01, 2.09729858e+02, 5.48099442e+01,
    2.08889908e+02, 4.66433945e+01, 2.08355011e+02, 3.79941368e+01,
    2.07532974e+02, 2.96205711e+01, 2.20137421e+02, 9.35988846e+01,
    2.19659744e+02, 8.60397034e+01, 2.18900375e+02, 7.83438339e+01,
    2.18583771e+02, 7.06733551e+01, 2.17831375e+02, 6.27080498e+01,
    2.17379272e+02, 5.45042152e+01, 2.16788864e+02, 4.62153816e+01,
    2.16117340e+02, 3.77303391e+01, 2.15735458e+02, 2.90320606e+01,
    2.27417847e+02, 9.30195618e+01, 2.26882492e+02, 8.55540314e+01,
    2.26612640e+02, 7.79348679e+01, 2.25904068e+02, 7.00581131e+01,
    2.25566208e+02, 6.20884972e+01, 2.24916916e+02, 5.39526100e+01,
    2.24540283e+02, 4.57634506e+01, 2.23986633e+02, 3.72757454e+01,
    2.23374985e+02, 2.88352909e+01 ]
