%YAML:1.0
points: [ 8.39255676e+02, 2.58708527e+02, 8.43155701e+02, 3.02335480e+02,
    8.45762817e+02, 3.45706116e+02, 8.49193542e+02, 3.88570068e+02,
    8.51943054e+02, 4.31263489e+02, 8.54066895e+02, 4.73511383e+02,
    8.58228333e+02, 5.15192078e+02, 8.60301086e+02, 5.56483459e+02,
    8.62755371e+02, 5.97510559e+02, 8.04162781e+02, 2.55719208e+02,
    8.07808350e+02, 3.00621399e+02, 8.10990845e+02, 3.45379517e+02,
    8.14583313e+02, 3.89399811e+02, 8.17448914e+02, 4.33443573e+02,
    8.19828186e+02, 4.76691101e+02, 8.23391785e+02, 5.19622864e+02,
    8.27029846e+02, 5.62084656e+02, 8.29448303e+02, 6.04234009e+02,
    7.66174744e+02, 2.52612701e+02, 7.70013977e+02, 2.98982361e+02,
    7.74161072e+02, 3.44884064e+02, 7.77408691e+02, 3.90550720e+02,
    7.80016174e+02, 4.35508087e+02, 7.83617065e+02, 4.80223328e+02,
    7.86243530e+02, 5.24344177e+02, 7.90877136e+02, 5.67869080e+02,
    7.92826843e+02, 6.11273987e+02, 7.25388000e+02, 2.49515167e+02,
    7.29248474e+02, 2.97331024e+02, 7.34096802e+02, 3.44561066e+02,
    7.37821350e+02, 3.91517334e+02, 7.40277527e+02, 4.37916840e+02,
    7.43680420e+02, 4.83617035e+02, 7.47334595e+02, 5.29186707e+02,
    7.52695557e+02, 5.74229248e+02, 7.54693481e+02, 6.18528320e+02,
    6.81477844e+02, 2.46199234e+02, 6.86284607e+02, 2.95500946e+02,
    6.91807434e+02, 3.44108673e+02, 6.95292297e+02, 3.92513977e+02,
    6.98109619e+02, 4.40240906e+02, 7.02354858e+02, 4.87482086e+02,
    7.06051086e+02, 5.34317322e+02, 7.11293579e+02, 5.80643860e+02,
    7.13787109e+02, 6.26106873e+02, 6.35356262e+02, 2.42574402e+02,
    6.40587219e+02, 2.93297119e+02, 6.46371094e+02, 3.43596069e+02,
    6.50338379e+02, 3.93489380e+02, 6.53406799e+02, 4.42986511e+02,
    6.57875549e+02, 4.91537750e+02, 6.61846741e+02, 5.39755981e+02,
    6.67540039e+02, 5.87441772e+02, 6.70742371e+02, 6.34445007e+02,
    5.85852112e+02, 2.38872635e+02, 5.91624634e+02, 2.91320404e+02,
    5.98143921e+02, 3.42996490e+02, 6.02364868e+02, 3.94799805e+02,
    6.05720947e+02, 4.45666443e+02, 6.10704590e+02, 4.95912750e+02,
    6.15279053e+02, 5.45470154e+02, 6.20811035e+02, 5.94766785e+02,
    6.24455078e+02, 6.43488220e+02, 5.33294006e+02, 2.34659241e+02,
    5.39732727e+02, 2.88640686e+02, 5.45894958e+02, 3.42505646e+02,
    5.51146057e+02, 3.95980560e+02, 5.55236694e+02, 4.48590302e+02,
    5.60773865e+02, 5.00420593e+02, 5.65656494e+02, 5.51704834e+02,
    5.71060791e+02, 6.02516846e+02, 5.75859009e+02, 6.52711792e+02,
    4.76733948e+02, 2.29974838e+02, 4.83699615e+02, 2.86307129e+02,
    4.90131714e+02, 3.41988251e+02, 4.95880676e+02, 3.97182159e+02,
    5.00858368e+02, 4.51518585e+02, 5.07349518e+02, 5.05345245e+02,
    5.12243652e+02, 5.58414795e+02, 5.17739685e+02, 6.10908813e+02,
    5.23493408e+02, 6.62660522e+02, 4.17000763e+02, 2.25264343e+02,
    4.23539276e+02, 2.83672974e+02, 4.30544861e+02, 3.41444214e+02,
    4.37108002e+02, 3.98388000e+02, 4.43267639e+02, 4.54891541e+02,
    4.50082336e+02, 5.10519867e+02, 4.55332367e+02, 5.65524902e+02,
    4.61813934e+02, 6.19709778e+02, 4.67293060e+02, 6.73431641e+02,
    3.51907043e+02, 2.20283676e+02, 3.59609344e+02, 2.80968750e+02,
    3.66603607e+02, 3.40779419e+02, 3.73650055e+02, 3.99964447e+02,
    3.80531067e+02, 4.58505371e+02, 3.88033844e+02, 5.16298828e+02,
    3.93598694e+02, 5.72911682e+02, 4.00741425e+02, 6.29334839e+02,
    4.07593262e+02, 6.85174927e+02 ]
