%YAML:1.0
points: [ 2.51516098e+02, 1.11913605e+02, 2.52525070e+02, 1.27127487e+02,
    2.53153793e+02, 1.42313354e+02, 2.54020264e+02, 1.57149582e+02,
    2.54757614e+02, 1.72136475e+02, 2.55180130e+02, 1.86603226e+02,
    2.56376892e+02, 2.01210693e+02, 2.56840942e+02, 2.15322159e+02,
    2.57462494e+02, 2.29630280e+02, 2.40470810e+02, 1.10700928e+02,
    2.41419495e+02, 1.26500381e+02, 2.42178528e+02, 1.42151917e+02,
    2.43134903e+02, 1.57463318e+02, 2.43804657e+02, 1.72596756e+02,
    2.44489136e+02, 1.87761246e+02, 2.45402527e+02, 2.02555573e+02,
    2.46279785e+02, 2.17344818e+02, 2.46868591e+02, 2.31848236e+02,
    2.28387344e+02, 1.09658798e+02, 2.29471268e+02, 1.25843048e+02,
    2.30595795e+02, 1.41954987e+02, 2.31536087e+02, 1.57776779e+02,
    2.32028687e+02, 1.73396820e+02, 2.33073746e+02, 1.88851410e+02,
    2.33653900e+02, 2.04141022e+02, 2.34989883e+02, 2.19241272e+02,
    2.35344254e+02, 2.34220779e+02, 2.15597641e+02, 1.08443527e+02,
    2.16570419e+02, 1.25221855e+02, 2.18027527e+02, 1.41617157e+02,
    2.18980545e+02, 1.58053772e+02, 2.19458633e+02, 1.74118500e+02,
    2.20291534e+02, 1.89954849e+02, 2.21282944e+02, 2.05672058e+02,
    2.22901520e+02, 2.21349274e+02, 2.23320221e+02, 2.36614853e+02,
    2.01609436e+02, 1.07290428e+02, 2.03021622e+02, 1.24405998e+02,
    2.04631805e+02, 1.41400681e+02, 2.05563965e+02, 1.58260849e+02,
    2.06213623e+02, 1.74854568e+02, 2.07383759e+02, 1.91195160e+02,
    2.08234344e+02, 2.07376541e+02, 2.09903931e+02, 2.23455078e+02,
    2.10306625e+02, 2.39233704e+02, 1.87043747e+02, 1.05977852e+02,
    1.88555008e+02, 1.23645325e+02, 1.90445709e+02, 1.41158798e+02,
    1.91371414e+02, 1.58483856e+02, 1.92013596e+02, 1.75630066e+02,
    1.93246063e+02, 1.92552063e+02, 1.94325424e+02, 2.09179474e+02,
    1.96101730e+02, 2.25727127e+02, 1.96696365e+02, 2.41977966e+02,
    1.71405685e+02, 1.04538116e+02, 1.73114639e+02, 1.22832977e+02,
    1.75129807e+02, 1.40881622e+02, 1.76309814e+02, 1.58799515e+02,
    1.76939850e+02, 1.76508652e+02, 1.78328522e+02, 1.93885315e+02,
    1.79497879e+02, 2.11127823e+02, 1.81288696e+02, 2.28158676e+02,
    1.82205276e+02, 2.44964081e+02, 1.54749252e+02, 1.02988197e+02,
    1.56804962e+02, 1.21868752e+02, 1.58722412e+02, 1.40541367e+02,
    1.60051941e+02, 1.59146439e+02, 1.60974655e+02, 1.77364746e+02,
    1.62669525e+02, 1.95376419e+02, 1.63834427e+02, 2.13254868e+02,
    1.65460632e+02, 2.30745941e+02, 1.66706726e+02, 2.48181534e+02,
    1.37215118e+02, 1.01378609e+02, 1.39016495e+02, 1.20823647e+02,
    1.40940186e+02, 1.40292984e+02, 1.42561691e+02, 1.59322662e+02,
    1.43838287e+02, 1.78399246e+02, 1.45791107e+02, 1.96954407e+02,
    1.47102737e+02, 2.15451004e+02, 1.48610306e+02, 2.33379578e+02,
    1.50146103e+02, 2.51492249e+02, 1.18286148e+02, 9.96777496e+01,
    1.20225006e+02, 1.20134605e+02, 1.21982620e+02, 1.40016602e+02,
    1.23900269e+02, 1.59786621e+02, 1.25695572e+02, 1.79214203e+02,
    1.27663223e+02, 1.98717331e+02, 1.28924957e+02, 2.17531952e+02,
    1.31002823e+02, 2.36669373e+02, 1.32494080e+02, 2.55061813e+02,
    9.81496658e+01, 9.82469254e+01, 9.99775085e+01, 1.18887276e+02,
    1.02112976e+02, 1.39707016e+02, 1.03783470e+02, 1.60239594e+02,
    1.05770767e+02, 1.80508362e+02, 1.08131119e+02, 2.00187378e+02,
    1.09405014e+02, 2.19998734e+02, 1.11670250e+02, 2.39501938e+02,
    1.13461632e+02, 2.59111115e+02 ]
