%YAML:1.0
points: [ 2.61123383e+02, 2.75781372e+02, 2.66981873e+02, 2.79851685e+02,
    2.70151794e+02, 2.88491302e+02, 2.70151520e+02, 2.88491119e+02,
    2.68794250e+02, 2.93142151e+02, 2.74061676e+02, 3.04608887e+02,
    2.74061737e+02, 3.04608978e+02, 2.77256500e+02, 3.12365753e+02,
    2.78684875e+02, 3.19278320e+02, 2.56448578e+02, 2.82612701e+02,
    2.56448578e+02, 2.82612701e+02, 2.61679840e+02, 2.88466339e+02,
    2.63240417e+02, 2.93752594e+02, 2.62383331e+02, 2.96742767e+02,
    2.64510071e+02, 3.01954590e+02, 2.68415436e+02, 3.06907501e+02,
    2.68683441e+02, 3.12606384e+02, 2.71013062e+02, 3.17358459e+02,
    2.56448486e+02, 2.82612732e+02, 2.56448486e+02, 2.82612793e+02,
    2.55845963e+02, 2.91269379e+02, 2.59578979e+02, 2.92224670e+02,
    2.59401886e+02, 3.04663055e+02, 2.61297668e+02, 3.10358887e+02,
    2.62800842e+02, 3.15966797e+02, 2.62800995e+02, 3.15966980e+02,
    2.65351440e+02, 3.24519806e+02, 2.44849228e+02, 2.88345490e+02,
    2.48248245e+02, 2.89499268e+02, 2.51553055e+02, 2.90648804e+02,
    2.53864182e+02, 2.95110229e+02, 2.47195831e+02, 3.04856384e+02,
    2.54397522e+02, 3.07439880e+02, 2.55445953e+02, 3.13537598e+02,
    2.56844330e+02, 3.18444611e+02, 2.58797058e+02, 3.27310822e+02,
    2.44849228e+02, 2.88345490e+02, 2.44849243e+02, 2.88345490e+02,
    2.45283356e+02, 2.94183380e+02, 2.47781174e+02, 2.98403290e+02,
    2.50308502e+02, 3.08970093e+02, 2.50320099e+02, 3.08967651e+02,
    2.49540543e+02, 3.19099548e+02, 2.50775406e+02, 3.25019073e+02,
    2.52193298e+02, 3.32205627e+02, 2.33504105e+02, 2.94463074e+02,
    2.38479645e+02, 2.91359680e+02, 2.39985748e+02, 2.96578369e+02,
    2.36241928e+02, 3.05880096e+02, 2.43627197e+02, 3.11815155e+02,
    2.38038361e+02, 3.15173248e+02, 2.39169159e+02, 3.21378906e+02,
    2.44325882e+02, 3.28372803e+02, 2.45878387e+02, 3.33028534e+02,
    2.33504105e+02, 2.94463013e+02, 2.33504089e+02, 2.94463104e+02,
    2.36241959e+02, 3.05880249e+02, 2.30226288e+02, 3.07785095e+02,
    2.38034348e+02, 3.15176636e+02, 2.39027481e+02, 3.21463959e+02,
    2.37163406e+02, 3.28086578e+02, 2.38295944e+02, 3.31247742e+02,
    2.39259247e+02, 3.38061310e+02, 2.21407043e+02, 3.00280548e+02,
    2.21407028e+02, 3.00280579e+02, 2.28386185e+02, 3.02621918e+02,
    2.23959457e+02, 3.12068512e+02, 2.30832428e+02, 3.12909973e+02,
    2.26315842e+02, 3.21315033e+02, 2.33046738e+02, 3.24932495e+02,
    2.31796127e+02, 3.34588104e+02, 2.32823792e+02, 3.40616333e+02,
    2.21406998e+02, 3.00280579e+02, 2.15522308e+02, 3.03970581e+02,
    2.23959320e+02, 3.12068390e+02, 2.17702362e+02, 3.14581879e+02,
    2.24832520e+02, 3.15471771e+02, 2.22842148e+02, 3.26046021e+02,
    2.24303772e+02, 3.31508575e+02, 2.25251495e+02, 3.37989166e+02,
    2.26321014e+02, 3.42229614e+02, 2.15522263e+02, 3.03970490e+02,
    2.15522308e+02, 3.03970581e+02, 2.17702316e+02, 3.14581787e+02,
    2.11834793e+02, 3.18073303e+02, 2.15950150e+02, 3.23352661e+02,
    2.13663849e+02, 3.28301819e+02, 2.21638092e+02, 3.35367462e+02,
    2.14737518e+02, 3.38336578e+02, 2.20101364e+02, 3.45895447e+02,
    2.10094910e+02, 3.06480530e+02, 2.10094879e+02, 3.06480591e+02,
    2.11834732e+02, 3.18073212e+02, 2.12193375e+02, 3.21198822e+02,
    2.12193451e+02, 3.21198944e+02, 2.15344406e+02, 3.34270477e+02,
    2.14737488e+02, 3.38336517e+02, 2.13375412e+02, 3.49290039e+02,
    2.13375458e+02, 3.49290161e+02 ]
