%YAML:1.0
points: [ 9.44298828e+02, 1.67520798e+02, 9.52236755e+02, 2.19778961e+02,
    9.59989807e+02, 2.72387939e+02, 9.68568420e+02, 3.23909912e+02,
    9.76444763e+02, 3.77658020e+02, 9.85048462e+02, 4.31339935e+02,
    9.93523987e+02, 4.85464233e+02, 1.00206000e+03, 5.40343140e+02,
    1.01068433e+03, 5.96114319e+02, 8.90400024e+02, 1.74832672e+02,
    8.97938110e+02, 2.26340408e+02, 9.06011780e+02, 2.79388000e+02,
    9.13687805e+02, 3.31157318e+02, 9.21835754e+02, 3.85038879e+02,
    9.29828125e+02, 4.38805359e+02, 9.38009888e+02, 4.93104828e+02,
    9.46225464e+02, 5.48579224e+02, 9.54577271e+02, 6.04198547e+02,
    8.36362732e+02, 1.81128342e+02, 8.43892700e+02, 2.33779892e+02,
    8.51519714e+02, 2.86186859e+02, 8.59043762e+02, 3.38640930e+02,
    8.66696838e+02, 3.92542450e+02, 8.74585083e+02, 4.46001068e+02,
    8.82324036e+02, 5.00855103e+02, 8.90336304e+02, 5.56321106e+02,
    8.98382874e+02, 6.12503723e+02, 7.81587891e+02, 1.87977570e+02,
    7.88969177e+02, 2.39911804e+02, 7.96435852e+02, 2.93167908e+02,
    8.03650818e+02, 3.45950409e+02, 8.11434082e+02, 4.00052124e+02,
    8.18474304e+02, 4.53664551e+02, 8.26011414e+02, 5.08439362e+02,
    8.33803345e+02, 5.64375977e+02, 8.41760010e+02, 6.20626038e+02,
    7.26841125e+02, 1.94761917e+02, 7.33557129e+02, 2.46496643e+02,
    7.41105347e+02, 3.00363037e+02, 7.48392578e+02, 3.53828674e+02,
    7.55489868e+02, 4.07637299e+02, 7.62074158e+02, 4.61271332e+02,
    7.69395752e+02, 5.16318237e+02, 7.77010620e+02, 5.72514771e+02,
    7.84685669e+02, 6.29010498e+02, 6.71406128e+02, 2.01456863e+02,
    6.77852173e+02, 2.53148239e+02, 6.85492065e+02, 3.07628296e+02,
    6.92146545e+02, 3.60850220e+02, 6.99232178e+02, 4.15097046e+02,
    7.05529968e+02, 4.69152313e+02, 7.11847473e+02, 5.24488708e+02,
    7.19748047e+02, 5.80732666e+02, 7.27084229e+02, 6.37557007e+02,
    6.15531189e+02, 2.08082611e+02, 6.21234131e+02, 2.59951904e+02,
    6.28838440e+02, 3.14268616e+02, 6.35219360e+02, 3.67909485e+02,
    6.42208679e+02, 4.22591492e+02, 6.48095154e+02, 4.77075165e+02,
    6.54520569e+02, 5.32647583e+02, 6.61912720e+02, 5.89169678e+02,
    6.69108093e+02, 6.46020630e+02, 5.59228271e+02, 2.14443542e+02,
    5.64721497e+02, 2.66385956e+02, 5.71995789e+02, 3.21341339e+02,
    5.78393433e+02, 3.75453857e+02, 5.84743774e+02, 4.29827209e+02,
    5.90291931e+02, 4.84696411e+02, 5.96481873e+02, 5.40734253e+02,
    6.03483398e+02, 5.97584229e+02, 6.10019165e+02, 6.54772827e+02,
    5.02503418e+02, 2.20968613e+02, 5.07487915e+02, 2.73488281e+02,
    5.14522888e+02, 3.28174103e+02, 5.20087341e+02, 3.82217133e+02,
    5.26676270e+02, 4.37430939e+02, 5.31910461e+02, 4.92672516e+02,
    5.38276306e+02, 5.49223816e+02, 5.44469360e+02, 6.06244446e+02,
    5.50988586e+02, 6.63553162e+02, 4.45499054e+02, 2.27739014e+02,
    4.50638550e+02, 2.80791809e+02, 4.56752838e+02, 3.35137238e+02,
    4.62644531e+02, 3.89848206e+02, 4.68220856e+02, 4.45093079e+02,
    4.73765350e+02, 5.00808716e+02, 4.79929077e+02, 5.57437622e+02,
    4.85472656e+02, 6.14571228e+02, 4.91575226e+02, 6.72459900e+02,
    3.89244568e+02, 2.35323090e+02, 3.93999542e+02, 2.88779999e+02,
    3.98734375e+02, 3.42457184e+02, 4.05593140e+02, 3.97956665e+02,
    4.10236725e+02, 4.53109528e+02, 4.15578674e+02, 5.09254028e+02,
    4.21393982e+02, 5.65924622e+02, 4.26514709e+02, 6.23464172e+02,
    4.32927673e+02, 6.81316223e+02 ]
