%YAML:1.0
points: [ 9.43255310e+02, 7.30013306e+02, 9.47531738e+02, 7.44572815e+02,
    9.51084595e+02, 7.56938599e+02, 9.55573608e+02, 7.72343811e+02,
    9.60143250e+02, 7.86815063e+02, 9.64877808e+02, 8.02543152e+02,
    9.69193237e+02, 8.17433960e+02, 9.74402832e+02, 8.34036316e+02,
    9.79431580e+02, 8.50825684e+02, 9.27134583e+02, 7.41045654e+02,
    9.29581055e+02, 7.50353577e+02, 9.33986450e+02, 7.66783936e+02,
    9.37765686e+02, 7.79723816e+02, 9.42306824e+02, 7.95693909e+02,
    9.46568237e+02, 8.11235229e+02, 9.50674438e+02, 8.26919312e+02,
    9.55292603e+02, 8.42845337e+02, 9.60095459e+02, 8.59844543e+02,
    9.09333313e+02, 7.45469788e+02, 9.12619995e+02, 7.59326355e+02,
    9.16334900e+02, 7.73321838e+02, 9.20534851e+02, 7.89548828e+02,
    9.24747742e+02, 8.05257141e+02, 9.28421631e+02, 8.20182312e+02,
    9.32862671e+02, 8.36377441e+02, 9.36598511e+02, 8.52157898e+02,
    9.41447876e+02, 8.69543884e+02, 8.93564270e+02, 7.57861206e+02,
    8.96299683e+02, 7.68350220e+02, 8.99235352e+02, 7.82485657e+02,
    9.02817200e+02, 7.97599243e+02, 9.07196350e+02, 8.14143311e+02,
    9.10751160e+02, 8.29456482e+02, 9.14674011e+02, 8.45741760e+02,
    9.17931152e+02, 8.61509766e+02, 9.22584473e+02, 8.79051697e+02,
    8.76723145e+02, 7.62924805e+02, 8.80341736e+02, 7.81019531e+02,
    8.81996399e+02, 7.90339417e+02, 8.85829102e+02, 8.07598145e+02,
    8.89781677e+02, 8.23385193e+02, 8.92874573e+02, 8.38633545e+02,
    8.96730164e+02, 8.55227783e+02, 8.99699036e+02, 8.70946350e+02,
    9.03862854e+02, 8.88647339e+02, 8.61010193e+02, 7.76591736e+02,
    8.62652283e+02, 7.85141724e+02, 8.65007019e+02, 7.99654114e+02,
    8.68440063e+02, 8.15640137e+02, 8.72252808e+02, 8.32455750e+02,
    8.75294128e+02, 8.47681274e+02, 8.78695679e+02, 8.64336914e+02,
    8.81313538e+02, 8.80439819e+02, 8.85264282e+02, 8.98201721e+02,
    8.43678345e+02, 7.79352051e+02, 8.46227783e+02, 7.96449219e+02,
    8.47940857e+02, 8.07107605e+02, 8.51374512e+02, 8.25220215e+02,
    8.54815674e+02, 8.41585938e+02, 8.57630005e+02, 8.57222900e+02,
    8.60506775e+02, 8.73604248e+02, 8.63073608e+02, 8.89910828e+02,
    8.66528809e+02, 9.07719055e+02, 8.28502686e+02, 7.95371094e+02,
    8.28933533e+02, 7.99609985e+02, 8.31456055e+02, 8.17227661e+02,
    8.33888672e+02, 8.33379761e+02, 8.37395996e+02, 8.50204224e+02,
    8.39441101e+02, 8.65471008e+02, 8.42544434e+02, 8.82697144e+02,
    8.44811523e+02, 8.99488281e+02, 8.47824402e+02, 9.17015808e+02,
    8.10959778e+02, 7.96625610e+02, 8.13026428e+02, 8.13392151e+02,
    8.14624451e+02, 8.25268188e+02, 8.17056763e+02, 8.42559265e+02,
    8.19917847e+02, 8.59904663e+02, 8.21645508e+02, 8.74744446e+02,
    8.24397278e+02, 8.91782410e+02, 8.26845703e+02, 9.09053833e+02,
    8.29084595e+02, 9.26526062e+02, 7.95353638e+02, 8.10058594e+02,
    7.96432800e+02, 8.19270935e+02, 7.98161072e+02, 8.35699646e+02,
    7.99996765e+02, 8.50493103e+02, 8.02435425e+02, 8.67828430e+02,
    8.03769775e+02, 8.83121948e+02, 8.06622314e+02, 9.01036621e+02,
    8.08348633e+02, 9.17897034e+02, 8.10751526e+02, 9.35970825e+02,
    7.78498230e+02, 8.13270569e+02, 7.80068115e+02, 8.30830566e+02,
    7.81425232e+02, 8.43107361e+02, 7.83273804e+02, 8.60682800e+02,
    7.85254456e+02, 8.77129333e+02, 7.86209045e+02, 8.92834839e+02,
    7.88772766e+02, 9.10385620e+02, 7.90326111e+02, 9.27509583e+02,
    7.91885315e+02, 9.45351379e+02 ]
