%YAML:1.0
points: [ 1.02007935e+03, 2.21483353e+02, 1.02791675e+03, 2.62497528e+02,
    1.03499866e+03, 3.03785797e+02, 1.04278015e+03, 3.44786530e+02,
    1.04976123e+03, 3.85771942e+02, 1.05664478e+03, 4.26593079e+02,
    1.06480737e+03, 4.66781708e+02, 1.07146411e+03, 5.07425446e+02,
    1.07851904e+03, 5.47604065e+02, 9.83119995e+02, 2.24051193e+02,
    9.91026550e+02, 2.65844635e+02, 9.98233093e+02, 3.07851105e+02,
    1.00617157e+03, 3.49371002e+02, 1.01333685e+03, 3.91132629e+02,
    1.02041583e+03, 4.32415253e+02, 1.02816663e+03, 4.73481842e+02,
    1.03585779e+03, 5.14342957e+02, 1.04316003e+03, 5.55342285e+02,
    9.44594360e+02, 2.27081161e+02, 9.52467957e+02, 2.69659271e+02,
    9.60380127e+02, 3.11878418e+02, 9.68140869e+02, 3.54367554e+02,
    9.75084351e+02, 3.96706818e+02, 9.82974609e+02, 4.38460327e+02,
    9.90207642e+02, 4.80404297e+02, 9.98585388e+02, 5.21781677e+02,
    1.00529376e+03, 5.63369812e+02, 9.04378540e+02, 2.30270157e+02,
    9.12261902e+02, 2.73566895e+02, 9.20893982e+02, 3.16338165e+02,
    9.28562256e+02, 3.59386810e+02, 9.35743591e+02, 4.02505585e+02,
    9.43442627e+02, 4.44923431e+02, 9.51056519e+02, 4.87386566e+02,
    9.60062500e+02, 5.29364990e+02, 9.66740417e+02, 5.71535889e+02,
    8.62861328e+02, 2.33933136e+02, 8.71115540e+02, 2.77566772e+02,
    8.80190674e+02, 3.20768494e+02, 8.87643921e+02, 3.64752136e+02,
    8.95133301e+02, 4.08292572e+02, 9.03103088e+02, 4.51468384e+02,
    9.10939880e+02, 4.94541687e+02, 9.19717712e+02, 5.37366638e+02,
    9.26906433e+02, 5.80037842e+02, 8.20189087e+02, 2.37238419e+02,
    8.28738647e+02, 2.81607819e+02, 8.37718323e+02, 3.25554810e+02,
    8.45651672e+02, 3.70181763e+02, 8.53207092e+02, 4.14414520e+02,
    8.61343140e+02, 4.58345978e+02, 8.69560364e+02, 5.02115784e+02,
    8.78452698e+02, 5.45359802e+02, 8.85867493e+02, 5.88686829e+02,
    7.75850220e+02, 2.40701111e+02, 7.85067749e+02, 2.85934692e+02,
    7.94214966e+02, 3.30307190e+02, 8.02361145e+02, 3.75766510e+02,
    8.10090088e+02, 4.20759888e+02, 8.18546265e+02, 4.65399933e+02,
    8.26931641e+02, 5.09500031e+02, 8.35648621e+02, 5.53742004e+02,
    8.43590149e+02, 5.97674011e+02, 7.30529175e+02, 2.44414459e+02,
    7.39713013e+02, 2.89845917e+02, 7.48861328e+02, 3.35497131e+02,
    7.57554749e+02, 3.81524261e+02, 7.65687195e+02, 4.27379578e+02,
    7.74614197e+02, 4.72265320e+02, 7.82952942e+02, 5.17652832e+02,
    7.91746216e+02, 5.62197083e+02, 8.00397400e+02, 6.07081909e+02,
    6.83390930e+02, 2.47786469e+02, 6.92633362e+02, 2.94281891e+02,
    7.02026489e+02, 3.40775970e+02, 7.11064819e+02, 3.87448883e+02,
    7.19624146e+02, 4.33856415e+02, 7.28841919e+02, 4.79721466e+02,
    7.37551514e+02, 5.25578186e+02, 7.46324951e+02, 5.71271667e+02,
    7.55311035e+02, 6.16580750e+02, 6.34812622e+02, 2.51433517e+02,
    6.44302124e+02, 2.98914703e+02, 6.53866577e+02, 3.46391571e+02,
    6.63263855e+02, 3.93448517e+02, 6.72350403e+02, 4.40647369e+02,
    6.81857117e+02, 4.87233154e+02, 6.90739868e+02, 5.34028259e+02,
    6.99909729e+02, 5.80322144e+02, 7.08647278e+02, 6.26428467e+02,
    5.84392700e+02, 2.55324951e+02, 5.94207703e+02, 3.03603119e+02,
    6.03837219e+02, 3.51841278e+02, 6.13410278e+02, 3.99992889e+02,
    6.22956299e+02, 4.47830231e+02, 6.32594543e+02, 4.95307983e+02,
    6.41624084e+02, 5.42710205e+02, 6.50994507e+02, 5.89877808e+02,
    6.60469482e+02, 6.36734863e+02 ]
