%YAML:1.0
points: [ 3.13116394e+02, 9.89409103e+01, 3.15710236e+02, 1.13289574e+02,
    3.17924652e+02, 1.27791855e+02, 3.20332184e+02, 1.41961105e+02,
    3.22697083e+02, 1.56355957e+02, 3.24703857e+02, 1.70510422e+02,
    3.27495331e+02, 1.84633881e+02, 3.29660248e+02, 1.98618088e+02,
    3.31893341e+02, 2.12660156e+02, 3.00858307e+02, 9.96639633e+01,
    3.03417938e+02, 1.14370331e+02, 3.05672821e+02, 1.29106323e+02,
    3.08242065e+02, 1.43705444e+02, 3.10513885e+02, 1.58131134e+02,
    3.12696259e+02, 1.72565201e+02, 3.15258789e+02, 1.86822845e+02,
    3.17744598e+02, 2.01116898e+02, 3.19937653e+02, 2.15246170e+02,
    2.87972626e+02, 1.00789391e+02, 2.90512848e+02, 1.15602570e+02,
    2.93105286e+02, 1.30455612e+02, 2.95540039e+02, 1.45276047e+02,
    2.97698914e+02, 1.60078156e+02, 3.00312714e+02, 1.74587006e+02,
    3.02484344e+02, 1.89198532e+02, 3.05397369e+02, 2.03528625e+02,
    3.07420807e+02, 2.17928162e+02, 2.74599792e+02, 1.01904381e+02,
    2.77156647e+02, 1.17122330e+02, 2.79946960e+02, 1.31999771e+02,
    2.82366547e+02, 1.46994873e+02, 2.84551697e+02, 1.62001221e+02,
    2.87008209e+02, 1.76808884e+02, 2.89453247e+02, 1.91556549e+02,
    2.92525146e+02, 2.06113815e+02, 2.94620453e+02, 2.20676819e+02,
    2.60648834e+02, 1.03113083e+02, 2.63398346e+02, 1.18341316e+02,
    2.66365662e+02, 1.33429810e+02, 2.68794922e+02, 1.48780975e+02,
    2.71110901e+02, 1.64057648e+02, 2.73734131e+02, 1.78920364e+02,
    2.76206787e+02, 1.93932663e+02, 2.79198303e+02, 2.08669754e+02,
    2.81351593e+02, 2.23523453e+02, 2.46453934e+02, 1.04218826e+02,
    2.49312134e+02, 1.19784157e+02, 2.52373550e+02, 1.35034958e+02,
    2.54841034e+02, 1.50650620e+02, 2.57144287e+02, 1.66122055e+02,
    2.59785370e+02, 1.81279160e+02, 2.62385712e+02, 1.96409592e+02,
    2.65387817e+02, 2.11374619e+02, 2.67762939e+02, 2.26405594e+02,
    2.31816483e+02, 1.05310188e+02, 2.34738571e+02, 1.21151756e+02,
    2.37903992e+02, 1.36679062e+02, 2.40498657e+02, 1.52521500e+02,
    2.42857651e+02, 1.68222702e+02, 2.45604248e+02, 1.83616425e+02,
    2.48291275e+02, 1.98950928e+02, 2.51284912e+02, 2.14209549e+02,
    2.53762726e+02, 2.29430206e+02, 2.16703629e+02, 1.06588791e+02,
    2.19829880e+02, 1.22392479e+02, 2.22865509e+02, 1.38399002e+02,
    2.25602966e+02, 1.54404449e+02, 2.28194519e+02, 1.70298889e+02,
    2.31098114e+02, 1.85901108e+02, 2.33765518e+02, 2.01547760e+02,
    2.36636200e+02, 2.17039536e+02, 2.39418381e+02, 2.32466156e+02,
    2.01097382e+02, 1.07714355e+02, 2.04212692e+02, 1.23844643e+02,
    2.07303772e+02, 1.40184158e+02, 2.10195633e+02, 1.56310669e+02,
    2.12910934e+02, 1.72489319e+02, 2.16021103e+02, 1.88298050e+02,
    2.18769241e+02, 2.04307343e+02, 2.21633209e+02, 2.20033707e+02,
    2.24484207e+02, 2.35748993e+02, 1.85007339e+02, 1.08730064e+02,
    1.88171875e+02, 1.25556190e+02, 1.91245377e+02, 1.41961411e+02,
    1.94279114e+02, 1.58446793e+02, 1.97300629e+02, 1.74661163e+02,
    2.00409775e+02, 1.90846375e+02, 2.03216461e+02, 2.07014847e+02,
    2.06303711e+02, 2.23165359e+02, 2.09144974e+02, 2.39050720e+02,
    1.68200989e+02, 1.10015221e+02, 1.71534225e+02, 1.26918991e+02,
    1.74733521e+02, 1.43761246e+02, 1.77751511e+02, 1.60419861e+02,
    1.80886520e+02, 1.77006546e+02, 1.84226822e+02, 1.93356400e+02,
    1.87017319e+02, 2.09887054e+02, 1.90143539e+02, 2.26248627e+02,
    1.93191864e+02, 2.42609390e+02 ]
