%YAML:1.0
points: [ 7.61692322e+02, 7.80948563e+01, 7.71462463e+02, 1.09317879e+02,
    7.80706177e+02, 1.38975906e+02, 7.89638611e+02, 1.68412552e+02,
    7.97838684e+02, 1.94965881e+02, 8.06068176e+02, 2.21208878e+02,
    8.13672546e+02, 2.46091537e+02, 8.21220276e+02, 2.70064026e+02,
    8.28158691e+02, 2.92451416e+02, 7.29442627e+02, 8.64192581e+01,
    7.39936279e+02, 1.17800308e+02, 7.49702393e+02, 1.47031982e+02,
    7.59498657e+02, 1.76376724e+02, 7.68542053e+02, 2.02961609e+02,
    7.77294556e+02, 2.29047516e+02, 7.85517090e+02, 2.53715302e+02,
    7.93515564e+02, 2.77218933e+02, 8.01196777e+02, 3.00083405e+02,
    6.96999878e+02, 9.47148743e+01, 7.08328918e+02, 1.25466125e+02,
    7.19027954e+02, 1.55164688e+02, 7.29421326e+02, 1.84051788e+02,
    7.39094055e+02, 2.10495041e+02, 7.48563416e+02, 2.36848679e+02,
    7.57519104e+02, 2.61543060e+02, 7.66160583e+02, 2.85118988e+02,
    7.74264343e+02, 3.07111755e+02, 6.64477783e+02, 1.03154022e+02,
    6.76548523e+02, 1.34104034e+02, 6.87850220e+02, 1.63048996e+02,
    6.99118958e+02, 1.91591141e+02, 7.09535645e+02, 2.18279556e+02,
    7.19650635e+02, 2.44637451e+02, 7.29369629e+02, 2.69519684e+02,
    7.38394043e+02, 2.92462280e+02, 7.47004517e+02, 3.14213318e+02,
    6.31794189e+02, 1.11473457e+02, 6.44685974e+02, 1.42519104e+02,
    6.56773132e+02, 1.70947189e+02, 6.68526550e+02, 1.98901413e+02,
    6.79689392e+02, 2.25572449e+02, 6.90585632e+02, 2.52418961e+02,
    7.00835449e+02, 2.77256500e+02, 7.10519287e+02, 2.99579132e+02,
    7.19844055e+02, 3.21431122e+02, 5.98933228e+02, 1.19743286e+02,
    6.12655029e+02, 1.50783417e+02, 6.25657166e+02, 1.78892044e+02,
    6.38176575e+02, 2.06951294e+02, 6.50121155e+02, 2.33525009e+02,
    6.61586548e+02, 2.59942413e+02, 6.72413452e+02, 2.84683105e+02,
    6.82775574e+02, 3.07170227e+02, 6.92615662e+02, 3.28855194e+02,
    5.66296997e+02, 1.28308014e+02, 5.80504456e+02, 1.59416016e+02,
    5.94355408e+02, 1.87310623e+02, 6.07534790e+02, 2.15212524e+02,
    6.20135803e+02, 2.41308868e+02, 6.32215820e+02, 2.67451324e+02,
    6.43759033e+02, 2.92020325e+02, 6.54689026e+02, 3.14347107e+02,
    6.65206665e+02, 3.35953339e+02, 5.33287781e+02, 1.36800156e+02,
    5.48415588e+02, 1.67703751e+02, 5.63106812e+02, 1.95530579e+02,
    5.76980103e+02, 2.22952515e+02, 5.90287292e+02, 2.49393448e+02,
    6.03152039e+02, 2.75367432e+02, 6.15096741e+02, 2.99405182e+02,
    6.26667297e+02, 3.21739471e+02, 6.37838074e+02, 3.43733765e+02,
    5.00424194e+02, 1.45289154e+02, 5.16288574e+02, 1.75945663e+02,
    5.31593140e+02, 2.03654846e+02, 5.46357727e+02, 2.31486923e+02,
    5.60356140e+02, 2.57350677e+02, 5.73522583e+02, 2.82735535e+02,
    5.86570679e+02, 3.06822144e+02, 5.98716370e+02, 3.29372772e+02,
    6.10416016e+02, 3.50862579e+02, 4.67411896e+02, 1.53890488e+02,
    4.84110168e+02, 1.83885452e+02, 5.00243134e+02, 2.12310730e+02,
    5.15635925e+02, 2.39071136e+02, 5.30284241e+02, 2.65309540e+02,
    5.44311340e+02, 2.90236847e+02, 5.57695496e+02, 3.13625580e+02,
    5.70599915e+02, 3.36506012e+02, 5.82906006e+02, 3.57963837e+02,
    4.34387848e+02, 1.61798523e+02, 4.51816956e+02, 1.91607178e+02,
    4.68635376e+02, 2.20191879e+02, 4.84820740e+02, 2.46423218e+02,
    5.00050476e+02, 2.72451324e+02, 5.14851868e+02, 2.97359711e+02,
    5.28916687e+02, 3.20590515e+02, 5.42437378e+02, 3.43370544e+02,
    5.55490784e+02, 3.64452240e+02 ]
