%YAML:1.0
points: [ 1.47575159e+03, 6.64134033e+02, 1.42938684e+03, 6.62981140e+02,
    1.38533289e+03, 6.61351807e+02, 1.34303833e+03, 6.60197144e+02,
    1.30257617e+03, 6.58887573e+02, 1.26447290e+03, 6.57372620e+02,
    1.22708679e+03, 6.56593018e+02, 1.19185803e+03, 6.55299438e+02,
    1.15836926e+03, 6.54281311e+02, 1.47257922e+03, 6.22636841e+02,
    1.42626953e+03, 6.22372498e+02, 1.38174854e+03, 6.21667786e+02,
    1.33940967e+03, 6.21393982e+02, 1.29918115e+03, 6.20772888e+02,
    1.26063330e+03, 6.20123352e+02, 1.22350488e+03, 6.19864136e+02,
    1.18805481e+03, 6.19694641e+02, 1.15430225e+03, 6.19217102e+02,
    1.46970190e+03, 5.80456177e+02, 1.42316833e+03, 5.80961487e+02,
    1.37863684e+03, 5.81598145e+02, 1.33623523e+03, 5.82020203e+02,
    1.29608118e+03, 5.82167053e+02, 1.25737793e+03, 5.82602661e+02,
    1.22049146e+03, 5.82765015e+02, 1.18448877e+03, 5.83583557e+02,
    1.15111279e+03, 5.83588440e+02, 1.46679993e+03, 5.37877563e+02,
    1.42039197e+03, 5.39288330e+02, 1.37546533e+03, 5.40921509e+02,
    1.33297058e+03, 5.42270447e+02, 1.29300256e+03, 5.43339417e+02,
    1.25449500e+03, 5.44512634e+02, 1.21741052e+03, 5.45638062e+02,
    1.18109106e+03, 5.47177368e+02, 1.14780969e+03, 5.48069519e+02,
    1.46428833e+03, 4.94716583e+02, 1.41743604e+03, 4.97364655e+02,
    1.37236719e+03, 5.00086395e+02, 1.33016174e+03, 5.02206299e+02,
    1.29011340e+03, 5.04003662e+02, 1.25123535e+03, 5.06347137e+02,
    1.21419812e+03, 5.08228455e+02, 1.17794336e+03, 5.10406250e+02,
    1.14449902e+03, 5.11998077e+02, 1.46151086e+03, 4.51383942e+02,
    1.41453735e+03, 4.55059479e+02, 1.36942334e+03, 4.58652740e+02,
    1.32712842e+03, 4.61641876e+02, 1.28694250e+03, 4.64688995e+02,
    1.24825781e+03, 4.67482849e+02, 1.21127783e+03, 4.70442596e+02,
    1.17469263e+03, 4.73296600e+02, 1.14116162e+03, 4.75761414e+02,
    1.45888220e+03, 4.07606567e+02, 1.41172058e+03, 4.12378998e+02,
    1.36627161e+03, 4.16988220e+02, 1.32364868e+03, 4.21125214e+02,
    1.28409338e+03, 4.24883362e+02, 1.24490820e+03, 4.28807800e+02,
    1.20770166e+03, 4.32484253e+02, 1.17141467e+03, 4.35844604e+02,
    1.13781934e+03, 4.39287109e+02, 1.45623621e+03, 3.63624298e+02,
    1.40878943e+03, 3.69400696e+02, 1.36363550e+03, 3.74868439e+02,
    1.32102258e+03, 3.80075195e+02, 1.28071631e+03, 3.85000366e+02,
    1.24150208e+03, 3.89662292e+02, 1.20434155e+03, 3.94140839e+02,
    1.16842749e+03, 3.98427429e+02, 1.13410986e+03, 4.02604095e+02,
    1.45359753e+03, 3.19093018e+02, 1.40613586e+03, 3.25790649e+02,
    1.36089722e+03, 3.32493286e+02, 1.31801965e+03, 3.38645721e+02,
    1.27763855e+03, 3.44543518e+02, 1.23802783e+03, 3.50239990e+02,
    1.20113440e+03, 3.55516449e+02, 1.16519373e+03, 3.60640900e+02,
    1.13063904e+03, 3.65466919e+02, 1.45082898e+03, 2.74582062e+02,
    1.40366638e+03, 2.82344269e+02, 1.35840845e+03, 2.89811951e+02,
    1.31537622e+03, 2.97150055e+02, 1.27443799e+03, 3.03854004e+02,
    1.23466077e+03, 3.10477051e+02, 1.19784863e+03, 3.16783051e+02,
    1.16157629e+03, 3.22764587e+02, 1.12747546e+03, 3.28424896e+02,
    1.44835742e+03, 2.29219406e+02, 1.40081750e+03, 2.38332687e+02,
    1.35549377e+03, 2.46683670e+02, 1.31258679e+03, 2.55107132e+02,
    1.27127661e+03, 2.62776611e+02, 1.23157361e+03, 2.70342285e+02,
    1.19474854e+03, 2.77458649e+02, 1.15852502e+03, 2.84258392e+02,
    1.12354041e+03, 2.90739471e+02 ]
