%YAML:1.0
points: [ 3.09067810e+02, 1.43103088e+02, 3.09067841e+02, 1.43103104e+02,
    3.13396393e+02, 1.44606720e+02, 3.19867432e+02, 1.46018829e+02,
    3.24627258e+02, 1.47808411e+02, 3.38899841e+02, 1.51865372e+02,
    3.38900024e+02, 1.51865402e+02, 3.46481720e+02, 1.54058136e+02,
    3.52541260e+02, 1.55882996e+02, 3.06602875e+02, 1.50827652e+02,
    3.06602905e+02, 1.50827652e+02, 3.11633820e+02, 1.52481110e+02,
    3.22577576e+02, 1.56006714e+02, 3.22577606e+02, 1.56006729e+02,
    3.28215057e+02, 1.57916489e+02, 3.34747437e+02, 1.59589493e+02,
    3.42593964e+02, 1.62610611e+02, 3.50140839e+02, 1.64742874e+02,
    3.04327209e+02, 1.58435730e+02, 3.04327209e+02, 1.58435730e+02,
    3.09527649e+02, 1.60563004e+02, 3.14982697e+02, 1.62226089e+02,
    3.20349243e+02, 1.64163391e+02, 3.25356689e+02, 1.65798630e+02,
    3.31872437e+02, 1.68231613e+02, 3.38903229e+02, 1.70569763e+02,
    3.44226715e+02, 1.72340256e+02, 3.02138580e+02, 1.66284943e+02,
    3.02138611e+02, 1.66284958e+02, 3.07702057e+02, 1.68220032e+02,
    3.12931976e+02, 1.70134323e+02, 3.23476349e+02, 1.74200058e+02,
    3.23476410e+02, 1.74200073e+02, 3.29066071e+02, 1.76203033e+02,
    3.34891022e+02, 1.78473267e+02, 3.45023712e+02, 1.82204102e+02,
    3.00076233e+02, 1.73583694e+02, 3.00076263e+02, 1.73583710e+02,
    3.05478027e+02, 1.76007568e+02, 3.10694275e+02, 1.77910965e+02,
    3.21309814e+02, 1.82098221e+02, 3.21309845e+02, 1.82098236e+02,
    3.26843048e+02, 1.84333664e+02, 3.32865845e+02, 1.86681732e+02,
    3.41941345e+02, 1.90608368e+02, 2.98051758e+02, 1.81559067e+02,
    2.98051819e+02, 1.81559036e+02, 3.03175537e+02, 1.83149734e+02,
    3.08826172e+02, 1.85864304e+02, 3.19216217e+02, 1.90228699e+02,
    3.19216248e+02, 1.90228714e+02, 3.24256989e+02, 1.92363983e+02,
    3.29909393e+02, 1.94872040e+02, 3.39740082e+02, 1.98963074e+02,
    2.96033478e+02, 1.88469238e+02, 2.96033508e+02, 1.88469223e+02,
    3.01006042e+02, 1.90764572e+02, 3.06294556e+02, 1.93315216e+02,
    3.16816681e+02, 1.97949203e+02, 3.16816711e+02, 1.97949219e+02,
    3.23319641e+02, 2.00733490e+02, 3.26959686e+02, 2.02681885e+02,
    3.36916443e+02, 2.07304962e+02, 2.93890991e+02, 1.96382126e+02,
    2.93890961e+02, 1.96382141e+02, 2.99157379e+02, 1.97901932e+02,
    3.09102020e+02, 2.03059967e+02, 3.14728058e+02, 2.05819351e+02,
    3.14728088e+02, 2.05819366e+02, 3.20813293e+02, 2.08708221e+02,
    3.28436737e+02, 2.12455109e+02, 3.34830231e+02, 2.15338242e+02,
    2.92477173e+02, 2.03407959e+02, 2.92477173e+02, 2.03407959e+02,
    3.02857178e+02, 2.08388535e+02, 3.02857178e+02, 2.08388519e+02,
    3.12795654e+02, 2.13437729e+02, 3.12795685e+02, 2.13437744e+02,
    3.18713348e+02, 2.16498459e+02, 3.21319336e+02, 2.18000443e+02,
    3.31819519e+02, 2.23527206e+02, 2.90821014e+02, 2.10380615e+02,
    2.90820953e+02, 2.10380630e+02, 3.00625336e+02, 2.15405548e+02,
    3.00625305e+02, 2.15405533e+02, 3.04294434e+02, 2.18153015e+02,
    3.10629639e+02, 2.21249527e+02, 3.20350739e+02, 2.26587463e+02,
    3.20350800e+02, 2.26587479e+02, 3.29588898e+02, 2.31362488e+02,
    2.89288666e+02, 2.17027023e+02, 2.89288666e+02, 2.17027023e+02,
    2.93271576e+02, 2.19537933e+02, 2.98848907e+02, 2.22828033e+02,
    3.08770111e+02, 2.28518661e+02, 3.08770142e+02, 2.28518646e+02,
    3.17969299e+02, 2.34004623e+02, 3.27133118e+02, 2.39438889e+02,
    3.27133118e+02, 2.39438889e+02 ]
