%YAML:1.0
points: [ 3.12786407e+02, 1.28182831e+02, 3.20861664e+02, 1.31937088e+02,
    3.28869873e+02, 1.35877167e+02, 3.36887665e+02, 1.39752655e+02,
    3.44946899e+02, 1.43658920e+02, 3.52846405e+02, 1.47606979e+02,
    3.61054871e+02, 1.51336594e+02, 3.68868011e+02, 1.55260666e+02,
    3.76796936e+02, 1.59195938e+02, 3.09202301e+02, 1.35937103e+02,
    3.17272034e+02, 1.39813873e+02, 3.25312592e+02, 1.43727402e+02,
    3.33381775e+02, 1.47621964e+02, 3.41379913e+02, 1.51539429e+02,
    3.49360687e+02, 1.55405807e+02, 3.57385040e+02, 1.59307312e+02,
    3.65425568e+02, 1.63239471e+02, 3.73387024e+02, 1.67112549e+02,
    3.05472137e+02, 1.43842712e+02, 3.13600372e+02, 1.47776230e+02,
    3.21746277e+02, 1.51593109e+02, 3.29830078e+02, 1.55516190e+02,
    3.37755127e+02, 1.59552078e+02, 3.45861938e+02, 1.63358673e+02,
    3.53819733e+02, 1.67308517e+02, 3.62081635e+02, 1.71131180e+02,
    3.69936432e+02, 1.75043198e+02, 3.01746582e+02, 1.51908157e+02,
    3.09896637e+02, 1.55797546e+02, 3.18103210e+02, 1.59578690e+02,
    3.26167938e+02, 1.63536652e+02, 3.34077209e+02, 1.67516998e+02,
    3.42132080e+02, 1.71368454e+02, 3.50263977e+02, 1.75319717e+02,
    3.58465332e+02, 1.79137741e+02, 3.66330475e+02, 1.83099747e+02,
    2.98055725e+02, 1.59943573e+02, 3.06203430e+02, 1.63789337e+02,
    3.14396942e+02, 1.67610031e+02, 3.22387665e+02, 1.71599808e+02,
    3.30398956e+02, 1.75589981e+02, 3.38464417e+02, 1.79440491e+02,
    3.46574860e+02, 1.83400803e+02, 3.54830444e+02, 1.87183853e+02,
    3.62770844e+02, 1.91165298e+02, 2.94254639e+02, 1.68000977e+02,
    3.02420441e+02, 1.71985229e+02, 3.10655396e+02, 1.75752716e+02,
    3.18745758e+02, 1.79696228e+02, 3.26712189e+02, 1.83675766e+02,
    3.34804474e+02, 1.87501572e+02, 3.42959106e+02, 1.91456940e+02,
    3.51279388e+02, 1.95242859e+02, 3.59194214e+02, 1.99234726e+02,
    2.90452637e+02, 1.76176987e+02, 2.98671661e+02, 1.80055878e+02,
    3.06964600e+02, 1.83811646e+02, 3.15056488e+02, 1.87786453e+02,
    3.23051331e+02, 1.91816971e+02, 3.31179718e+02, 1.95708313e+02,
    3.39325195e+02, 1.99591415e+02, 3.47509918e+02, 2.03438141e+02,
    3.55602844e+02, 2.07363129e+02, 2.86677887e+02, 1.84293442e+02,
    2.94925385e+02, 1.88142197e+02, 3.03162994e+02, 1.92014069e+02,
    3.11290588e+02, 1.95990494e+02, 3.19411407e+02, 1.99970551e+02,
    3.27591919e+02, 2.03818359e+02, 3.35715576e+02, 2.07776169e+02,
    3.43923492e+02, 2.11582703e+02, 3.52072205e+02, 2.15538300e+02,
    2.82888153e+02, 1.92412125e+02, 2.91155151e+02, 1.96269577e+02,
    2.99346313e+02, 2.00265167e+02, 3.07470825e+02, 2.04208847e+02,
    3.15667511e+02, 2.08180054e+02, 3.23919708e+02, 2.12078979e+02,
    3.32120209e+02, 2.16063446e+02, 3.40235840e+02, 2.19904312e+02,
    3.48446960e+02, 2.23797363e+02, 2.79098572e+02, 2.00536301e+02,
    2.87286865e+02, 2.04496185e+02, 2.95572357e+02, 2.08428833e+02,
    3.03775421e+02, 2.12350418e+02, 3.11982208e+02, 2.16324661e+02,
    3.20273010e+02, 2.20205200e+02, 3.28366425e+02, 2.24196609e+02,
    3.36719391e+02, 2.28085236e+02, 3.44834747e+02, 2.32021317e+02,
    2.75250061e+02, 2.08809128e+02, 2.83478699e+02, 2.12830658e+02,
    2.91844666e+02, 2.16726852e+02, 2.99928802e+02, 2.20663559e+02,
    3.08203827e+02, 2.24634460e+02, 3.16501526e+02, 2.28557236e+02,
    3.24699890e+02, 2.32516510e+02, 3.32903320e+02, 2.36421677e+02,
    3.41231110e+02, 2.40281906e+02 ]
