%YAML:1.0
points: [ 4.06694489e+02, 2.13861771e+02, 3.97127350e+02, 2.13633133e+02,
    3.87856293e+02, 2.12979675e+02, 3.78906616e+02, 2.12742737e+02,
    3.70504211e+02, 2.12313995e+02, 3.62029663e+02, 2.11822937e+02,
    3.53823853e+02, 2.11595535e+02, 3.46225342e+02, 2.11085419e+02,
    3.38675995e+02, 2.10734451e+02, 4.06631744e+02, 2.04698532e+02,
    3.96810638e+02, 2.04452682e+02, 3.87719055e+02, 2.03962433e+02,
    3.78769867e+02, 2.03823242e+02, 3.70013580e+02, 2.03620285e+02,
    3.61808746e+02, 2.03306259e+02, 3.53724640e+02, 2.02863205e+02,
    3.45815308e+02, 2.02684143e+02, 3.38352936e+02, 2.02683975e+02,
    4.06642700e+02, 1.95305038e+02, 3.96781097e+02, 1.95029358e+02,
    3.87691742e+02, 1.94900528e+02, 3.78709503e+02, 1.94776260e+02,
    3.69910736e+02, 1.94643661e+02, 3.61682343e+02, 1.94684402e+02,
    3.53645142e+02, 1.94594696e+02, 3.45663239e+02, 1.94497879e+02,
    3.38034058e+02, 1.94256042e+02, 4.06503418e+02, 1.85738708e+02,
    3.96777527e+02, 1.85744324e+02, 3.87546539e+02, 1.85716736e+02,
    3.78625214e+02, 1.85782333e+02, 3.69854584e+02, 1.85799423e+02,
    3.61729279e+02, 1.85840378e+02, 3.53555206e+02, 1.85817551e+02,
    3.45403595e+02, 1.85876938e+02, 3.37825531e+02, 1.85895187e+02,
    4.06625214e+02, 1.76215317e+02, 3.96758636e+02, 1.76559784e+02,
    3.87335144e+02, 1.76804901e+02, 3.78571869e+02, 1.76769867e+02,
    3.69799164e+02, 1.76824234e+02, 3.61572021e+02, 1.77036057e+02,
    3.53371552e+02, 1.77287094e+02, 3.45210083e+02, 1.77584274e+02,
    3.37799377e+02, 1.77753357e+02, 4.06547150e+02, 1.66690659e+02,
    3.96785950e+02, 1.66744888e+02, 3.87221558e+02, 1.67144272e+02,
    3.78378235e+02, 1.67679382e+02, 3.69779755e+02, 1.67830521e+02,
    3.61503693e+02, 1.68271408e+02, 3.53184479e+02, 1.68714294e+02,
    3.44924011e+02, 1.68821899e+02, 3.37710693e+02, 1.69105576e+02,
    4.06560974e+02, 1.56843033e+02, 3.96770264e+02, 1.57461090e+02,
    3.87059143e+02, 1.57856400e+02, 3.78135376e+02, 1.58427887e+02,
    3.69716522e+02, 1.58789841e+02, 3.61293518e+02, 1.59387970e+02,
    3.52947449e+02, 1.59790817e+02, 3.44864990e+02, 1.60213684e+02,
    3.37460358e+02, 1.60764389e+02, 4.06529175e+02, 1.47033722e+02,
    3.96715057e+02, 1.47765060e+02, 3.86962067e+02, 1.48543655e+02,
    3.78051208e+02, 1.49139130e+02, 3.69675873e+02, 1.49839142e+02,
    3.60963684e+02, 1.50616867e+02, 3.52787750e+02, 1.51024277e+02,
    3.44803497e+02, 1.51660919e+02, 3.37080200e+02, 1.52158630e+02,
    4.06409210e+02, 1.37277237e+02, 3.96674255e+02, 1.38123627e+02,
    3.86998901e+02, 1.38935593e+02, 3.77962494e+02, 1.39755524e+02,
    3.69581726e+02, 1.40586990e+02, 3.60756897e+02, 1.41362442e+02,
    3.52711823e+02, 1.42135483e+02, 3.44737579e+02, 1.42907684e+02,
    3.36845245e+02, 1.43658997e+02, 4.06273834e+02, 1.27576859e+02,
    3.96688110e+02, 1.28611069e+02, 3.87042511e+02, 1.29540695e+02,
    3.77944977e+02, 1.30410431e+02, 3.69318512e+02, 1.31394608e+02,
    3.60706268e+02, 1.32369141e+02, 3.52675629e+02, 1.33301361e+02,
    3.44590912e+02, 1.34201065e+02, 3.36790405e+02, 1.35017609e+02,
    4.06276306e+02, 1.17543259e+02, 3.96614166e+02, 1.18743858e+02,
    3.86913208e+02, 1.19995216e+02, 3.77904358e+02, 1.21143700e+02,
    3.69104279e+02, 1.22132736e+02, 3.60623016e+02, 1.23073532e+02,
    3.52501129e+02, 1.24277107e+02, 3.44426086e+02, 1.25314720e+02,
    3.36619232e+02, 1.26298798e+02 ]
