%YAML:1.0
points: [ 4.63650238e+02, 3.97293884e+02, 4.91053802e+02, 4.07335938e+02,
    5.18294617e+02, 4.17353271e+02, 5.44476624e+02, 4.27540802e+02,
    5.71418762e+02, 4.37353821e+02, 5.97867737e+02, 4.47305573e+02,
    6.23979187e+02, 4.57026764e+02, 6.50046021e+02, 4.66715363e+02,
    6.76050720e+02, 4.76436584e+02, 4.55880280e+02, 4.22755646e+02,
    4.82795898e+02, 4.32834259e+02, 5.10008728e+02, 4.42686005e+02,
    5.36329163e+02, 4.52753326e+02, 5.63225586e+02, 4.62539795e+02,
    5.89401001e+02, 4.72340576e+02, 6.15519958e+02, 4.81898071e+02,
    6.41564941e+02, 4.91466949e+02, 6.67358765e+02, 5.00986816e+02,
    4.47857483e+02, 4.48239502e+02, 4.75110321e+02, 4.58011139e+02,
    5.01807434e+02, 4.67818115e+02, 5.28279602e+02, 4.77694824e+02,
    5.55005432e+02, 4.87291077e+02, 5.80864319e+02, 4.96943481e+02,
    6.06872009e+02, 5.06566986e+02, 6.32876404e+02, 5.16069824e+02,
    6.58750183e+02, 5.25261169e+02, 4.40229492e+02, 4.73411133e+02,
    4.66995789e+02, 4.83208191e+02, 4.93905579e+02, 4.92725800e+02,
    5.20298706e+02, 5.02515717e+02, 5.46745667e+02, 5.11840881e+02,
    5.72460693e+02, 5.21643860e+02, 5.98272644e+02, 5.31245178e+02,
    6.24411499e+02, 5.40447510e+02, 6.50288330e+02, 5.49438110e+02,
    4.32640808e+02, 4.98410461e+02, 4.58934387e+02, 5.08065186e+02,
    4.86054260e+02, 5.17460754e+02, 5.12473633e+02, 5.26813171e+02,
    5.38753662e+02, 5.36353699e+02, 5.64223511e+02, 5.46214905e+02,
    5.89762634e+02, 5.55562622e+02, 6.15995361e+02, 5.64422180e+02,
    6.41653442e+02, 5.73422241e+02, 4.24794983e+02, 5.23072876e+02,
    4.51017365e+02, 5.32772400e+02, 4.78205444e+02, 5.41834351e+02,
    5.04485992e+02, 5.51404541e+02, 5.30647217e+02, 5.60522339e+02,
    5.56076599e+02, 5.70305908e+02, 5.81559875e+02, 5.79583801e+02,
    6.07685852e+02, 5.88468201e+02, 6.33341919e+02, 5.97423645e+02,
    4.17287048e+02, 5.47750427e+02, 4.43092590e+02, 5.57436707e+02,
    4.70267395e+02, 5.66353271e+02, 4.96290558e+02, 5.75661621e+02,
    5.22480591e+02, 5.84804626e+02, 5.47931274e+02, 5.94325562e+02,
    5.73514465e+02, 6.03530518e+02, 5.99477539e+02, 6.12263916e+02,
    6.24878784e+02, 6.21028198e+02, 4.09497162e+02, 5.72177917e+02,
    4.35332733e+02, 5.81654785e+02, 4.62337891e+02, 5.90414246e+02,
    4.88450012e+02, 5.99624146e+02, 5.14416931e+02, 6.08617065e+02,
    5.39757874e+02, 6.18183167e+02, 5.65516052e+02, 6.27111877e+02,
    5.91246887e+02, 6.35638550e+02, 6.16429993e+02, 6.44566833e+02,
    4.01879730e+02, 5.96342285e+02, 4.27644043e+02, 6.05692383e+02,
    4.54501556e+02, 6.14410706e+02, 4.80316406e+02, 6.23616211e+02,
    5.06395538e+02, 6.32492920e+02, 5.31779785e+02, 6.41638489e+02,
    5.57486145e+02, 6.50572998e+02, 5.82863098e+02, 6.59142273e+02,
    6.08236755e+02, 6.67795288e+02, 3.94337402e+02, 6.20349731e+02,
    4.20364807e+02, 6.29433838e+02, 4.46647980e+02, 6.38299866e+02,
    4.72644073e+02, 6.47031128e+02, 4.98470428e+02, 6.55917969e+02,
    5.23866333e+02, 6.64991943e+02, 5.49571960e+02, 6.73469177e+02,
    5.74831970e+02, 6.82365173e+02, 6.00201172e+02, 6.90803711e+02,
    3.87364441e+02, 6.43783264e+02, 4.13439087e+02, 6.52639038e+02,
    4.39106842e+02, 6.61735474e+02, 4.65466370e+02, 6.70098999e+02,
    4.90820648e+02, 6.79196350e+02, 5.16570618e+02, 6.87780823e+02,
    5.41847290e+02, 6.96378601e+02, 5.67105652e+02, 7.04949646e+02,
    5.92366150e+02, 7.13146179e+02 ]
