%YAML:1.0
points: [ 3.27623871e+02, 6.43862152e+01, 3.21610413e+02, 6.96335754e+01,
    3.22264038e+02, 7.67896042e+01, 3.15681458e+02, 8.46801529e+01,
    3.15681366e+02, 8.46802444e+01, 3.12070190e+02, 9.77891998e+01,
    3.12070221e+02, 9.77892151e+01, 3.07494354e+02, 1.10385773e+02,
    3.07494263e+02, 1.10385818e+02, 3.20862305e+02, 6.17811661e+01,
    3.21600159e+02, 6.95821533e+01, 3.16497040e+02, 7.47247314e+01,
    3.15703796e+02, 8.46460571e+01, 3.12287201e+02, 8.78366776e+01,
    3.05185944e+02, 9.77111588e+01, 3.03823608e+02, 1.01260887e+02,
    3.02117920e+02, 1.07704689e+02, 3.07494263e+02, 1.10385818e+02,
    3.17835785e+02, 6.09410133e+01, 3.15691711e+02, 6.72984848e+01,
    3.15492706e+02, 6.84104843e+01, 3.11522614e+02, 7.92034225e+01,
    3.07537933e+02, 8.97925415e+01, 3.07319366e+02, 9.10237656e+01,
    2.99337982e+02, 9.92766953e+01, 3.03821869e+02, 1.01262650e+02,
    2.96698669e+02, 1.06988976e+02, 3.12033508e+02, 5.93936920e+01,
    3.09994965e+02, 6.54548645e+01, 3.01718475e+02, 7.09909821e+01,
    3.05587708e+02, 7.81457291e+01, 3.03444580e+02, 8.40052872e+01,
    3.00957092e+02, 9.47230148e+01, 2.99337982e+02, 9.92766876e+01,
    2.99337555e+02, 9.92769547e+01, 2.96698669e+02, 1.06988976e+02,
    3.05474823e+02, 5.66805916e+01, 3.03415863e+02, 6.33344383e+01,
    3.01725037e+02, 7.09680862e+01, 2.99252350e+02, 7.79667740e+01,
    2.97337341e+02, 8.22691650e+01, 2.96474182e+02, 8.65623169e+01,
    2.92349487e+02, 9.87567902e+01, 2.92349426e+02, 9.87568207e+01,
    2.90327881e+02, 1.05268028e+02, 2.93189728e+02, 5.27324181e+01,
    2.94452698e+02, 6.01765785e+01, 2.96085785e+02, 6.80496826e+01,
    2.87769745e+02, 7.38278198e+01, 2.91417664e+02, 8.47001114e+01,
    2.91403168e+02, 8.47118835e+01, 2.87080811e+02, 9.57743225e+01,
    2.80813354e+02, 9.48419952e+01, 2.80704987e+02, 1.05245628e+02,
    2.93189789e+02, 5.27323990e+01, 2.91345673e+02, 5.96404305e+01,
    2.89660461e+02, 6.54726868e+01, 2.87817688e+02, 7.29902191e+01,
    2.85816040e+02, 7.81221466e+01, 2.77416046e+02, 8.31256943e+01,
    2.81704712e+02, 9.03836288e+01, 2.80813324e+02, 9.48420563e+01,
    2.72526398e+02, 9.97404938e+01, 2.87623474e+02, 5.03551750e+01,
    2.82493469e+02, 5.59603004e+01, 2.83851685e+02, 6.40766144e+01,
    2.81436127e+02, 6.87813644e+01, 2.76710083e+02, 7.59895706e+01,
    2.77415466e+02, 8.31244583e+01, 2.72703949e+02, 8.88450241e+01,
    2.67002930e+02, 9.59349060e+01, 2.72523529e+02, 9.97465439e+01,
    2.80956268e+02, 5.04177284e+01, 2.79394287e+02, 5.53124542e+01,
    2.71526276e+02, 5.95803719e+01, 2.72432281e+02, 6.71941757e+01,
    2.73403748e+02, 7.84654160e+01, 2.73461060e+02, 7.85098038e+01,
    2.66663025e+02, 8.68469162e+01, 2.66997253e+02, 9.59392395e+01,
    2.60802765e+02, 9.49353180e+01, 2.75840790e+02, 4.65120049e+01,
    2.73931976e+02, 5.32808075e+01, 2.71526215e+02, 5.95803604e+01,
    2.66211792e+02, 6.52653198e+01, 2.67725098e+02, 7.33395157e+01,
    2.65775940e+02, 7.94894791e+01, 2.60622894e+02, 8.50275497e+01,
    2.60802887e+02, 9.49352722e+01, 2.60802765e+02, 9.49353180e+01,
    2.65795288e+02, 4.28526688e+01, 2.67791718e+02, 5.11812286e+01,
    2.67228729e+02, 5.82526741e+01, 2.60038818e+02, 6.32952003e+01,
    2.59878784e+02, 7.49859924e+01, 2.59496613e+02, 7.57149963e+01,
    2.54628799e+02, 8.28748398e+01, 2.55651489e+02, 8.87113037e+01,
    2.49474960e+02, 9.48791351e+01 ]
