%YAML:1.0
points: [ 1.26973450e+03, 4.90759613e+02, 1.25354639e+03, 4.93442596e+02,
    1.23723267e+03, 4.96268982e+02, 1.22077588e+03, 4.98684570e+02,
    1.20447864e+03, 5.01523376e+02, 1.18802112e+03, 5.03854248e+02,
    1.17197107e+03, 5.06679932e+02, 1.15568152e+03, 5.09260742e+02,
    1.13966931e+03, 5.11879272e+02, 1.26773950e+03, 4.74753815e+02,
    1.25133032e+03, 4.77394287e+02, 1.23483215e+03, 4.80145996e+02,
    1.21844165e+03, 4.82607361e+02, 1.20222375e+03, 4.85458557e+02,
    1.18583350e+03, 4.87923126e+02, 1.16965210e+03, 4.90713440e+02,
    1.15353699e+03, 4.93217560e+02, 1.13751672e+03, 4.96030151e+02,
    1.26543945e+03, 4.58556061e+02, 1.24909497e+03, 4.61146484e+02,
    1.23273022e+03, 4.63918213e+02, 1.21637952e+03, 4.66520752e+02,
    1.19989807e+03, 4.69343292e+02, 1.18353809e+03, 4.71851868e+02,
    1.16718176e+03, 4.74647095e+02, 1.15121753e+03, 4.77254059e+02,
    1.13484619e+03, 4.79808472e+02, 1.26337061e+03, 4.42182404e+02,
    1.24677759e+03, 4.44971832e+02, 1.23046912e+03, 4.47683289e+02,
    1.21387476e+03, 4.50432587e+02, 1.19740332e+03, 4.53121033e+02,
    1.18108081e+03, 4.55624725e+02, 1.16472546e+03, 4.58489838e+02,
    1.14871130e+03, 4.61128296e+02, 1.13255688e+03, 4.63831909e+02,
    1.26070496e+03, 4.25846313e+02, 1.24441309e+03, 4.28721283e+02,
    1.22816553e+03, 4.31449646e+02, 1.21163831e+03, 4.34154999e+02,
    1.19512732e+03, 4.36761597e+02, 1.17876807e+03, 4.39562256e+02,
    1.16242017e+03, 4.42300598e+02, 1.14637451e+03, 4.44950409e+02,
    1.12994543e+03, 4.47648651e+02, 1.25870020e+03, 4.09410522e+02,
    1.24224731e+03, 4.12363739e+02, 1.22580640e+03, 4.14986053e+02,
    1.20925391e+03, 4.17775513e+02, 1.19253479e+03, 4.20495453e+02,
    1.17625513e+03, 4.23452118e+02, 1.15988806e+03, 4.25907532e+02,
    1.14380176e+03, 4.28711548e+02, 1.12759851e+03, 4.31347443e+02,
    1.25627539e+03, 3.93086121e+02, 1.23972266e+03, 3.95956299e+02,
    1.22346497e+03, 3.98539795e+02, 1.20690161e+03, 4.01533569e+02,
    1.19034668e+03, 4.04237427e+02, 1.17395630e+03, 4.07102051e+02,
    1.15764771e+03, 4.09582367e+02, 1.14146191e+03, 4.12465302e+02,
    1.12509460e+03, 4.15188965e+02, 1.25407642e+03, 3.76610077e+02,
    1.23763293e+03, 3.79406189e+02, 1.22129907e+03, 3.82165070e+02,
    1.20462231e+03, 3.85075317e+02, 1.18792297e+03, 3.87756439e+02,
    1.17155945e+03, 3.90692535e+02, 1.15514282e+03, 3.93373657e+02,
    1.13896643e+03, 3.96260254e+02, 1.12260559e+03, 3.98765778e+02,
    1.25185864e+03, 3.60121796e+02, 1.23540613e+03, 3.62759827e+02,
    1.21867444e+03, 3.65669800e+02, 1.20227148e+03, 3.68542877e+02,
    1.18565515e+03, 3.71409393e+02, 1.16942627e+03, 3.74249573e+02,
    1.15294128e+03, 3.76934296e+02, 1.13653027e+03, 3.79778748e+02,
    1.12022388e+03, 3.82455109e+02, 1.24957227e+03, 3.43635040e+02,
    1.23299939e+03, 3.46409668e+02, 1.21647424e+03, 3.49316376e+02,
    1.20001514e+03, 3.52093048e+02, 1.18343372e+03, 3.55052307e+02,
    1.16681909e+03, 3.57731354e+02, 1.15036206e+03, 3.60627594e+02,
    1.13404492e+03, 3.63427521e+02, 1.11766943e+03, 3.66277954e+02,
    1.24735059e+03, 3.26888092e+02, 1.23066284e+03, 3.29713196e+02,
    1.21397351e+03, 3.32710632e+02, 1.19741260e+03, 3.35429626e+02,
    1.18087341e+03, 3.38479431e+02, 1.16458337e+03, 3.41175934e+02,
    1.14811487e+03, 3.44278595e+02, 1.13165784e+03, 3.46807495e+02,
    1.11541394e+03, 3.49693451e+02 ]
