%YAML:1.0
points: [ 1.12271591e+02, 5.10251236e+01, 1.09616867e+02, 5.89850082e+01,
    1.06947853e+02, 6.70117798e+01, 1.04336479e+02, 7.49957733e+01,
    1.01628647e+02, 8.29592896e+01, 9.90710220e+01, 9.10259476e+01,
    9.63676605e+01, 9.88045959e+01, 9.38046722e+01, 1.06877533e+02,
    9.13280106e+01, 1.14743095e+02, 1.03879128e+02, 4.74780235e+01,
    1.01095398e+02, 5.53687630e+01, 9.84076538e+01, 6.34937935e+01,
    9.56512070e+01, 7.15104523e+01, 9.31170044e+01, 7.96741257e+01,
    9.03563156e+01, 8.76565628e+01, 8.79571381e+01, 9.57886887e+01,
    8.52931137e+01, 1.03564598e+02, 8.26878586e+01, 1.11617882e+02,
    9.53122406e+01, 4.38592529e+01, 9.26393585e+01, 5.19996223e+01,
    8.98543854e+01, 5.99340591e+01, 8.72143936e+01, 6.81594772e+01,
    8.45559082e+01, 7.62856903e+01, 8.19043121e+01, 8.43761978e+01,
    7.92150497e+01, 9.24570389e+01, 7.65541763e+01, 1.00498085e+02,
    7.41272202e+01, 1.08424545e+02, 8.69582138e+01, 4.05984573e+01,
    8.40039291e+01, 4.85048676e+01, 8.13384018e+01, 5.67499924e+01,
    7.85087891e+01, 6.47136307e+01, 7.59587402e+01, 7.29809341e+01,
    7.32659607e+01, 8.10344315e+01, 7.05201492e+01, 8.93031158e+01,
    6.78707733e+01, 9.71627655e+01, 6.53192444e+01, 1.05353874e+02,
    7.82943573e+01, 3.70312805e+01, 7.55923920e+01, 4.52916412e+01,
    7.26320496e+01, 5.31429749e+01, 6.99601669e+01, 6.14691315e+01,
    6.72392807e+01, 6.96077576e+01, 6.45247879e+01, 7.77842712e+01,
    6.19205742e+01, 8.59764099e+01, 5.91167984e+01, 9.40455170e+01,
    5.65929947e+01, 1.02089569e+02, 6.98991318e+01, 3.38677826e+01,
    6.69242935e+01, 4.17151527e+01, 6.41012802e+01, 4.99323654e+01,
    6.12133522e+01, 5.80513763e+01, 5.85949745e+01, 6.64405212e+01,
    5.58552208e+01, 7.44660416e+01, 5.31752510e+01, 8.28361816e+01,
    5.04322624e+01, 9.07936096e+01, 4.78082275e+01, 9.90760422e+01,
    6.12827110e+01, 3.03453655e+01, 5.84107437e+01, 3.86077309e+01,
    5.53442650e+01, 4.64711151e+01, 5.26678085e+01, 5.48774452e+01,
    5.00281219e+01, 6.30589447e+01, 4.72267570e+01, 7.14164047e+01,
    4.44852600e+01, 7.94433746e+01, 4.16810074e+01, 8.77351532e+01,
    3.91440277e+01, 9.58190536e+01, 5.29731178e+01, 2.73777161e+01,
    4.98572807e+01, 3.51509323e+01, 4.69283447e+01, 4.35100365e+01,
    4.40472450e+01, 5.15148201e+01, 4.13434296e+01, 6.00368843e+01,
    3.84659042e+01, 6.80238342e+01, 3.57479744e+01, 7.64298019e+01,
    3.30426788e+01, 8.45390472e+01, 3.03514786e+01, 9.28623047e+01,
    4.44768829e+01, 2.40252724e+01, 4.14642830e+01, 3.22873421e+01,
    3.84269981e+01, 4.01696701e+01, 3.55957794e+01, 4.86108017e+01,
    3.27853470e+01, 5.67008972e+01, 2.98822651e+01, 6.50140610e+01,
    2.71607609e+01, 7.32001953e+01, 2.44224491e+01, 8.15672607e+01,
    2.16662331e+01, 8.96538315e+01, 3.62796822e+01, 2.11412201e+01,
    3.31958237e+01, 2.90518093e+01, 3.02457867e+01, 3.74061050e+01,
    2.71807480e+01, 4.53522873e+01, 2.43691730e+01, 5.38140717e+01,
    2.13859234e+01, 6.18033867e+01, 1.86966095e+01, 7.04057693e+01,
    1.58736391e+01, 7.83495483e+01, 1.31774187e+01, 8.68372040e+01,
    2.81571503e+01, 1.81555920e+01, 2.49965706e+01, 2.63065948e+01,
    2.19324951e+01, 3.42361488e+01, 1.90568504e+01, 4.27332802e+01,
    1.60343094e+01, 5.06982117e+01, 1.30727768e+01, 5.91652832e+01,
    1.02967958e+01, 6.72334290e+01, 7.47224712e+00, 7.57216873e+01,
    2.41632676e+00, 8.37718887e+01 ]
