%YAML:1.0
points: [ 5.14460327e+02, 2.30647293e+02, 5.07461273e+02, 2.55731842e+02,
    5.00615448e+02, 2.80053864e+02, 4.93814789e+02, 3.04245880e+02,
    4.87299622e+02, 3.27608795e+02, 4.80979065e+02, 3.50629395e+02,
    4.74222504e+02, 3.73714966e+02, 4.68154083e+02, 3.95903381e+02,
    4.61919525e+02, 4.17558868e+02, 4.86507751e+02, 2.19434036e+02,
    4.79697876e+02, 2.44697968e+02, 4.73135468e+02, 2.69405701e+02,
    4.66531860e+02, 2.93693939e+02, 4.60220764e+02, 3.17526428e+02,
    4.54138031e+02, 3.40816833e+02, 4.47594696e+02, 3.63799316e+02,
    4.41475006e+02, 3.86462372e+02, 4.35717682e+02, 4.08534729e+02,
    4.58594421e+02, 2.07961075e+02, 4.51814697e+02, 2.33485962e+02,
    4.45269745e+02, 2.58517609e+02, 4.39042053e+02, 2.83243744e+02,
    4.33271118e+02, 3.07003265e+02, 4.27036682e+02, 3.30728729e+02,
    4.21305115e+02, 3.53752808e+02, 4.14716217e+02, 3.76919708e+02,
    4.09464111e+02, 3.98953156e+02, 4.30099091e+02, 1.96206223e+02,
    4.23833313e+02, 2.21850784e+02, 4.17330750e+02, 2.47390411e+02,
    4.11322510e+02, 2.72278046e+02, 4.05860229e+02, 2.96326416e+02,
    4.00063141e+02, 3.20045898e+02, 3.94263245e+02, 3.43545959e+02,
    3.87731201e+02, 3.66893707e+02, 3.82647644e+02, 3.89330383e+02,
    4.01730072e+02, 1.84280624e+02, 3.95561188e+02, 2.10400711e+02,
    3.88836639e+02, 2.36203964e+02, 3.83295319e+02, 2.61154297e+02,
    3.78127014e+02, 2.85366089e+02, 3.72389282e+02, 3.09574188e+02,
    3.66793213e+02, 3.33212402e+02, 3.60612091e+02, 3.56891235e+02,
    3.55805359e+02, 3.79341766e+02, 3.72740845e+02, 1.72214645e+02,
    3.66495422e+02, 1.98558243e+02, 3.60105530e+02, 2.24670242e+02,
    3.54738922e+02, 2.49812363e+02, 3.50046478e+02, 2.74469543e+02,
    3.44574677e+02, 2.98762115e+02, 3.39308899e+02, 3.22729187e+02,
    3.33227051e+02, 3.46699249e+02, 3.28474731e+02, 3.69530762e+02,
    3.43584045e+02, 1.60099686e+02, 3.37573486e+02, 1.86827087e+02,
    3.31040466e+02, 2.13111145e+02, 3.26044891e+02, 2.38692474e+02,
    3.21702362e+02, 2.63417786e+02, 3.16420624e+02, 2.88124207e+02,
    3.11317902e+02, 3.12347137e+02, 3.05424225e+02, 3.36342804e+02,
    3.00901306e+02, 3.59461609e+02, 3.13801636e+02, 1.47756149e+02,
    3.07812347e+02, 1.74675690e+02, 3.02022095e+02, 2.01377869e+02,
    2.97122681e+02, 2.27122833e+02, 2.92708191e+02, 2.52321899e+02,
    2.87361420e+02, 2.77288910e+02, 2.82741638e+02, 3.01702789e+02,
    2.77548462e+02, 3.25868195e+02, 2.72807861e+02, 3.49484283e+02,
    2.83894897e+02, 1.35551926e+02, 2.78079651e+02, 1.62684967e+02,
    2.72792328e+02, 1.89415512e+02, 2.67920990e+02, 2.15574142e+02,
    2.63634033e+02, 2.41140610e+02, 2.58350250e+02, 2.66499542e+02,
    2.54073074e+02, 2.90967590e+02, 2.49479111e+02, 3.15272400e+02,
    2.44472336e+02, 3.39177795e+02, 2.53652222e+02, 1.23102654e+02,
    2.48674957e+02, 1.50448273e+02, 2.43622070e+02, 1.77501617e+02,
    2.38776459e+02, 2.03878738e+02, 2.34196350e+02, 2.29764481e+02,
    2.29124756e+02, 2.55429550e+02, 2.25470184e+02, 2.80208679e+02,
    2.20484177e+02, 3.04893188e+02, 2.16447281e+02, 3.28967499e+02,
    2.23283752e+02, 1.10405685e+02, 2.18255905e+02, 1.38300278e+02,
    2.13475403e+02, 1.65418640e+02, 2.09068085e+02, 1.92053528e+02,
    2.04612732e+02, 2.18210419e+02, 1.99591721e+02, 2.44247314e+02,
    1.96448837e+02, 2.69136169e+02, 1.91679565e+02, 2.94062317e+02,
    1.87188080e+02, 3.18444794e+02 ]
