%YAML:1.0
points: [ 4.30672363e+02, 2.23326218e+02, 4.79674377e+02, 2.63707672e+02,
    5.25010925e+02, 3.01340637e+02, 5.69519470e+02, 3.35025696e+02,
    6.08111023e+02, 3.67572571e+02, 6.44564819e+02, 3.97223969e+02,
    6.79604004e+02, 4.25046967e+02, 7.11748047e+02, 4.51011261e+02,
    7.41236938e+02, 4.75462219e+02, 4.04019806e+02, 2.68621735e+02,
    4.56331390e+02, 3.08054047e+02, 5.03262024e+02, 3.44465515e+02,
    5.49647217e+02, 3.77792328e+02, 5.89762756e+02, 4.09189545e+02,
    6.28399780e+02, 4.38166718e+02, 6.64036682e+02, 4.65042511e+02,
    6.97033325e+02, 4.90468262e+02, 7.28069519e+02, 5.13972107e+02,
    3.76691833e+02, 3.16070953e+02, 4.30479858e+02, 3.54417053e+02,
    4.80644623e+02, 3.89938385e+02, 5.28268921e+02, 4.22312195e+02,
    5.69951233e+02, 4.52797272e+02, 6.11281738e+02, 4.80457214e+02,
    6.48610046e+02, 5.06631622e+02, 6.82850342e+02, 5.31109619e+02,
    7.13856323e+02, 5.54013977e+02, 3.47530914e+02, 3.66332764e+02,
    4.04489655e+02, 4.03531525e+02, 4.56300964e+02, 4.37687439e+02,
    5.05325623e+02, 4.69387543e+02, 5.49681396e+02, 4.98557220e+02,
    5.93010315e+02, 5.25317749e+02, 6.32240967e+02, 5.50224854e+02,
    6.67223877e+02, 5.73810791e+02, 6.99148376e+02, 5.95732300e+02,
    3.16127777e+02, 4.19610382e+02, 3.77069305e+02, 4.54842041e+02,
    4.30443298e+02, 4.88386047e+02, 4.81270599e+02, 5.18533936e+02,
    5.27849121e+02, 5.46657043e+02, 5.73672119e+02, 5.71944214e+02,
    6.14851807e+02, 5.96046265e+02, 6.50105835e+02, 6.18395813e+02,
    6.83881836e+02, 6.39433044e+02, 2.83929596e+02, 4.75479370e+02,
    3.47799194e+02, 5.09693665e+02, 4.03541931e+02, 5.41324280e+02,
    4.56807648e+02, 5.70410583e+02, 5.05599976e+02, 5.96771179e+02,
    5.52874329e+02, 6.21288574e+02, 5.95820190e+02, 6.43895203e+02,
    6.32756958e+02, 6.65245178e+02, 6.68325012e+02, 6.84958618e+02,
    2.49251465e+02, 5.35353760e+02, 3.16956451e+02, 5.67507202e+02,
    3.75231934e+02, 5.97748108e+02, 4.31581238e+02, 6.24750854e+02,
    4.82282532e+02, 6.50080933e+02, 5.31269348e+02, 6.72888916e+02,
    5.75817017e+02, 6.94374451e+02, 6.14515991e+02, 7.14139893e+02,
    6.51329102e+02, 7.32533142e+02, 2.13281326e+02, 5.98352844e+02,
    2.83907532e+02, 6.28800110e+02, 3.45509552e+02, 6.56770935e+02,
    4.04118286e+02, 6.82501526e+02, 4.57791229e+02, 7.05529724e+02,
    5.08664246e+02, 7.27245972e+02, 5.54624939e+02, 7.46906189e+02,
    5.95462524e+02, 7.65396362e+02, 6.34699585e+02, 7.82299194e+02,
    1.74770218e+02, 6.65435608e+02, 2.49249756e+02, 6.93698914e+02,
    3.14270325e+02, 7.19666870e+02, 3.76496552e+02, 7.42966248e+02,
    4.31739716e+02, 7.64602539e+02, 4.84752045e+02, 7.84208435e+02,
    5.32374817e+02, 8.02497925e+02, 5.75793335e+02, 8.18967285e+02,
    6.16147644e+02, 8.34484924e+02, 1.34573181e+02, 7.36562012e+02,
    2.11737030e+02, 7.62682861e+02, 2.81563477e+02, 7.85847168e+02,
    3.45317291e+02, 8.07356201e+02, 4.04648560e+02, 8.26507812e+02,
    4.59027466e+02, 8.44258362e+02, 5.08378571e+02, 8.60331848e+02,
    5.54592285e+02, 8.75444336e+02, 5.96392395e+02, 8.89062439e+02,
    9.03189697e+01, 8.12686768e+02, 1.71788605e+02, 8.35637512e+02,
    2.46314941e+02, 8.56505432e+02, 3.12089478e+02, 8.74791992e+02,
    3.74566284e+02, 8.92140381e+02, 4.31446808e+02, 9.07452637e+02,
    4.82783630e+02, 9.21521423e+02, 5.31247070e+02, 9.34356934e+02,
    5.74471008e+02, 9.46106445e+02 ]
