%YAML:1.0
points: [ 1.18228308e+03, 2.33062424e+02, 1.18317053e+03, 3.20530090e+02,
    1.18421399e+03, 4.06533386e+02, 1.18643726e+03, 4.90802582e+02,
    1.18719189e+03, 5.73413086e+02, 1.18863196e+03, 6.55058289e+02,
    1.19023389e+03, 7.35501953e+02, 1.19160388e+03, 8.15276794e+02,
    1.19312720e+03, 8.93348755e+02, 1.09542151e+03, 2.36827408e+02,
    1.09739941e+03, 3.23839752e+02, 1.09947534e+03, 4.09350494e+02,
    1.10208240e+03, 4.93749969e+02, 1.10382056e+03, 5.76338806e+02,
    1.10608728e+03, 6.58229187e+02, 1.10777344e+03, 7.38392578e+02,
    1.10984521e+03, 8.17540527e+02, 1.11190381e+03, 8.96045654e+02,
    1.00970355e+03, 2.40160660e+02, 1.01235614e+03, 3.27255463e+02,
    1.01540656e+03, 4.12459900e+02, 1.01810956e+03, 4.96768799e+02,
    1.02091052e+03, 5.79093750e+02, 1.02356213e+03, 6.60932678e+02,
    1.02646167e+03, 7.41406311e+02, 1.02861389e+03, 8.20495728e+02,
    1.03138977e+03, 8.97990662e+02, 9.23328735e+02, 2.43537811e+02,
    9.27181519e+02, 3.30175964e+02, 9.30706909e+02, 4.15363861e+02,
    9.34062805e+02, 4.99382324e+02, 9.37631531e+02, 5.81814514e+02,
    9.40849609e+02, 6.63960571e+02, 9.44018738e+02, 7.44580017e+02,
    9.47348633e+02, 8.23127991e+02, 9.50144958e+02, 9.00162964e+02,
    8.37599792e+02, 2.46628067e+02, 8.41865662e+02, 3.33336761e+02,
    8.46501282e+02, 4.18362518e+02, 8.50457275e+02, 5.02181885e+02,
    8.54692627e+02, 5.84593994e+02, 8.58092407e+02, 6.66609802e+02,
    8.61629761e+02, 7.47826111e+02, 8.65761597e+02, 8.25429749e+02,
    8.69719788e+02, 9.02704773e+02, 7.51727844e+02, 2.49795975e+02,
    7.56437683e+02, 3.35896484e+02, 7.62413757e+02, 4.21477783e+02,
    7.67070984e+02, 5.05169891e+02, 7.71991638e+02, 5.87254211e+02,
    7.75563354e+02, 6.69519836e+02, 7.79487915e+02, 7.50472351e+02,
    7.84565491e+02, 8.28507446e+02, 7.88834839e+02, 9.05730957e+02,
    6.65556885e+02, 2.52628723e+02, 6.70507812e+02, 3.39123749e+02,
    6.77783203e+02, 4.24299957e+02, 6.82941223e+02, 5.08163666e+02,
    6.88682190e+02, 5.90411438e+02, 6.92852173e+02, 6.72144836e+02,
    6.97174744e+02, 7.53190247e+02, 7.02768188e+02, 8.31210388e+02,
    7.07952820e+02, 9.08167664e+02, 5.79345520e+02, 2.55547287e+02,
    5.84803406e+02, 3.41762634e+02, 5.93210938e+02, 4.27298309e+02,
    5.99361389e+02, 5.11005920e+02, 6.05436462e+02, 5.93357300e+02,
    6.09868408e+02, 6.75315552e+02, 6.15219116e+02, 7.55731934e+02,
    6.21461914e+02, 8.34280457e+02, 6.26736694e+02, 9.12204529e+02,
    4.93002594e+02, 2.58180237e+02, 4.98843445e+02, 3.44627228e+02,
    5.08092682e+02, 4.29948212e+02, 5.14299927e+02, 5.14147034e+02,
    5.21719055e+02, 5.96378418e+02, 5.26916748e+02, 6.78334229e+02,
    5.33275269e+02, 7.58740967e+02, 5.39436523e+02, 8.37636353e+02,
    5.46117615e+02, 9.14721680e+02, 4.06631683e+02, 2.61147003e+02,
    4.14157410e+02, 3.47472076e+02, 4.22811615e+02, 4.33080200e+02,
    4.30834473e+02, 5.16792419e+02, 4.37952698e+02, 5.99468384e+02,
    4.44764801e+02, 6.80923157e+02, 4.51949554e+02, 7.60978088e+02,
    4.58560852e+02, 8.39922607e+02, 4.65806580e+02, 9.17279907e+02,
    3.22865234e+02, 2.64524536e+02, 3.30955719e+02, 3.51016846e+02,
    3.38404541e+02, 4.35875458e+02, 3.49015594e+02, 5.19487366e+02,
    3.55692261e+02, 6.02009460e+02, 3.63474792e+02, 6.83287415e+02,
    3.71605927e+02, 7.62776550e+02, 3.78792664e+02, 8.41754089e+02,
    3.87541656e+02, 9.18003967e+02 ]
