%YAML:1.0
points: [ 4.26863098e+02, 2.09933228e+02, 4.26627563e+02, 2.14930649e+02,
    4.26143433e+02, 2.19669220e+02, 4.25835754e+02, 2.24570862e+02,
    4.25835754e+02, 2.24570877e+02, 4.25580658e+02, 2.34426483e+02,
    4.24996063e+02, 2.39335083e+02, 4.24953094e+02, 2.44066467e+02,
    4.24953125e+02, 2.44066483e+02, 4.26863068e+02, 2.09933212e+02,
    4.20979950e+02, 2.14626968e+02, 4.21142944e+02, 2.19576828e+02,
    4.21019623e+02, 2.24376450e+02, 4.20442810e+02, 2.29261810e+02,
    4.19948608e+02, 2.33950745e+02, 4.19948608e+02, 2.33950760e+02,
    4.19888580e+02, 2.38748810e+02, 4.24953094e+02, 2.44066483e+02,
    4.15829620e+02, 2.09302979e+02, 4.16312286e+02, 2.14278397e+02,
    4.21142944e+02, 2.19576843e+02, 4.21019623e+02, 2.24376450e+02,
    4.15359894e+02, 2.28888321e+02, 4.15284912e+02, 2.33689087e+02,
    4.15161224e+02, 2.38445557e+02, 4.19888580e+02, 2.38748810e+02,
    4.14797302e+02, 2.43240005e+02, 4.11190033e+02, 2.08763306e+02,
    4.11190063e+02, 2.08763306e+02, 4.16332336e+02, 2.19312195e+02,
    4.15753601e+02, 2.23988953e+02, 4.10059113e+02, 2.28338089e+02,
    4.10059143e+02, 2.28338104e+02, 4.15161224e+02, 2.38445557e+02,
    4.09199005e+02, 2.42981659e+02, 4.09198975e+02, 2.42981674e+02,
    4.06083252e+02, 2.08463043e+02, 4.11190063e+02, 2.08763306e+02,
    4.04954224e+02, 2.18739059e+02, 4.05198639e+02, 2.23695969e+02,
    4.05255402e+02, 2.25924881e+02, 4.10059113e+02, 2.28338089e+02,
    4.10420197e+02, 2.33099808e+02, 4.04129944e+02, 2.42432327e+02,
    4.04129974e+02, 2.42432343e+02, 4.06083252e+02, 2.08463043e+02,
    4.00426361e+02, 2.13451492e+02, 4.00149384e+02, 2.18118484e+02,
    4.00297363e+02, 2.23017136e+02, 4.05255371e+02, 2.25924957e+02,
    4.05293915e+02, 2.27776443e+02, 3.99957916e+02, 2.32159225e+02,
    3.99316254e+02, 2.42274307e+02, 3.99316284e+02, 2.42274323e+02,
    4.01077240e+02, 2.08595856e+02, 3.96020966e+02, 2.08312149e+02,
    3.95515961e+02, 2.13156097e+02, 3.95141052e+02, 2.22854324e+02,
    3.95188263e+02, 2.26968002e+02, 4.00184631e+02, 2.27563416e+02,
    3.95025177e+02, 2.31640076e+02, 3.94255615e+02, 2.41599457e+02,
    3.94255646e+02, 2.41599472e+02, 3.90817108e+02, 2.07747452e+02,
    3.90817108e+02, 2.07747467e+02, 3.90414551e+02, 2.17856583e+02,
    3.90307983e+02, 2.22314484e+02, 3.95199738e+02, 2.25623535e+02,
    3.95188263e+02, 2.26968018e+02, 3.89642303e+02, 2.36717087e+02,
    3.89486694e+02, 2.41239288e+02, 3.94255646e+02, 2.41599472e+02,
    3.85949219e+02, 2.07365768e+02, 3.85949219e+02, 2.07365784e+02,
    3.90414551e+02, 2.17856583e+02, 3.90307953e+02, 2.22314468e+02,
    3.90307983e+02, 2.22314484e+02, 3.85126587e+02, 2.26587189e+02,
    3.84940887e+02, 2.30750916e+02, 3.89486664e+02, 2.41239273e+02,
    3.89486664e+02, 2.41239273e+02, 3.81123871e+02, 2.07692825e+02,
    3.80861969e+02, 2.10033112e+02, 3.80856171e+02, 2.12519073e+02,
    3.85654846e+02, 2.19965652e+02, 3.85374481e+02, 2.24083099e+02,
    3.80391235e+02, 2.26086609e+02, 3.79939606e+02, 2.32846939e+02,
    3.79835480e+02, 2.35471985e+02, 3.84725006e+02, 2.40475296e+02,
    3.81123840e+02, 2.07692825e+02, 3.80861938e+02, 2.10033173e+02,
    3.80856171e+02, 2.12519073e+02, 3.80769440e+02, 2.19131165e+02,
    3.80391266e+02, 2.26086594e+02, 3.80391235e+02, 2.26086609e+02,
    3.79939575e+02, 2.32847031e+02, 3.79835480e+02, 2.35471985e+02,
    3.79659851e+02, 2.39830215e+02 ]
