%YAML:1.0
points: [ 1.42651270e+03, 4.02193260e+01, 1.42093835e+03, 6.59838715e+01,
    1.41548486e+03, 9.14592361e+01, 1.41006494e+03, 1.16505249e+02,
    1.40460669e+03, 1.41096146e+02, 1.39952979e+03, 1.65039200e+02,
    1.39428259e+03, 1.88523285e+02, 1.38933069e+03, 2.12058899e+02,
    1.38434717e+03, 2.34952408e+02, 1.40158728e+03, 3.93133011e+01,
    1.39617041e+03, 6.50105209e+01, 1.39098206e+03, 9.01522522e+01,
    1.38575537e+03, 1.14969406e+02, 1.38063721e+03, 1.39212204e+02,
    1.37584888e+03, 1.63054886e+02, 1.37071643e+03, 1.86137802e+02,
    1.36585938e+03, 2.09739288e+02, 1.36138232e+03, 2.32194641e+02,
    1.37731970e+03, 3.83803024e+01, 1.37214954e+03, 6.40493011e+01,
    1.36706836e+03, 8.89029236e+01, 1.36228479e+03, 1.13701515e+02,
    1.35767285e+03, 1.37536026e+02, 1.35286719e+03, 1.61452667e+02,
    1.34827563e+03, 1.84503860e+02, 1.34326379e+03, 2.07279846e+02,
    1.33898572e+03, 2.29715347e+02, 1.35344324e+03, 3.79720993e+01,
    1.34869177e+03, 6.31453171e+01, 1.34363208e+03, 8.76493225e+01,
    1.33907239e+03, 1.11959969e+02, 1.33488928e+03, 1.35809982e+02,
    1.33056311e+03, 1.59391403e+02, 1.32615601e+03, 1.82131821e+02,
    1.32142151e+03, 2.05170837e+02, 1.31734729e+03, 2.27214020e+02,
    1.33039197e+03, 3.73821754e+01, 1.32570935e+03, 6.17830544e+01,
    1.32105627e+03, 8.66665039e+01, 1.31669971e+03, 1.10655762e+02,
    1.31257434e+03, 1.34235870e+02, 1.30838940e+03, 1.57500122e+02,
    1.30418860e+03, 1.80184570e+02, 1.29973438e+03, 2.02848450e+02,
    1.29588391e+03, 2.24591873e+02, 1.30745227e+03, 3.64944763e+01,
    1.30290576e+03, 6.12120705e+01, 1.29847034e+03, 8.53663483e+01,
    1.29453906e+03, 1.09387314e+02, 1.29075989e+03, 1.32595581e+02,
    1.28665283e+03, 1.55657364e+02, 1.28282727e+03, 1.78244308e+02,
    1.27871887e+03, 2.00726028e+02, 1.27490393e+03, 2.22327499e+02,
    1.28524146e+03, 3.59821892e+01, 1.28109570e+03, 6.03299294e+01,
    1.27650562e+03, 8.43419037e+01, 1.27276074e+03, 1.08221054e+02,
    1.26941602e+03, 1.31171173e+02, 1.26547437e+03, 1.53880539e+02,
    1.26171228e+03, 1.76351929e+02, 1.25784766e+03, 1.98312744e+02,
    1.25432532e+03, 2.20046814e+02, 1.26347705e+03, 3.52628098e+01,
    1.25929150e+03, 5.93575020e+01, 1.25510486e+03, 8.32378693e+01,
    1.25157153e+03, 1.06492989e+02, 1.24836841e+03, 1.29463699e+02,
    1.24455212e+03, 1.52111877e+02, 1.24124829e+03, 1.74519333e+02,
    1.23748499e+03, 1.96314209e+02, 1.23393933e+03, 2.17685120e+02,
    1.24185620e+03, 3.45332909e+01, 1.23797473e+03, 5.83123093e+01,
    1.23422510e+03, 8.19865723e+01, 1.23079138e+03, 1.05296463e+02,
    1.22766724e+03, 1.28018707e+02, 1.22381665e+03, 1.50362152e+02,
    1.22099133e+03, 1.72637207e+02, 1.21752942e+03, 1.94273834e+02,
    1.21410669e+03, 2.15390213e+02, 1.22092236e+03, 3.37050133e+01,
    1.21741919e+03, 5.79022827e+01, 1.21381934e+03, 8.09044495e+01,
    1.21078735e+03, 1.04118149e+02, 1.20750269e+03, 1.26470596e+02,
    1.20400476e+03, 1.48759659e+02, 1.20122229e+03, 1.70393158e+02,
    1.19783948e+03, 1.92217300e+02, 1.19509106e+03, 2.13035034e+02,
    1.20045752e+03, 3.34757843e+01, 1.19692273e+03, 5.68656731e+01,
    1.19384387e+03, 8.02314301e+01, 1.19058826e+03, 1.02473106e+02,
    1.18759875e+03, 1.25069656e+02, 1.18434790e+03, 1.46933472e+02,
    1.18172546e+03, 1.68982269e+02, 1.17879919e+03, 1.89702225e+02,
    1.17563013e+03, 2.11201401e+02 ]
