%YAML:1.0
points: [ 2.19072311e+02, 1.98382812e+02, 2.19738754e+02, 2.03373825e+02,
    2.19738739e+02, 2.03373840e+02, 2.21434250e+02, 2.13655273e+02,
    2.22395569e+02, 2.18615158e+02, 2.22958481e+02, 2.23883987e+02,
    2.24178070e+02, 2.29142380e+02, 2.24823959e+02, 2.33892654e+02,
    2.24823959e+02, 2.33892654e+02, 2.13742462e+02, 1.98391342e+02,
    2.14713303e+02, 2.04358124e+02, 2.19738739e+02, 2.03373840e+02,
    2.16077087e+02, 2.14509399e+02, 2.22395569e+02, 2.18615158e+02,
    2.17748520e+02, 2.24656357e+02, 2.17748535e+02, 2.24656372e+02,
    2.19595169e+02, 2.34604050e+02, 2.24823959e+02, 2.33892654e+02,
    2.07994995e+02, 1.99012665e+02, 2.13742462e+02, 1.98391342e+02,
    2.15005142e+02, 2.09044815e+02, 2.11292831e+02, 2.15416809e+02,
    2.12257126e+02, 2.20504456e+02, 2.13187714e+02, 2.25467056e+02,
    2.17748535e+02, 2.24656372e+02, 2.18786011e+02, 2.29885376e+02,
    2.19595154e+02, 2.34604034e+02, 2.03305588e+02, 2.00313889e+02,
    2.03305588e+02, 2.00313889e+02, 2.04840240e+02, 2.10882599e+02,
    2.04840225e+02, 2.10882614e+02, 2.12257111e+02, 2.20504456e+02,
    2.13187714e+02, 2.25467056e+02, 2.14037277e+02, 2.30400620e+02,
    2.14678711e+02, 2.35675674e+02, 2.14678711e+02, 2.35675690e+02,
    2.03305573e+02, 2.00313904e+02, 2.03305588e+02, 2.00313904e+02,
    2.04840240e+02, 2.10882599e+02, 2.04840225e+02, 2.10882614e+02,
    2.00417419e+02, 2.16854843e+02, 2.06428131e+02, 2.21021332e+02,
    2.01906357e+02, 2.27181412e+02, 2.04186234e+02, 2.37780289e+02,
    2.04186234e+02, 2.37780289e+02, 1.97538300e+02, 2.00852859e+02,
    1.97538300e+02, 2.00852859e+02, 1.94323685e+02, 2.12592911e+02,
    2.00417404e+02, 2.16854843e+02, 2.00417404e+02, 2.16854858e+02,
    1.95984863e+02, 2.23090134e+02, 2.01906342e+02, 2.27181427e+02,
    1.98467148e+02, 2.38701874e+02, 2.04186234e+02, 2.37780289e+02,
    1.92245605e+02, 2.01974792e+02, 1.87167816e+02, 2.02638397e+02,
    1.94323669e+02, 2.12592926e+02, 1.89958389e+02, 2.18430603e+02,
    1.89958389e+02, 2.18430603e+02, 1.95984848e+02, 2.23090134e+02,
    1.96949493e+02, 2.28108154e+02, 1.92029449e+02, 2.33742264e+02,
    1.93274841e+02, 2.39149841e+02, 1.81365875e+02, 2.03416641e+02,
    1.81365891e+02, 2.03416672e+02, 1.83341461e+02, 2.14567627e+02,
    1.89958374e+02, 2.18430588e+02, 1.89958374e+02, 2.18430588e+02,
    1.90811691e+02, 2.23547974e+02, 1.91432724e+02, 2.28775162e+02,
    1.87147034e+02, 2.35158356e+02, 1.93274841e+02, 2.39149841e+02,
    1.81365875e+02, 2.03416641e+02, 1.76297211e+02, 2.04472656e+02,
    1.76801926e+02, 2.09911636e+02, 1.84300568e+02, 2.19243149e+02,
    1.80386566e+02, 2.25398300e+02, 1.86099792e+02, 2.30118225e+02,
    1.81265625e+02, 2.30744003e+02, 1.87147018e+02, 2.35158340e+02,
    1.88290604e+02, 2.40502960e+02, 1.71097794e+02, 2.05382858e+02,
    1.71097794e+02, 2.05382858e+02, 1.71578140e+02, 2.10635101e+02,
    1.72425751e+02, 2.16118622e+02, 1.73138550e+02, 2.21152710e+02,
    1.81265625e+02, 2.30743988e+02, 1.81265610e+02, 2.30743988e+02,
    1.81926453e+02, 2.35585953e+02, 1.82721008e+02, 2.40822525e+02,
    1.71097778e+02, 2.05382874e+02, 1.71578156e+02, 2.10635086e+02,
    1.72425751e+02, 2.16118622e+02, 1.72425751e+02, 2.16118622e+02,
    1.74229858e+02, 2.25955429e+02, 1.74229874e+02, 2.25955444e+02,
    1.76351822e+02, 2.36750793e+02, 1.76351822e+02, 2.36750809e+02,
    1.76984009e+02, 2.42043320e+02 ]
