%YAML:1.0
points: [ 3.40409973e+02, 1.99402924e+02, 3.38958466e+02, 2.10050034e+02,
    3.37717316e+02, 2.20408005e+02, 3.36307953e+02, 2.30842300e+02,
    3.35095032e+02, 2.41005936e+02, 3.33961029e+02, 2.51088043e+02,
    3.32431030e+02, 2.61040588e+02, 3.31348511e+02, 2.70748444e+02,
    3.30168579e+02, 2.80384796e+02, 3.30354309e+02, 1.97501480e+02,
    3.28983032e+02, 2.07922699e+02, 3.27843170e+02, 2.18197418e+02,
    3.26563660e+02, 2.28368286e+02, 3.25405121e+02, 2.38399582e+02,
    3.24277863e+02, 2.48289978e+02, 3.23050171e+02, 2.57982483e+02,
    3.21917633e+02, 2.67650574e+02, 3.20870880e+02, 2.77265839e+02,
    3.20891876e+02, 1.95605255e+02, 3.19590607e+02, 2.05896439e+02,
    3.18371460e+02, 2.15990326e+02, 3.17197876e+02, 2.25967499e+02,
    3.16326996e+02, 2.35797684e+02, 3.15106049e+02, 2.45518143e+02,
    3.14215088e+02, 2.55160583e+02, 3.12770660e+02, 2.64672577e+02,
    3.12095917e+02, 2.74081573e+02, 3.11723969e+02, 1.93858536e+02,
    3.10607269e+02, 2.03878113e+02, 3.09271423e+02, 2.13881393e+02,
    3.08350220e+02, 2.23708923e+02, 3.07581635e+02, 2.33328140e+02,
    3.06627869e+02, 2.42838135e+02, 3.05580811e+02, 2.52348145e+02,
    3.04199463e+02, 2.61796600e+02, 3.03579041e+02, 2.70990082e+02,
    3.03096375e+02, 1.92005814e+02, 3.01948212e+02, 2.01956863e+02,
    3.00643402e+02, 2.11785675e+02, 2.99770081e+02, 2.21416962e+02,
    2.99088806e+02, 2.30852310e+02, 2.98097168e+02, 2.40298630e+02,
    2.97222565e+02, 2.49628357e+02, 2.95850830e+02, 2.58915863e+02,
    2.95320404e+02, 2.67903870e+02, 2.94536072e+02, 1.90301056e+02,
    2.93424255e+02, 2.00143372e+02, 2.92162476e+02, 2.09727417e+02,
    2.91508423e+02, 2.19297485e+02, 2.90861969e+02, 2.28514206e+02,
    2.89979401e+02, 2.37797546e+02, 2.89181976e+02, 2.47001053e+02,
    2.87982758e+02, 2.56177307e+02, 2.87321777e+02, 2.65100800e+02,
    2.86412903e+02, 1.88699966e+02, 2.85372040e+02, 1.98315018e+02,
    2.84105804e+02, 2.07793762e+02, 2.83494263e+02, 2.17164536e+02,
    2.82943085e+02, 2.26299088e+02, 2.82077972e+02, 2.35408722e+02,
    2.81320740e+02, 2.44429642e+02, 2.80192505e+02, 2.53455948e+02,
    2.79683533e+02, 2.62290070e+02, 2.78522705e+02, 1.87095383e+02,
    2.77360870e+02, 1.96508545e+02, 2.76340576e+02, 2.05942673e+02,
    2.75718231e+02, 2.15111145e+02, 2.75230042e+02, 2.24192444e+02,
    2.74340515e+02, 2.33182648e+02, 2.73758209e+02, 2.42177719e+02,
    2.72800110e+02, 2.50877563e+02, 2.71930145e+02, 2.59614563e+02,
    2.70763733e+02, 1.85537903e+02, 2.69738373e+02, 1.94866104e+02,
    2.68963440e+02, 2.04051605e+02, 2.68218811e+02, 2.13138306e+02,
    2.67749146e+02, 2.22064362e+02, 2.66736084e+02, 2.31013885e+02,
    2.66267090e+02, 2.39697525e+02, 2.65638153e+02, 2.48377914e+02,
    2.64755859e+02, 2.56961212e+02, 2.63396698e+02, 1.84073608e+02,
    2.62654297e+02, 1.93250778e+02, 2.61775116e+02, 2.02309097e+02,
    2.60941437e+02, 2.11108429e+02, 2.60604401e+02, 2.20114334e+02,
    2.59670471e+02, 2.28866867e+02, 2.59205750e+02, 2.37465454e+02,
    2.58416443e+02, 2.46000031e+02, 2.57743530e+02, 2.54437271e+02,
    2.56157349e+02, 1.82514038e+02, 2.55491074e+02, 1.91654022e+02,
    2.54740189e+02, 2.00552536e+02, 2.54003357e+02, 2.09242233e+02,
    2.53577042e+02, 2.18112503e+02, 2.52609512e+02, 2.26761810e+02,
    2.52433716e+02, 2.35224915e+02, 2.51805862e+02, 2.43762421e+02,
    2.50801636e+02, 2.52022217e+02 ]
