%YAML:1.0
points: [ 1.33623218e+03, 2.46851685e+02, 1.35315613e+03, 2.56228546e+02,
    1.37054883e+03, 2.65364685e+02, 1.38755298e+03, 2.74499908e+02,
    1.40624243e+03, 2.84553955e+02, 1.42498755e+03, 2.94710022e+02,
    1.44424841e+03, 3.04848785e+02, 1.46409912e+03, 3.15620544e+02,
    1.48479504e+03, 3.26640533e+02, 1.32225964e+03, 2.67144592e+02,
    1.33847180e+03, 2.76002899e+02, 1.35553381e+03, 2.85769409e+02,
    1.37248438e+03, 2.95014130e+02, 1.39055530e+03, 3.05374542e+02,
    1.40892371e+03, 3.15480469e+02, 1.42776001e+03, 3.26170074e+02,
    1.44750159e+03, 3.37150513e+02, 1.46759973e+03, 3.48422363e+02,
    1.30827246e+03, 2.86450714e+02, 1.32444019e+03, 2.96003204e+02,
    1.34095581e+03, 3.05604401e+02, 1.35760254e+03, 3.15391083e+02,
    1.37555164e+03, 3.25778687e+02, 1.39315308e+03, 3.36011261e+02,
    1.41159424e+03, 3.46719971e+02, 1.43080188e+03, 3.58038849e+02,
    1.45100171e+03, 3.69616241e+02, 1.29435376e+03, 3.05856964e+02,
    1.31016431e+03, 3.15405457e+02, 1.32652966e+03, 3.25541351e+02,
    1.34312585e+03, 3.35482605e+02, 1.36042542e+03, 3.45961029e+02,
    1.37749512e+03, 3.56375458e+02, 1.39551733e+03, 3.67241760e+02,
    1.41460864e+03, 3.78774475e+02, 1.43434753e+03, 3.90738708e+02,
    1.28111072e+03, 3.25029419e+02, 1.29609851e+03, 3.34622559e+02,
    1.31244397e+03, 3.44898010e+02, 1.32873450e+03, 3.55346069e+02,
    1.34573730e+03, 3.65960663e+02, 1.36221558e+03, 3.76381378e+02,
    1.37973755e+03, 3.87423004e+02, 1.39875220e+03, 3.99415527e+02,
    1.41807556e+03, 4.11459106e+02, 1.26750171e+03, 3.43853394e+02,
    1.28230640e+03, 3.53550995e+02, 1.29852112e+03, 3.64175903e+02,
    1.31450867e+03, 3.74657898e+02, 1.33101318e+03, 3.85521759e+02,
    1.34740491e+03, 3.96228424e+02, 1.36450171e+03, 4.07479950e+02,
    1.38306262e+03, 4.19577942e+02, 1.40187097e+03, 4.31816071e+02,
    1.25441248e+03, 3.62414276e+02, 1.26863635e+03, 3.72282257e+02,
    1.28457910e+03, 3.83073425e+02, 1.30024255e+03, 3.93723511e+02,
    1.31650562e+03, 4.04801147e+02, 1.33261670e+03, 4.15807404e+02,
    1.34950891e+03, 4.27276123e+02, 1.36763403e+03, 4.39589966e+02,
    1.38612000e+03, 4.51958435e+02, 1.24125269e+03, 3.80610443e+02,
    1.25532410e+03, 3.90616364e+02, 1.27093005e+03, 4.01630890e+02,
    1.28647009e+03, 4.12501129e+02, 1.30225684e+03, 4.23677643e+02,
    1.31798938e+03, 4.34913422e+02, 1.33471777e+03, 4.46720581e+02,
    1.35244482e+03, 4.59128510e+02, 1.37030408e+03, 4.71621918e+02,
    1.22851855e+03, 3.98617645e+02, 1.24229175e+03, 4.08867340e+02,
    1.25753650e+03, 4.19865601e+02, 1.27240625e+03, 4.30909912e+02,
    1.28814734e+03, 4.42375122e+02, 1.30372388e+03, 4.53788422e+02,
    1.32021338e+03, 4.65844055e+02, 1.33743262e+03, 4.78369598e+02,
    1.35501501e+03, 4.91164917e+02, 1.21565735e+03, 4.16334167e+02,
    1.22960913e+03, 4.26885040e+02, 1.24411536e+03, 4.37917999e+02,
    1.25923438e+03, 4.49278778e+02, 1.27430872e+03, 4.60706970e+02,
    1.28984509e+03, 4.72555237e+02, 1.30630310e+03, 4.84850342e+02,
    1.32273584e+03, 4.97401672e+02, 1.34014624e+03, 5.10373993e+02,
    1.20368604e+03, 4.34046265e+02, 1.21743713e+03, 4.44841095e+02,
    1.23133496e+03, 4.55825256e+02, 1.24638293e+03, 4.67559753e+02,
    1.26106335e+03, 4.79059082e+02, 1.27650293e+03, 4.91102051e+02,
    1.29252344e+03, 5.03547211e+02, 1.30870874e+03, 5.16302185e+02,
    1.32582544e+03, 5.29464661e+02 ]
