%YAML:1.0
points: [ 1.14916870e+03, 5.41130798e+02, 1.13688245e+03, 5.43648315e+02,
    1.13688196e+03, 5.43648315e+02, 1.11149463e+03, 5.47690735e+02,
    1.09991187e+03, 5.48635376e+02, 1.09991223e+03, 5.48635132e+02,
    1.07449316e+03, 5.46490662e+02, 1.06340234e+03, 5.48011841e+02,
    1.06340234e+03, 5.48011841e+02, 1.14605383e+03, 5.28290161e+02,
    1.13420239e+03, 5.29985413e+02, 1.12146777e+03, 5.32323730e+02,
    1.10945447e+03, 5.33605225e+02, 1.09594507e+03, 5.28617859e+02,
    1.08535486e+03, 5.37410828e+02, 1.07449316e+03, 5.46490601e+02,
    1.07350098e+03, 5.40956238e+02, 1.06075244e+03, 5.34745850e+02,
    1.14367004e+03, 5.14386658e+02, 1.14366980e+03, 5.14386719e+02,
    1.11857251e+03, 5.18477112e+02, 1.10661353e+03, 5.21344055e+02,
    1.09486646e+03, 5.22997742e+02, 1.08322290e+03, 5.25531128e+02,
    1.08322290e+03, 5.25531067e+02, 1.05869727e+03, 5.23246643e+02,
    1.05869727e+03, 5.23246643e+02, 1.14181372e+03, 5.01484863e+02,
    1.14181335e+03, 5.01484833e+02, 1.11643103e+03, 5.05707489e+02,
    1.10460876e+03, 5.07104492e+02, 1.10314685e+03, 5.00465393e+02,
    1.08070642e+03, 5.11797577e+02, 1.08070654e+03, 5.11797516e+02,
    1.05582117e+03, 5.09732361e+02, 1.05582117e+03, 5.09732361e+02,
    1.13898218e+03, 4.87478119e+02, 1.13898193e+03, 4.87478088e+02,
    1.11388513e+03, 4.92162170e+02, 1.10179675e+03, 4.94804260e+02,
    1.10179663e+03, 4.94804230e+02, 1.07822974e+03, 4.99546051e+02,
    1.07822961e+03, 4.99546021e+02, 1.05582104e+03, 5.09732269e+02,
    1.05377600e+03, 4.97232635e+02, 1.13632800e+03, 4.74421997e+02,
    1.12364465e+03, 4.76470306e+02, 1.11162024e+03, 4.79212524e+02,
    1.11162012e+03, 4.79212463e+02, 1.09830017e+03, 4.73605316e+02,
    1.07568152e+03, 4.85455017e+02, 1.07568152e+03, 4.85454987e+02,
    1.05133704e+03, 4.84371094e+02, 1.05133704e+03, 4.84371094e+02,
    1.13362439e+03, 4.60310333e+02, 1.11939258e+03, 4.56034973e+02,
    1.10912903e+03, 4.65174286e+02, 1.09707983e+03, 4.68373291e+02,
    1.09707959e+03, 4.68373260e+02, 1.07358301e+03, 4.73555267e+02,
    1.07358313e+03, 4.73555267e+02, 1.05133691e+03, 4.84371002e+02,
    1.04923120e+03, 4.70978851e+02, 1.13125330e+03, 4.47317841e+02,
    1.11800903e+03, 4.49282990e+02, 1.10677783e+03, 4.52601837e+02,
    1.09509387e+03, 4.54358459e+02, 1.09509363e+03, 4.54358368e+02,
    1.07088416e+03, 4.59249329e+02, 1.06962976e+03, 4.53429443e+02,
    1.05881812e+03, 4.62602325e+02, 1.04839954e+03, 4.64222687e+02,
    1.12780042e+03, 4.32784302e+02, 1.11639880e+03, 4.36283203e+02,
    1.10526001e+03, 4.38339417e+02, 1.09132532e+03, 4.35675598e+02,
    1.09227393e+03, 4.41784424e+02, 1.06709021e+03, 4.39651093e+02,
    1.05773450e+03, 4.56797150e+02, 1.04373315e+03, 4.45110474e+02,
    1.03541724e+03, 4.59735535e+02, 1.12663831e+03, 4.20142609e+02,
    1.12663806e+03, 4.20142548e+02, 1.10259753e+03, 4.25727081e+02,
    1.09132507e+03, 4.35675476e+02, 1.09132507e+03, 4.35675476e+02,
    1.06464294e+03, 4.27133484e+02, 1.06464294e+03, 4.27133484e+02,
    1.04209009e+03, 4.33151276e+02, 1.04208557e+03, 4.33124817e+02,
    1.12392395e+03, 4.06244873e+02, 1.11215991e+03, 4.05810394e+02,
    1.09968542e+03, 4.11658813e+02, 1.08749487e+03, 4.11540253e+02,
    1.07558838e+03, 4.17491943e+02, 1.06373291e+03, 4.21986298e+02,
    1.06373291e+03, 4.21986298e+02, 1.04054980e+03, 4.22593567e+02,
    1.03071838e+03, 4.35433533e+02 ]
