%YAML:1.0
points: [ 4.83566589e+02, 1.94944611e+02, 4.73615112e+02, 1.97737900e+02,
    4.62817383e+02, 2.00219650e+02, 4.52064270e+02, 2.03043289e+02,
    4.40994232e+02, 2.05645065e+02, 4.29820160e+02, 2.08272934e+02,
    4.18820648e+02, 2.10977249e+02, 4.07386353e+02, 2.13744720e+02,
    3.95819458e+02, 2.16489777e+02, 4.82899323e+02, 1.83661224e+02,
    4.72664703e+02, 1.86072479e+02, 4.61870514e+02, 1.88802277e+02,
    4.51101990e+02, 1.91379395e+02, 4.39982483e+02, 1.94163895e+02,
    4.28627960e+02, 1.96631683e+02, 4.17512817e+02, 1.99475311e+02,
    4.06035736e+02, 2.02184662e+02, 3.94398193e+02, 2.04839111e+02,
    4.81776550e+02, 1.71880951e+02, 4.71597656e+02, 1.74547729e+02,
    4.60916626e+02, 1.77065857e+02, 4.49932465e+02, 1.79713959e+02,
    4.38385254e+02, 1.82164398e+02, 4.27330963e+02, 1.85034698e+02,
    4.15751434e+02, 1.87641052e+02, 4.04532318e+02, 1.90405396e+02,
    3.92561829e+02, 1.93025085e+02, 4.80784912e+02, 1.60284500e+02,
    4.70203003e+02, 1.62567062e+02, 4.59762451e+02, 1.65317276e+02,
    4.48629364e+02, 1.67768463e+02, 4.37011536e+02, 1.70439270e+02,
    4.25499207e+02, 1.72910950e+02, 4.14137604e+02, 1.75624924e+02,
    4.03006104e+02, 1.78388077e+02, 3.90970734e+02, 1.81116302e+02,
    4.79356659e+02, 1.48186554e+02, 4.68912170e+02, 1.50830338e+02,
    4.58446381e+02, 1.53131470e+02, 4.47158844e+02, 1.55769119e+02,
    4.35453156e+02, 1.58242325e+02, 4.24112305e+02, 1.61037354e+02,
    4.12479645e+02, 1.63611893e+02, 4.01196167e+02, 1.66387787e+02,
    3.89196625e+02, 1.69013947e+02, 4.78095490e+02, 1.36359314e+02,
    4.67660278e+02, 1.38496582e+02, 4.57109436e+02, 1.41084747e+02,
    4.45796844e+02, 1.43401855e+02, 4.34014648e+02, 1.46075500e+02,
    4.22471588e+02, 1.48609268e+02, 4.10860962e+02, 1.51285934e+02,
    3.99550598e+02, 1.53978790e+02, 3.87571777e+02, 1.56593613e+02,
    4.76613739e+02, 1.23990952e+02, 4.66218689e+02, 1.26421059e+02,
    4.55728333e+02, 1.28631470e+02, 4.44343048e+02, 1.31275635e+02,
    4.32407959e+02, 1.33736572e+02, 4.20914490e+02, 1.36260117e+02,
    4.09260437e+02, 1.38851181e+02, 3.97772797e+02, 1.41551376e+02,
    3.85722015e+02, 1.44186127e+02, 4.75270905e+02, 1.11956726e+02,
    4.64925171e+02, 1.13917503e+02, 4.54229462e+02, 1.16344223e+02,
    4.42754761e+02, 1.18640999e+02, 4.30988586e+02, 1.21167099e+02,
    4.19576996e+02, 1.23626747e+02, 4.07671082e+02, 1.26356140e+02,
    3.95994751e+02, 1.28893127e+02, 3.84030426e+02, 1.31654373e+02,
    4.73751251e+02, 9.93256989e+01, 4.63364227e+02, 1.01568459e+02,
    4.52373260e+02, 1.03661499e+02, 4.41172852e+02, 1.06112946e+02,
    4.29433563e+02, 1.08583763e+02, 4.18090118e+02, 1.11089027e+02,
    4.06082550e+02, 1.13473915e+02, 3.94155701e+02, 1.16145042e+02,
    3.82205109e+02, 1.18696838e+02, 4.72269653e+02, 8.72810135e+01,
    4.61578735e+02, 8.89883957e+01, 4.50690155e+02, 9.12729645e+01,
    4.39467590e+02, 9.33537521e+01, 4.27930969e+02, 9.58299942e+01,
    4.16487061e+02, 9.81833572e+01, 4.04300323e+02, 1.00689987e+02,
    3.92496399e+02, 1.03142204e+02, 3.80327789e+02, 1.05880547e+02,
    4.70531799e+02, 7.44344482e+01, 4.59935699e+02, 7.65379944e+01,
    4.49026184e+02, 7.83320084e+01, 4.37636627e+02, 8.07968292e+01,
    4.26184662e+02, 8.28858261e+01, 4.14704712e+02, 8.52569427e+01,
    4.02468323e+02, 8.78084488e+01, 3.90680969e+02, 9.02186737e+01,
    3.78608398e+02, 9.26903152e+01 ]
