%YAML:1.0
points: [ 1.16208997e+03, 3.79834351e+02, 1.15264514e+03, 4.25172363e+02,
    1.14276660e+03, 4.71809326e+02, 1.13295215e+03, 5.18728882e+02,
    1.12279224e+03, 5.66505554e+02, 1.11246704e+03, 6.14808044e+02,
    1.10245471e+03, 6.63676086e+02, 1.09174634e+03, 7.13125000e+02,
    1.08125708e+03, 7.63181152e+02, 1.11523975e+03, 3.68239716e+02,
    1.10550549e+03, 4.13880463e+02, 1.09520728e+03, 4.60414093e+02,
    1.08516931e+03, 5.07399323e+02, 1.07463831e+03, 5.55080872e+02,
    1.06390222e+03, 6.03292603e+02, 1.05346143e+03, 6.52061279e+02,
    1.04283496e+03, 7.01582520e+02, 1.03174731e+03, 7.51518616e+02,
    1.06833093e+03, 3.57349426e+02, 1.05791003e+03, 4.02784363e+02,
    1.04762012e+03, 4.49116302e+02, 1.03702380e+03, 4.96152924e+02,
    1.02627563e+03, 5.43962830e+02, 1.01545544e+03, 5.91984924e+02,
    1.00429535e+03, 6.40667358e+02, 9.93352661e+02, 6.89927490e+02,
    9.81907471e+02, 7.39675964e+02, 1.02086926e+03, 3.46318329e+02,
    1.01035394e+03, 3.92035126e+02, 9.99731934e+02, 4.37748352e+02,
    9.88996399e+02, 4.84851990e+02, 9.77820007e+02, 5.32662781e+02,
    9.66616394e+02, 5.80634155e+02, 9.55438354e+02, 6.29370544e+02,
    9.44132996e+02, 6.78400330e+02, 9.32438416e+02, 7.28194397e+02,
    9.73773804e+02, 3.35935577e+02, 9.62946045e+02, 3.81215729e+02,
    9.52067200e+02, 4.26601562e+02, 9.40797180e+02, 4.73656067e+02,
    9.29518982e+02, 5.21429993e+02, 9.18089661e+02, 5.69351807e+02,
    9.06615906e+02, 6.17919250e+02, 8.94706787e+02, 6.66687744e+02,
    8.82942810e+02, 7.16365967e+02, 9.26621094e+02, 3.24878021e+02,
    9.15494324e+02, 3.70036926e+02, 9.03918396e+02, 4.15364746e+02,
    8.92591675e+02, 4.62424133e+02, 8.81360413e+02, 5.10221680e+02,
    8.69577881e+02, 5.57928650e+02, 8.57699219e+02, 6.06519287e+02,
    8.45416809e+02, 6.55066711e+02, 8.33490967e+02, 7.04686707e+02,
    8.79549805e+02, 3.14290863e+02, 8.68041321e+02, 3.59229431e+02,
    8.56214600e+02, 4.04258545e+02, 8.44566772e+02, 4.51287445e+02,
    8.33129089e+02, 4.99129395e+02, 8.21286621e+02, 5.46642395e+02,
    8.08828247e+02, 5.94857117e+02, 7.96242126e+02, 6.43762512e+02,
    7.83973145e+02, 6.93132019e+02, 8.32538086e+02, 3.03364929e+02,
    8.20714905e+02, 3.47895355e+02, 8.08585876e+02, 3.93348389e+02,
    7.96710449e+02, 4.40218079e+02, 7.85078796e+02, 4.87687225e+02,
    7.72510864e+02, 5.35020264e+02, 7.60192444e+02, 5.83507812e+02,
    7.47355896e+02, 6.32075012e+02, 7.34449890e+02, 6.81578918e+02,
    7.85467773e+02, 2.92344452e+02, 7.73341431e+02, 3.36838989e+02,
    7.60934265e+02, 3.82552368e+02, 7.48800171e+02, 4.29148468e+02,
    7.36789062e+02, 4.76482208e+02, 7.23882629e+02, 5.23693481e+02,
    7.11374634e+02, 5.71882690e+02, 6.98293823e+02, 6.20726746e+02,
    6.84992859e+02, 6.69987183e+02, 7.38558411e+02, 2.81343323e+02,
    7.26437378e+02, 3.26393799e+02, 7.13932861e+02, 3.71836273e+02,
    7.01405701e+02, 4.18197449e+02, 6.88563354e+02, 4.65238739e+02,
    6.75306580e+02, 5.12259216e+02, 6.63069275e+02, 5.60668396e+02,
    6.48959412e+02, 6.08964111e+02, 6.35607239e+02, 6.58518494e+02,
    6.91448303e+02, 2.70321381e+02, 6.78940979e+02, 3.15114685e+02,
    6.66075378e+02, 3.60692230e+02, 6.53593994e+02, 4.07218231e+02,
    6.40313477e+02, 4.53852722e+02, 6.26504272e+02, 5.00931061e+02,
    6.13852966e+02, 5.49265259e+02, 5.99930481e+02, 5.97696411e+02,
    5.85675964e+02, 6.46850403e+02 ]
