%YAML:1.0
points: [ 3.68587830e+02, 1.54406830e+02, 3.65542664e+02, 1.70295166e+02,
    3.62078064e+02, 1.86435043e+02, 3.58866486e+02, 2.02818298e+02,
    3.55438416e+02, 2.19461349e+02, 3.51967987e+02, 2.36304138e+02,
    3.48812286e+02, 2.53307663e+02, 3.45326630e+02, 2.70397858e+02,
    3.41693359e+02, 2.87791321e+02, 3.52348145e+02, 1.50300003e+02,
    3.49021362e+02, 1.66218292e+02, 3.45523743e+02, 1.82443817e+02,
    3.42157440e+02, 1.98782761e+02, 3.38624481e+02, 2.15432785e+02,
    3.34979126e+02, 2.32120026e+02, 3.31695465e+02, 2.49023926e+02,
    3.28102783e+02, 2.66215912e+02, 3.24643799e+02, 2.83634308e+02,
    3.35799988e+02, 1.46381653e+02, 3.32412079e+02, 1.62320679e+02,
    3.28867859e+02, 1.78394791e+02, 3.25445435e+02, 1.94729431e+02,
    3.21685608e+02, 2.11269577e+02, 3.18236115e+02, 2.27932419e+02,
    3.14521423e+02, 2.44935211e+02, 3.10922974e+02, 2.62140869e+02,
    3.07094635e+02, 2.79263458e+02, 3.19368042e+02, 1.42571533e+02,
    3.15746033e+02, 1.58603882e+02, 3.12316895e+02, 1.74442413e+02,
    3.08570770e+02, 1.90701813e+02, 3.04813263e+02, 2.07385300e+02,
    3.01009460e+02, 2.23865433e+02, 2.97296051e+02, 2.40876877e+02,
    2.93685242e+02, 2.57690155e+02, 2.89969788e+02, 2.75025787e+02,
    3.02828339e+02, 1.38866028e+02, 2.99229431e+02, 1.54745636e+02,
    2.95692291e+02, 1.70524765e+02, 2.92000214e+02, 1.86826706e+02,
    2.88137451e+02, 2.03536331e+02, 2.84450897e+02, 2.19920807e+02,
    2.80623474e+02, 2.36893173e+02, 2.76895416e+02, 2.53657471e+02,
    2.72417297e+02, 2.70489349e+02, 2.86445282e+02, 1.35086441e+02,
    2.82751251e+02, 1.50773315e+02, 2.79149231e+02, 1.66561172e+02,
    2.75116974e+02, 1.82716980e+02, 2.71038116e+02, 1.99659195e+02,
    2.67406921e+02, 2.15902588e+02, 2.63715576e+02, 2.32512360e+02,
    2.59403168e+02, 2.49189865e+02, 2.56079712e+02, 2.66386566e+02,
    2.70101227e+02, 1.31260529e+02, 2.66262543e+02, 1.46927841e+02,
    2.62497833e+02, 1.62549377e+02, 2.58735291e+02, 1.78812683e+02,
    2.54804749e+02, 1.95542557e+02, 2.50592926e+02, 2.12025879e+02,
    2.46812057e+02, 2.28802200e+02, 2.42927948e+02, 2.45506165e+02,
    2.38354919e+02, 2.62314301e+02, 2.53742249e+02, 1.27370819e+02,
    2.49878571e+02, 1.42872101e+02, 2.46069977e+02, 1.58720139e+02,
    2.41799072e+02, 1.74787399e+02, 2.37995758e+02, 1.91468155e+02,
    2.33901505e+02, 2.07829407e+02, 2.29507202e+02, 2.24747513e+02,
    2.25467590e+02, 2.41185699e+02, 2.20815094e+02, 2.58921417e+02,
    2.37459198e+02, 1.23458221e+02, 2.33490189e+02, 1.38917816e+02,
    2.29479446e+02, 1.54857208e+02, 2.25682861e+02, 1.70819382e+02,
    2.21379364e+02, 1.87395660e+02, 2.17240707e+02, 2.03720856e+02,
    2.13276520e+02, 2.20868118e+02, 2.09104279e+02, 2.36940689e+02,
    2.04124161e+02, 2.54250107e+02, 2.21232407e+02, 1.19466713e+02,
    2.17169861e+02, 1.35193329e+02, 2.13104324e+02, 1.51029968e+02,
    2.08808838e+02, 1.66949005e+02, 2.04794525e+02, 1.83361069e+02,
    2.00240723e+02, 1.99566010e+02, 1.95981598e+02, 2.16586853e+02,
    1.91586487e+02, 2.32917816e+02, 1.87382523e+02, 2.50166183e+02,
    2.04875397e+02, 1.15563316e+02, 2.00767334e+02, 1.31178436e+02,
    1.96657272e+02, 1.47150635e+02, 1.92311813e+02, 1.63288345e+02,
    1.87992554e+02, 1.79291168e+02, 1.83673447e+02, 1.95596878e+02,
    1.79238464e+02, 2.12373581e+02, 1.74694016e+02, 2.29133652e+02,
    1.69786041e+02, 2.45904129e+02 ]
