%YAML:1.0
points: [ 2.95560303e+02, 2.47568863e+02, 3.30540649e+02, 2.65494995e+02,
    3.63609924e+02, 2.82600128e+02, 3.96570770e+02, 2.98642456e+02,
    4.25645508e+02, 3.13705811e+02, 4.53920074e+02, 3.28071533e+02,
    4.81085541e+02, 3.41738464e+02, 5.06710022e+02, 3.54625580e+02,
    5.30630005e+02, 3.66866333e+02, 2.81914032e+02, 2.82038727e+02,
    3.18253204e+02, 2.99233307e+02, 3.51575897e+02, 3.15108917e+02,
    3.84844940e+02, 3.30537109e+02, 4.14738525e+02, 3.44691803e+02,
    4.43632935e+02, 3.58374084e+02, 4.70780670e+02, 3.71230347e+02,
    4.96674286e+02, 3.83539276e+02, 5.21395691e+02, 3.95081024e+02,
    2.68683044e+02, 3.16727600e+02, 3.04827454e+02, 3.32665466e+02,
    3.39565643e+02, 3.48084076e+02, 3.72965607e+02, 3.62415039e+02,
    4.03211395e+02, 3.75902405e+02, 4.33156738e+02, 3.88737579e+02,
    4.61062103e+02, 4.01003662e+02, 4.87152740e+02, 4.12311462e+02,
    5.11564545e+02, 4.23310486e+02, 2.54997421e+02, 3.52060089e+02,
    2.92285736e+02, 3.67249664e+02, 3.26899475e+02, 3.81239227e+02,
    3.60781311e+02, 3.94858002e+02, 3.91598663e+02, 4.07390411e+02,
    4.22443817e+02, 4.19685608e+02, 4.50840942e+02, 4.31036255e+02,
    4.77080322e+02, 4.41784698e+02, 5.01625183e+02, 4.51914642e+02,
    2.41036407e+02, 3.87714905e+02, 2.79389374e+02, 4.01791870e+02,
    3.14287354e+02, 4.15091034e+02, 3.48592590e+02, 4.27569061e+02,
    3.79811981e+02, 4.39443237e+02, 4.11423218e+02, 4.50810822e+02,
    4.40682648e+02, 4.61456879e+02, 4.66536530e+02, 4.71289429e+02,
    4.91826019e+02, 4.80745178e+02, 2.27345520e+02, 4.23748077e+02,
    2.66295776e+02, 4.36947449e+02, 3.01490875e+02, 4.49005249e+02,
    3.36272888e+02, 4.60792603e+02, 3.68301178e+02, 4.71657074e+02,
    3.99953064e+02, 4.82237091e+02, 4.29723450e+02, 4.92163330e+02,
    4.56314392e+02, 5.01317932e+02, 4.81930725e+02, 5.09857056e+02,
    2.13152008e+02, 4.60414734e+02, 2.52995438e+02, 4.72504089e+02,
    2.88749603e+02, 4.83637421e+02, 3.24067902e+02, 4.94373993e+02,
    3.56550140e+02, 5.04364746e+02, 3.88567078e+02, 5.14027649e+02,
    4.18703400e+02, 5.23304504e+02, 4.45643341e+02, 5.31393921e+02,
    4.71747345e+02, 5.39450012e+02, 1.99252914e+02, 4.97284485e+02,
    2.39598602e+02, 5.08481842e+02, 2.75710114e+02, 5.18405334e+02,
    3.11350800e+02, 5.28322754e+02, 3.44672791e+02, 5.37245544e+02,
    3.77177216e+02, 5.46247498e+02, 4.07404694e+02, 5.54335754e+02,
    4.35198242e+02, 5.61913330e+02, 4.62090332e+02, 5.69195312e+02,
    1.84755035e+02, 5.34630798e+02, 2.25981003e+02, 5.44680969e+02,
    2.62668396e+02, 5.53744080e+02, 2.99300110e+02, 5.62491333e+02,
    3.32755951e+02, 5.70739624e+02, 3.65524475e+02, 5.78515991e+02,
    3.96024811e+02, 5.86067444e+02, 4.24603180e+02, 5.92652405e+02,
    4.51622833e+02, 5.99211792e+02, 1.70621567e+02, 5.72390503e+02,
    2.11572311e+02, 5.81351257e+02, 2.49864914e+02, 5.89295105e+02,
    2.86013794e+02, 5.97166443e+02, 3.20776093e+02, 6.04322754e+02,
    3.53440979e+02, 6.11368408e+02, 3.84209259e+02, 6.17625488e+02,
    4.13650665e+02, 6.23700500e+02, 4.40945984e+02, 6.29356934e+02,
    1.55365723e+02, 6.10430664e+02, 1.96835648e+02, 6.18132568e+02,
    2.36369858e+02, 6.25417847e+02, 2.72478455e+02, 6.31684875e+02,
    3.07745605e+02, 6.38406616e+02, 3.40975311e+02, 6.44233826e+02,
    3.72220184e+02, 6.49639587e+02, 4.01861664e+02, 6.54974487e+02,
    4.29467987e+02, 6.59737122e+02 ]
