%YAML:1.0
points: [ 9.81904541e+02, 4.17967560e+02, 9.93519531e+02, 4.50421906e+02,
    1.00566431e+03, 4.84756409e+02, 1.01843201e+03, 5.20402344e+02,
    1.03158960e+03, 5.57606445e+02, 1.04559631e+03, 5.96794617e+02,
    1.05961829e+03, 6.36479858e+02, 1.07471655e+03, 6.78884277e+02,
    1.09051831e+03, 7.23225830e+02, 9.42659180e+02, 4.31742126e+02,
    9.53388306e+02, 4.64543427e+02, 9.64933167e+02, 4.99409637e+02,
    9.76606750e+02, 5.34888733e+02, 9.89205994e+02, 5.72626526e+02,
    1.00209851e+03, 6.11902161e+02, 1.01542108e+03, 6.52236938e+02,
    1.02923132e+03, 6.94362549e+02, 1.04390796e+03, 7.38914001e+02,
    9.03800537e+02, 4.46283966e+02, 9.13842896e+02, 4.79461945e+02,
    9.24373962e+02, 5.13646667e+02, 9.35358093e+02, 5.49972290e+02,
    9.47276062e+02, 5.88178772e+02, 9.59031921e+02, 6.26995239e+02,
    9.71729126e+02, 6.68368286e+02, 9.84134216e+02, 7.10216980e+02,
    9.98066284e+02, 7.55172852e+02, 8.65479614e+02, 4.60896606e+02,
    8.74980347e+02, 4.94418762e+02, 8.84282288e+02, 5.28527649e+02,
    8.94544495e+02, 5.65128784e+02, 9.05815125e+02, 6.03606079e+02,
    9.16809326e+02, 6.43140808e+02, 9.28348572e+02, 6.84218323e+02,
    9.39430054e+02, 7.25883789e+02, 9.52503052e+02, 7.71145142e+02,
    8.27800049e+02, 4.75923553e+02, 8.36241089e+02, 5.09249542e+02,
    8.44411987e+02, 5.43388794e+02, 8.54103455e+02, 5.80275024e+02,
    8.64531189e+02, 6.19013550e+02, 8.74529785e+02, 6.58342346e+02,
    8.85264587e+02, 6.99658752e+02, 8.95284729e+02, 7.41792358e+02,
    9.07354065e+02, 7.87270081e+02, 7.89840027e+02, 4.90273529e+02,
    7.97313782e+02, 5.23755554e+02, 8.04644104e+02, 5.58153687e+02,
    8.13628357e+02, 5.95291260e+02, 8.23524292e+02, 6.34340637e+02,
    8.32649048e+02, 6.73754639e+02, 8.42484070e+02, 7.15452087e+02,
    8.51346313e+02, 7.57554382e+02, 8.62268433e+02, 8.03224792e+02,
    7.52387085e+02, 5.04808502e+02, 7.58935974e+02, 5.38433167e+02,
    7.65283813e+02, 5.72620422e+02, 7.73553284e+02, 6.10201904e+02,
    7.82764404e+02, 6.49383667e+02, 7.91128174e+02, 6.89171326e+02,
    7.99655701e+02, 7.30611633e+02, 8.07635376e+02, 7.73495239e+02,
    8.17619690e+02, 8.18998840e+02, 7.14872192e+02, 5.19333862e+02,
    7.20517517e+02, 5.52493103e+02, 7.26635315e+02, 5.87656860e+02,
    7.33815186e+02, 6.24840210e+02, 7.42141479e+02, 6.64111389e+02,
    7.49165527e+02, 7.03692078e+02, 7.57184631e+02, 7.45850098e+02,
    7.64639282e+02, 7.88977051e+02, 7.72975830e+02, 8.34805054e+02,
    6.77600586e+02, 5.33307007e+02, 6.82527100e+02, 5.67184448e+02,
    6.88101929e+02, 6.02533142e+02, 6.94492432e+02, 6.39857910e+02,
    7.01661865e+02, 6.78928955e+02, 7.07457764e+02, 7.18684692e+02,
    7.14816956e+02, 7.61011597e+02, 7.21787781e+02, 8.04834900e+02,
    7.28759521e+02, 8.50306824e+02, 6.40367432e+02, 5.47319641e+02,
    6.45371643e+02, 5.81638306e+02, 6.50214905e+02, 6.17419495e+02,
    6.55617798e+02, 6.54538086e+02, 6.61143921e+02, 6.93608887e+02,
    6.66240784e+02, 7.33493958e+02, 6.73436279e+02, 7.76217468e+02,
    6.78605957e+02, 8.19677856e+02, 6.85252502e+02, 8.65859070e+02,
    6.03646606e+02, 5.61343933e+02, 6.07551636e+02, 5.95812988e+02,
    6.11963745e+02, 6.31733826e+02, 6.16789368e+02, 6.69381165e+02,
    6.21453308e+02, 7.08297729e+02, 6.25267151e+02, 7.48423157e+02,
    6.31640930e+02, 7.91393433e+02, 6.36188538e+02, 8.35509827e+02,
    6.40959656e+02, 8.81394165e+02 ]
