%YAML:1.0
points: [ 2.99085541e+02, 1.67500000e+02, 3.03757782e+02, 1.78786209e+02,
    3.08700531e+02, 1.90790527e+02, 3.13860901e+02, 2.03135437e+02,
    3.19293030e+02, 2.16206009e+02, 3.24954620e+02, 2.29832718e+02,
    3.30753448e+02, 2.43673996e+02, 3.37090240e+02, 2.58460144e+02,
    3.43280304e+02, 2.73986633e+02, 2.85282928e+02, 1.72231689e+02,
    2.89722290e+02, 1.83653229e+02, 2.94432678e+02, 1.95754532e+02,
    2.99270874e+02, 2.08203323e+02, 3.04330017e+02, 2.21292938e+02,
    3.09540314e+02, 2.34914993e+02, 3.15221649e+02, 2.48992462e+02,
    3.20776978e+02, 2.63700562e+02, 3.27121094e+02, 2.79360687e+02,
    2.71741089e+02, 1.77234421e+02, 2.75876312e+02, 1.88708954e+02,
    2.80204742e+02, 2.00662643e+02, 2.84738464e+02, 2.13285767e+02,
    2.89513672e+02, 2.26554169e+02, 2.94523682e+02, 2.40104965e+02,
    2.99764038e+02, 2.54589310e+02, 3.05128448e+02, 2.68892487e+02,
    3.10754272e+02, 2.84867981e+02, 2.58281219e+02, 1.82207245e+02,
    2.62201843e+02, 1.93975677e+02, 2.66205170e+02, 2.05756348e+02,
    2.70352814e+02, 2.18420959e+02, 2.75045593e+02, 2.31823685e+02,
    2.79572754e+02, 2.45577209e+02, 2.84533417e+02, 2.59876648e+02,
    2.89145782e+02, 2.74456299e+02, 2.94755005e+02, 2.90404602e+02,
    2.45007324e+02, 1.87381577e+02, 2.48655716e+02, 1.98961288e+02,
    2.52205719e+02, 2.10772446e+02, 2.56310608e+02, 2.23598312e+02,
    2.60539337e+02, 2.37138504e+02, 2.64858826e+02, 2.50702072e+02,
    2.69287842e+02, 2.65202637e+02, 2.73865387e+02, 2.79793182e+02,
    2.78963257e+02, 2.95941132e+02, 2.31715546e+02, 1.92266937e+02,
    2.35032761e+02, 2.03913559e+02, 2.38306213e+02, 2.15785843e+02,
    2.42105148e+02, 2.28722855e+02, 2.46178940e+02, 2.42355896e+02,
    2.50096085e+02, 2.56104767e+02, 2.54321976e+02, 2.70478638e+02,
    2.58217438e+02, 2.85289307e+02, 2.62944885e+02, 3.01417755e+02,
    2.18508759e+02, 1.97291565e+02, 2.21588379e+02, 2.08918106e+02,
    2.24518997e+02, 2.20785736e+02, 2.28080368e+02, 2.33771622e+02,
    2.31878738e+02, 2.47466705e+02, 2.35570877e+02, 2.61303833e+02,
    2.39311951e+02, 2.75812256e+02, 2.43119415e+02, 2.90667816e+02,
    2.47322159e+02, 3.06683655e+02, 2.05397980e+02, 2.02114380e+02,
    2.08094727e+02, 2.13711044e+02, 2.10940567e+02, 2.25931274e+02,
    2.14115646e+02, 2.38881363e+02, 2.17644669e+02, 2.52474136e+02,
    2.20785553e+02, 2.66327698e+02, 2.24447586e+02, 2.80916290e+02,
    2.27862778e+02, 2.96106323e+02, 2.31762009e+02, 3.11869995e+02,
    1.92302994e+02, 2.06936005e+02, 1.94785736e+02, 2.18658646e+02,
    1.97392578e+02, 2.31059235e+02, 2.00277252e+02, 2.43976624e+02,
    2.03409271e+02, 2.57641327e+02, 2.06280914e+02, 2.71407471e+02,
    2.09598694e+02, 2.86200500e+02, 2.12849808e+02, 3.01384552e+02,
    2.16161148e+02, 3.17388062e+02, 1.79303879e+02, 2.11662903e+02,
    1.81673904e+02, 2.23712570e+02, 1.84053421e+02, 2.36120636e+02,
    1.86560562e+02, 2.49107101e+02, 1.89309647e+02, 2.62519348e+02,
    1.91791550e+02, 2.76454437e+02, 1.95019043e+02, 2.91351990e+02,
    1.97694138e+02, 3.06597687e+02, 2.00938919e+02, 3.22599030e+02,
    1.66307159e+02, 2.16537079e+02, 1.68402542e+02, 2.28469742e+02,
    1.70578445e+02, 2.41079941e+02, 1.72975662e+02, 2.54138351e+02,
    1.75250839e+02, 2.67692719e+02, 1.77470169e+02, 2.81658051e+02,
    1.80299316e+02, 2.96615662e+02, 1.82827240e+02, 3.11883942e+02,
    1.85331360e+02, 3.27888916e+02 ]
