%YAML:1.0
points: [ 8.82103271e+02, 2.40763397e+02, 8.76144653e+02, 2.65508850e+02,
    8.69757751e+02, 2.90106293e+02, 8.63736328e+02, 3.14602203e+02,
    8.57413025e+02, 3.39082489e+02, 8.51073547e+02, 3.63309509e+02,
    8.45096436e+02, 3.87443420e+02, 8.38896790e+02, 4.11464325e+02,
    8.32709351e+02, 4.35281250e+02, 8.58474365e+02, 2.32907806e+02,
    8.52325989e+02, 2.57775116e+02, 8.45878845e+02, 2.82636353e+02,
    8.39745667e+02, 3.07310608e+02, 8.33456848e+02, 3.31952698e+02,
    8.27398132e+02, 3.56507111e+02, 8.21074585e+02, 3.80768616e+02,
    8.14790283e+02, 4.04891602e+02, 8.08849121e+02, 4.29119873e+02,
    8.34050354e+02, 2.24740921e+02, 8.27866028e+02, 2.49921295e+02,
    8.21741455e+02, 2.74960480e+02, 8.15529358e+02, 3.00028625e+02,
    8.08999939e+02, 3.24741180e+02, 8.02956970e+02, 3.49486847e+02,
    7.96739624e+02, 3.73954590e+02, 7.90699280e+02, 3.98353058e+02,
    7.84576782e+02, 4.22756073e+02, 8.09239319e+02, 2.16550903e+02,
    8.02961853e+02, 2.41893295e+02, 7.96863525e+02, 2.67092865e+02,
    7.90632874e+02, 2.92449585e+02, 7.84385925e+02, 3.17525879e+02,
    7.78156738e+02, 3.42337555e+02, 7.72000916e+02, 3.67139313e+02,
    7.65877563e+02, 3.91683838e+02, 7.59699585e+02, 4.16263855e+02,
    7.84022461e+02, 2.08389908e+02, 7.77669861e+02, 2.33846985e+02,
    7.71648621e+02, 2.59344147e+02, 7.65386963e+02, 2.84703461e+02,
    7.59219360e+02, 3.10073517e+02, 7.53103394e+02, 3.35126251e+02,
    7.46782593e+02, 3.60153992e+02, 7.40715759e+02, 3.84946167e+02,
    7.34557068e+02, 4.09459290e+02, 7.58336548e+02, 1.99710098e+02,
    7.52134094e+02, 2.25531158e+02, 7.45989624e+02, 2.51203186e+02,
    7.39658142e+02, 2.76803131e+02, 7.33533752e+02, 3.02486389e+02,
    7.27478455e+02, 3.27751678e+02, 7.21380615e+02, 3.53086273e+02,
    7.15299744e+02, 3.77986603e+02, 7.09117554e+02, 4.02807739e+02,
    7.32288147e+02, 1.91306137e+02, 7.26049988e+02, 2.17282806e+02,
    7.19820801e+02, 2.42842804e+02, 7.13590454e+02, 2.68911285e+02,
    7.07443481e+02, 2.94687286e+02, 7.01417175e+02, 3.20276520e+02,
    6.95308899e+02, 3.45676270e+02, 6.89179138e+02, 3.70986511e+02,
    6.83094238e+02, 3.96124329e+02, 7.05682556e+02, 1.82462860e+02,
    6.99552429e+02, 2.08571869e+02, 6.93288025e+02, 2.34686371e+02,
    6.87001221e+02, 2.60747589e+02, 6.81189087e+02, 2.86851288e+02,
    6.75011230e+02, 3.12587708e+02, 6.68817871e+02, 3.38468811e+02,
    6.62745911e+02, 3.63675110e+02, 6.56666260e+02, 3.89079742e+02,
    6.78678162e+02, 1.73467499e+02, 6.72462097e+02, 1.99704865e+02,
    6.66227966e+02, 2.26306152e+02, 6.60207581e+02, 2.52581436e+02,
    6.54125732e+02, 2.78816650e+02, 6.48054077e+02, 3.04770813e+02,
    6.41911194e+02, 3.30631653e+02, 6.35906067e+02, 3.56475342e+02,
    6.29732056e+02, 3.81926300e+02, 6.51333557e+02, 1.64406830e+02,
    6.44976685e+02, 1.91011490e+02, 6.39052979e+02, 2.17740997e+02,
    6.32953308e+02, 2.44285065e+02, 6.26840088e+02, 2.70672760e+02,
    6.20739685e+02, 2.96908417e+02, 6.14660400e+02, 3.23192841e+02,
    6.08575989e+02, 3.48993683e+02, 6.02556091e+02, 3.74847565e+02,
    6.23326111e+02, 1.55070496e+02, 6.17370789e+02, 1.82065125e+02,
    6.11276306e+02, 2.09159042e+02, 6.05029541e+02, 2.35620010e+02,
    5.98816711e+02, 2.62431732e+02, 5.92751038e+02, 2.88673859e+02,
    5.86795044e+02, 3.15295746e+02, 5.80862793e+02, 3.41362640e+02,
    5.74727295e+02, 3.67450775e+02 ]
