%YAML:1.0
points: [ 1.01369305e+03, 2.54254898e+02, 1.00280408e+03, 2.70501343e+02,
    9.92345703e+02, 2.86494171e+02, 9.81588074e+02, 3.02164703e+02,
    9.71463623e+02, 3.17786621e+02, 9.60560425e+02, 3.32666199e+02,
    9.51318054e+02, 3.48463257e+02, 9.40446228e+02, 3.62797211e+02,
    9.30844238e+02, 3.77662170e+02, 9.99632202e+02, 2.45819717e+02,
    9.88988953e+02, 2.62374420e+02, 9.78178528e+02, 2.78443512e+02,
    9.67715942e+02, 2.94489929e+02, 9.57080383e+02, 3.10133545e+02,
    9.46836243e+02, 3.25575500e+02, 9.36669861e+02, 3.40856903e+02,
    9.26545105e+02, 3.56130707e+02, 9.16629150e+02, 3.70804047e+02,
    9.85381714e+02, 2.37010696e+02, 9.74444092e+02, 2.53629456e+02,
    9.63748108e+02, 2.70203369e+02, 9.53198730e+02, 2.86245819e+02,
    9.42525696e+02, 3.01961853e+02, 9.32282410e+02, 3.17856232e+02,
    9.21869446e+02, 3.33150635e+02, 9.12196045e+02, 3.48782074e+02,
    9.01867065e+02, 3.63503204e+02, 9.70498779e+02, 2.27819778e+02,
    9.59630127e+02, 2.44637146e+02, 9.49083801e+02, 2.61560059e+02,
    9.38350525e+02, 2.77885559e+02, 9.27552246e+02, 2.93694275e+02,
    9.17261230e+02, 3.09579376e+02, 9.06914612e+02, 3.25390320e+02,
    8.97186401e+02, 3.41323151e+02, 8.86874207e+02, 3.56198364e+02,
    9.55219055e+02, 2.18369980e+02, 9.44454590e+02, 2.35606079e+02,
    9.33935486e+02, 2.52730057e+02, 9.23248596e+02, 2.69126099e+02,
    9.12352234e+02, 2.85234619e+02, 9.02059998e+02, 3.01498505e+02,
    8.91671997e+02, 3.17263397e+02, 8.81879272e+02, 3.33430847e+02,
    8.71729797e+02, 3.48478912e+02, 9.39729431e+02, 2.08762177e+02,
    9.28909851e+02, 2.26323761e+02, 9.18450928e+02, 2.43710922e+02,
    9.07561584e+02, 2.60399994e+02, 8.96657166e+02, 2.76507202e+02,
    8.86403809e+02, 2.93004364e+02, 8.76083679e+02, 3.09131104e+02,
    8.66305603e+02, 3.25551971e+02, 8.56147339e+02, 3.40962067e+02,
    9.23835754e+02, 1.98940735e+02, 9.12984924e+02, 2.16666046e+02,
    9.02550903e+02, 2.34541412e+02, 8.91696045e+02, 2.51456131e+02,
    8.80777832e+02, 2.67646271e+02, 8.70466492e+02, 2.84457123e+02,
    8.60251038e+02, 3.00797638e+02, 8.50345581e+02, 3.17295380e+02,
    8.40232300e+02, 3.33068390e+02, 9.07594177e+02, 1.88868622e+02,
    8.96831238e+02, 2.06962189e+02, 8.86194946e+02, 2.24902161e+02,
    8.75410461e+02, 2.42206284e+02, 8.64606506e+02, 2.58793457e+02,
    8.54428406e+02, 2.75883636e+02, 8.43975525e+02, 2.92389984e+02,
    8.33893188e+02, 3.08965912e+02, 8.23945618e+02, 3.25225311e+02,
    8.90984680e+02, 1.78505692e+02, 8.80235535e+02, 1.97023407e+02,
    8.69470032e+02, 2.15028870e+02, 8.58741333e+02, 2.32537552e+02,
    8.48071655e+02, 2.49637573e+02, 8.37775391e+02, 2.67142639e+02,
    8.27473938e+02, 2.83739868e+02, 8.17301636e+02, 3.00326538e+02,
    8.07455688e+02, 3.16847137e+02, 8.74153137e+02, 1.68168060e+02,
    8.63195251e+02, 1.86571716e+02, 8.52407715e+02, 2.04836456e+02,
    8.41802124e+02, 2.22693756e+02, 8.31144836e+02, 2.40479767e+02,
    8.20872742e+02, 2.58082031e+02, 8.10410095e+02, 2.74715485e+02,
    8.00563782e+02, 2.91965851e+02, 7.90455505e+02, 3.08503815e+02,
    8.56686707e+02, 1.57233627e+02, 8.45900757e+02, 1.76088547e+02,
    8.34977356e+02, 1.94580811e+02, 8.24337097e+02, 2.12677231e+02,
    8.13695618e+02, 2.30739349e+02, 8.03585083e+02, 2.48606171e+02,
    7.93040527e+02, 2.65588989e+02, 7.83055237e+02, 2.82986298e+02,
    7.73148071e+02, 3.00030334e+02 ]
