%YAML:1.0
points: [ 6.64207642e+02, 4.77186737e+02, 6.64207703e+02, 4.77186768e+02,
    6.64634460e+02, 4.88461304e+02, 6.64171204e+02, 5.00234528e+02,
    6.64169922e+02, 5.23207092e+02, 6.64169922e+02, 5.23207092e+02,
    6.64596985e+02, 5.46621643e+02, 6.72887817e+02, 5.46828430e+02,
    6.64310242e+02, 5.57323669e+02, 6.64207642e+02, 4.77186737e+02,
    6.64207642e+02, 4.77186768e+02, 6.64634338e+02, 4.88461273e+02,
    6.64171143e+02, 5.00234528e+02, 6.64915039e+02, 5.11739899e+02,
    6.64169861e+02, 5.23207092e+02, 6.64596863e+02, 5.46621582e+02,
    6.64596863e+02, 5.46621643e+02, 6.64310181e+02, 5.57323792e+02,
    6.38878723e+02, 4.76152802e+02, 6.38878723e+02, 4.76152802e+02,
    6.39680725e+02, 4.87727570e+02, 6.39613586e+02, 5.11447632e+02,
    6.39306946e+02, 5.22808350e+02, 6.39306946e+02, 5.22808411e+02,
    6.39165100e+02, 5.46441589e+02, 6.39457031e+02, 5.57819336e+02,
    6.39456970e+02, 5.57819397e+02, 6.38878662e+02, 4.76152802e+02,
    6.38878662e+02, 4.76152863e+02, 6.39680664e+02, 4.87727570e+02,
    6.39453735e+02, 4.99290466e+02, 6.27705566e+02, 5.22547485e+02,
    6.39306885e+02, 5.22808350e+02, 6.39164917e+02, 5.46441589e+02,
    6.39164917e+02, 5.46441589e+02, 6.39456970e+02, 5.57819336e+02,
    6.28075623e+02, 4.76409027e+02, 6.28075623e+02, 4.76409027e+02,
    6.27322571e+02, 4.87467468e+02, 6.27738281e+02, 4.98857941e+02,
    6.27705444e+02, 5.22547546e+02, 6.27404846e+02, 5.34254883e+02,
    6.27404846e+02, 5.34254883e+02, 6.27309937e+02, 5.46185852e+02,
    6.14352051e+02, 5.57396423e+02, 6.02398071e+02, 4.75546875e+02,
    6.02398071e+02, 4.75546875e+02, 6.01635803e+02, 4.87519196e+02,
    6.02540710e+02, 4.98847809e+02, 6.02257812e+02, 5.22651428e+02,
    6.02257812e+02, 5.22651428e+02, 6.02214417e+02, 5.46321472e+02,
    6.02214417e+02, 5.46321472e+02, 6.02053223e+02, 5.69776917e+02,
    5.90514343e+02, 4.75525604e+02, 6.02397949e+02, 4.75546906e+02,
    5.91186340e+02, 4.87082245e+02, 6.02540649e+02, 4.98847809e+02,
    5.89390259e+02, 5.22347717e+02, 5.89390259e+02, 5.22347717e+02,
    6.02214294e+02, 5.46321411e+02, 6.02214294e+02, 5.46321411e+02,
    6.01612305e+02, 5.57662048e+02, 5.90514282e+02, 4.75525574e+02,
    5.90514282e+02, 4.75525574e+02, 5.75895630e+02, 4.86449158e+02,
    5.90213318e+02, 4.98810638e+02, 5.89390198e+02, 5.22347656e+02,
    5.89390198e+02, 5.22347656e+02, 5.89578430e+02, 5.45763550e+02,
    5.89578430e+02, 5.45763550e+02, 5.89374451e+02, 5.57278687e+02,
    5.64512878e+02, 4.74421356e+02, 5.65062805e+02, 4.86419250e+02,
    5.76387939e+02, 4.97919891e+02, 5.76387939e+02, 4.97919891e+02,
    5.77133118e+02, 5.21761536e+02, 5.77133118e+02, 5.21761536e+02,
    5.77003052e+02, 5.46673706e+02, 5.65296875e+02, 5.57403320e+02,
    5.76366516e+02, 5.69488220e+02, 5.64512756e+02, 4.74421326e+02,
    5.64512756e+02, 4.74421326e+02, 5.65062683e+02, 4.86419281e+02,
    5.64799133e+02, 4.98385254e+02, 5.64410400e+02, 5.21766724e+02,
    5.64669922e+02, 5.33724426e+02, 5.64669922e+02, 5.33724426e+02,
    5.64379333e+02, 5.45973999e+02, 5.57646179e+02, 5.66420959e+02,
    5.41704163e+02, 4.63567688e+02, 5.41717285e+02, 4.86341492e+02,
    5.41717285e+02, 4.86341522e+02, 5.44600159e+02, 4.97306122e+02,
    5.44281128e+02, 5.21221252e+02, 5.44644165e+02, 5.33656128e+02,
    5.44141541e+02, 5.45894104e+02, 5.44141479e+02, 5.45894226e+02,
    5.41555725e+02, 5.57435364e+02 ]
