%YAML:1.0
points: [ 8.75125366e+02, 3.96834778e+02, 8.61542480e+02, 4.07879639e+02,
    8.46528809e+02, 4.19371674e+02, 8.31377014e+02, 4.31248901e+02,
    8.15347717e+02, 4.43599060e+02, 7.98237610e+02, 4.56544525e+02,
    7.81751221e+02, 4.69906372e+02, 7.63113892e+02, 4.83897736e+02,
    7.43957458e+02, 4.98650421e+02, 8.65768372e+02, 3.72069733e+02,
    8.51508118e+02, 3.82671722e+02, 8.36188110e+02, 3.93735718e+02,
    8.20731445e+02, 4.05366119e+02, 8.04228882e+02, 4.17264709e+02,
    7.86815430e+02, 4.29931580e+02, 7.69196838e+02, 4.42733704e+02,
    7.50866455e+02, 4.56247070e+02, 7.31269653e+02, 4.70473389e+02,
    8.55469971e+02, 3.46859833e+02, 8.40843628e+02, 3.57074127e+02,
    8.25619690e+02, 3.67692596e+02, 8.09437622e+02, 3.78792755e+02,
    7.91921082e+02, 3.90517151e+02, 7.74788025e+02, 4.02550110e+02,
    7.55958069e+02, 4.15296326e+02, 7.37875549e+02, 4.28050079e+02,
    7.17056519e+02, 4.41947266e+02, 8.44963318e+02, 3.21127655e+02,
    8.29573242e+02, 3.31114716e+02, 8.14396912e+02, 3.41032745e+02,
    7.97634216e+02, 3.51896942e+02, 7.79483337e+02, 3.63124512e+02,
    7.61488403e+02, 3.74854523e+02, 7.42410034e+02, 3.86797363e+02,
    7.24243591e+02, 3.99324463e+02, 7.02770020e+02, 4.12569397e+02,
    8.33418701e+02, 2.95041229e+02, 8.18214539e+02, 3.04362427e+02,
    8.02842712e+02, 3.14038513e+02, 7.85296143e+02, 3.24396637e+02,
    7.66689575e+02, 3.35325195e+02, 7.48524048e+02, 3.46335968e+02,
    7.28885193e+02, 3.57985901e+02, 7.09846130e+02, 3.69680817e+02,
    6.87873230e+02, 3.82665619e+02, 8.22305725e+02, 2.68108032e+02,
    8.06595703e+02, 2.77058624e+02, 7.90929932e+02, 2.86113617e+02,
    7.73073059e+02, 2.96067841e+02, 7.53566711e+02, 3.06572632e+02,
    7.34783203e+02, 3.17234344e+02, 7.14644653e+02, 3.28321503e+02,
    6.95200684e+02, 3.39596863e+02, 6.72755005e+02, 3.51750000e+02,
    8.10533020e+02, 2.40722900e+02, 7.94614624e+02, 2.49139465e+02,
    7.78764893e+02, 2.57682373e+02, 7.60368042e+02, 2.67071869e+02,
    7.40321045e+02, 2.77376099e+02, 7.20827637e+02, 2.87384857e+02,
    7.00518188e+02, 2.97954803e+02, 6.80142212e+02, 3.08589264e+02,
    6.57318359e+02, 3.20408630e+02, 7.98862000e+02, 2.12745010e+02,
    7.82884399e+02, 2.20526352e+02, 7.65835083e+02, 2.28620819e+02,
    7.47208618e+02, 2.37633957e+02, 7.26907166e+02, 2.47201553e+02,
    7.07464661e+02, 2.56658844e+02, 6.86039856e+02, 2.66582886e+02,
    6.64586060e+02, 2.77052856e+02, 6.41576294e+02, 2.87806122e+02,
    7.86819824e+02, 1.84136780e+02, 7.70428284e+02, 1.91325073e+02,
    7.52579895e+02, 1.99206863e+02, 7.33592224e+02, 2.07411423e+02,
    7.13179626e+02, 2.16393723e+02, 6.93373413e+02, 2.24971725e+02,
    6.71239014e+02, 2.34699203e+02, 6.48575439e+02, 2.44475555e+02,
    6.25419800e+02, 2.54583679e+02, 7.74831970e+02, 1.54685303e+02,
    7.57213684e+02, 1.61879379e+02, 7.38822449e+02, 1.68946472e+02,
    7.19631531e+02, 1.76738556e+02, 6.99337769e+02, 1.84736374e+02,
    6.78839355e+02, 1.92964142e+02, 6.55650940e+02, 2.01981918e+02,
    6.33279541e+02, 2.10967773e+02, 6.08598022e+02, 2.20556152e+02,
    7.62057861e+02, 1.25010345e+02, 7.44287231e+02, 1.31056625e+02,
    7.25400818e+02, 1.38001724e+02, 7.05108521e+02, 1.45027740e+02,
    6.84553284e+02, 1.52550461e+02, 6.63594360e+02, 1.59828476e+02,
    6.39773254e+02, 1.68538925e+02, 6.16283813e+02, 1.76628891e+02,
    5.91738403e+02, 1.85429703e+02 ]
