%YAML:1.0
points: [ 1.57167969e+02, 1.83808685e+02, 1.57722458e+02, 1.87886032e+02,
    1.57638458e+02, 1.97095734e+02, 1.57638458e+02, 1.97095734e+02,
    1.56435623e+02, 2.00377396e+02, 1.56435593e+02, 2.00377411e+02,
    1.58250000e+02, 2.09500000e+02, 1.58806564e+02, 2.13662048e+02,
    1.53292938e+02, 2.17252792e+02, 1.53617081e+02, 1.84429108e+02,
    1.53616989e+02, 1.84429123e+02, 1.53972168e+02, 1.92600555e+02,
    1.50451218e+02, 2.01303680e+02, 1.50342606e+02, 2.01313858e+02,
    1.50029312e+02, 2.03752808e+02, 1.50029312e+02, 2.03752823e+02,
    1.53292892e+02, 2.17252808e+02, 1.53292938e+02, 2.17252792e+02,
    1.49387497e+02, 1.84736893e+02, 1.49331848e+02, 1.86196167e+02,
    1.49711914e+02, 1.92333664e+02, 1.50320328e+02, 2.01316254e+02,
    1.50320328e+02, 2.01316254e+02, 1.50029266e+02, 2.03752869e+02,
    1.50029266e+02, 2.03752869e+02, 1.53292892e+02, 2.17252808e+02,
    1.53292892e+02, 2.17252808e+02, 1.49387466e+02, 1.84736862e+02,
    1.49221527e+02, 1.84716766e+02, 1.45373886e+02, 1.91739304e+02,
    1.45297272e+02, 2.01723373e+02, 1.45297272e+02, 2.01723373e+02,
    1.44959808e+02, 2.03928574e+02, 1.44959808e+02, 2.03928574e+02,
    1.42977509e+02, 2.17139435e+02, 1.42977524e+02, 2.17139420e+02,
    1.40402206e+02, 1.87226593e+02, 1.40402206e+02, 1.87226593e+02,
    1.40402206e+02, 1.87226593e+02, 1.40625290e+02, 1.96328705e+02,
    1.40708084e+02, 2.04446289e+02, 1.40708084e+02, 2.04446320e+02,
    1.40708084e+02, 2.04446320e+02, 1.42977509e+02, 2.17139435e+02,
    1.40634323e+02, 2.17095688e+02, 1.39063416e+02, 1.87332031e+02,
    1.39063416e+02, 1.87332031e+02, 1.39063416e+02, 1.87332031e+02,
    1.31780701e+02, 1.91272324e+02, 1.31552948e+02, 2.04564667e+02,
    1.31552948e+02, 2.04564667e+02, 1.31552948e+02, 2.04564667e+02,
    1.35689362e+02, 2.13646759e+02, 1.35747345e+02, 2.16823486e+02,
    1.31965408e+02, 1.87831436e+02, 1.31965378e+02, 1.87831436e+02,
    1.31780701e+02, 1.91272324e+02, 1.31780701e+02, 1.91272324e+02,
    1.31552948e+02, 2.04564667e+02, 1.31552948e+02, 2.04564667e+02,
    1.31552933e+02, 2.04564682e+02, 1.31357437e+02, 2.13658447e+02,
    1.31400482e+02, 2.16674255e+02, 1.27368317e+02, 1.88111023e+02,
    1.27368309e+02, 1.88111038e+02, 1.27175819e+02, 1.91554596e+02,
    1.27175789e+02, 1.91554626e+02, 1.31552933e+02, 2.04564682e+02,
    1.27714516e+02, 2.04813385e+02, 1.27714508e+02, 2.04813385e+02,
    1.26877289e+02, 2.13127411e+02, 1.28802124e+02, 2.16506287e+02,
    1.22848221e+02, 1.85390427e+02, 1.22872437e+02, 1.87696320e+02,
    1.22779884e+02, 1.91776169e+02, 1.22779884e+02, 1.91776169e+02,
    1.22613518e+02, 1.99990570e+02, 1.22300285e+02, 2.05121719e+02,
    1.18083900e+02, 2.08594574e+02, 1.18083717e+02, 2.08594589e+02,
    1.21913010e+02, 2.15576614e+02, 1.17951820e+02, 1.83823380e+02,
    1.18636803e+02, 1.87525940e+02, 1.22779884e+02, 1.91776169e+02,
    1.22779884e+02, 1.91776169e+02, 1.22613495e+02, 1.99990555e+02,
    1.18083717e+02, 2.08594589e+02, 1.18083672e+02, 2.08594620e+02,
    1.18083672e+02, 2.08594620e+02, 1.17339783e+02, 2.15336380e+02,
    1.15426460e+02, 1.84401733e+02, 1.15454124e+02, 1.86888733e+02,
    1.15741508e+02, 1.92140366e+02, 1.15696663e+02, 1.95565796e+02,
    1.15786629e+02, 1.99416977e+02, 1.16231018e+02, 2.08559586e+02,
    1.16231026e+02, 2.08559616e+02, 1.16231026e+02, 2.08559616e+02,
    1.17339638e+02, 2.15336334e+02 ]
