%YAML:1.0
points: [ 6.48768982e+02, 4.73577759e+02, 6.48588074e+02, 4.85585236e+02,
    6.48469604e+02, 4.97152100e+02, 6.48469604e+02, 4.97152100e+02,
    6.48607117e+02, 5.21276917e+02, 6.54995422e+02, 5.33626892e+02,
    6.54731812e+02, 5.46486694e+02, 6.54732178e+02, 5.46486755e+02,
    6.55438904e+02, 5.57617371e+02, 6.43019531e+02, 4.64673950e+02,
    6.48768860e+02, 4.73577820e+02, 6.48469543e+02, 4.97152039e+02,
    6.48469543e+02, 4.97152039e+02, 6.42325256e+02, 5.09640625e+02,
    6.35285889e+02, 5.32755981e+02, 6.48845642e+02, 5.46127380e+02,
    6.48845642e+02, 5.46127563e+02, 6.34664368e+02, 5.58346558e+02,
    6.22716980e+02, 4.72629852e+02, 6.36729248e+02, 4.85417358e+02,
    6.36729248e+02, 4.85417358e+02, 6.29422729e+02, 4.96697632e+02,
    6.29695740e+02, 5.08960571e+02, 6.22345215e+02, 5.34001160e+02,
    6.36459534e+02, 5.46244751e+02, 6.36459534e+02, 5.46244751e+02,
    6.29004639e+02, 5.58000916e+02, 6.17803894e+02, 4.73018768e+02,
    6.17803894e+02, 4.73018768e+02, 6.17374207e+02, 4.97300323e+02,
    6.17374207e+02, 4.97300323e+02, 6.16248840e+02, 5.08719604e+02,
    6.16637817e+02, 5.33806702e+02, 6.16637695e+02, 5.33806885e+02,
    6.16904602e+02, 5.45751038e+02, 6.22657410e+02, 5.65450012e+02,
    6.04204651e+02, 4.73096039e+02, 6.04464294e+02, 4.84472290e+02,
    6.04464294e+02, 4.84472321e+02, 6.03972717e+02, 5.09264099e+02,
    6.03972717e+02, 5.09264160e+02, 6.03673279e+02, 5.33567566e+02,
    6.03101196e+02, 5.46061035e+02, 6.03101257e+02, 5.46061218e+02,
    6.03562988e+02, 5.57629639e+02, 5.91658630e+02, 4.71820831e+02,
    5.91658691e+02, 4.71820862e+02, 5.91454102e+02, 4.96323883e+02,
    5.91454041e+02, 4.96323914e+02, 5.90858032e+02, 5.21208618e+02,
    5.90858093e+02, 5.21208740e+02, 5.90779846e+02, 5.45799377e+02,
    5.90779846e+02, 5.45799438e+02, 5.90347961e+02, 5.66376221e+02,
    5.78285767e+02, 4.71446289e+02, 5.78285767e+02, 4.71446320e+02,
    5.78198486e+02, 4.84143433e+02, 5.78059814e+02, 5.08321747e+02,
    5.77674683e+02, 5.21044800e+02, 5.77674683e+02, 5.21045044e+02,
    5.77220459e+02, 5.46151733e+02, 5.77199768e+02, 5.57542358e+02,
    5.76729431e+02, 5.66439026e+02, 5.65571899e+02, 4.71685638e+02,
    5.65571899e+02, 4.71685699e+02, 5.64707520e+02, 4.83815094e+02,
    5.64985596e+02, 4.96138977e+02, 5.64437866e+02, 5.08630646e+02,
    5.64973511e+02, 5.21048218e+02, 5.64615112e+02, 5.46283325e+02,
    5.64615051e+02, 5.46283447e+02, 5.70552856e+02, 5.65134338e+02,
    5.52120117e+02, 4.71450989e+02, 5.52120117e+02, 4.71451019e+02,
    5.51385803e+02, 4.95602997e+02, 5.51536499e+02, 5.08512451e+02,
    5.51536499e+02, 5.08512482e+02, 5.50902832e+02, 5.32753357e+02,
    5.50882263e+02, 5.45972046e+02, 5.50882263e+02, 5.45972290e+02,
    5.50569702e+02, 5.66712891e+02, 5.38793579e+02, 4.62864105e+02,
    5.39306152e+02, 4.70997253e+02, 5.38567688e+02, 4.96130096e+02,
    5.38431396e+02, 5.08480469e+02, 5.38431396e+02, 5.08480499e+02,
    5.37892578e+02, 5.32576721e+02, 5.37834717e+02, 5.45603027e+02,
    5.37834717e+02, 5.45603088e+02, 5.37529053e+02, 5.66511047e+02,
    5.25504150e+02, 4.70507874e+02, 5.25504150e+02, 4.70507904e+02,
    5.25201782e+02, 4.83096069e+02, 5.24848694e+02, 5.08437012e+02,
    5.24848755e+02, 5.08437042e+02, 5.24586670e+02, 5.32586182e+02,
    5.24037292e+02, 5.45638855e+02, 5.24037292e+02, 5.45638916e+02,
    5.23549194e+02, 5.66604065e+02 ]
