%YAML:1.0
points: [ 1.35263245e+02, 1.41268539e+02, 1.35263260e+02, 1.41268570e+02,
    1.39855774e+02, 1.43756393e+02, 1.44636734e+02, 1.44449234e+02,
    1.52004562e+02, 1.40833817e+02, 1.56698456e+02, 1.40792404e+02,
    1.61899734e+02, 1.41624237e+02, 1.68896652e+02, 1.46965256e+02,
    1.68896713e+02, 1.46965286e+02, 1.35241623e+02, 1.43505127e+02,
    1.35241623e+02, 1.43505127e+02, 1.39855774e+02, 1.43756393e+02,
    1.49740234e+02, 1.47342438e+02, 1.54191025e+02, 1.49942719e+02,
    1.54190811e+02, 1.49947144e+02, 1.58707016e+02, 1.49781647e+02,
    1.68896652e+02, 1.46965256e+02, 1.68896713e+02, 1.46965286e+02,
    1.35088089e+02, 1.47419601e+02, 1.35235184e+02, 1.45452194e+02,
    1.39792953e+02, 1.47643051e+02, 1.49670731e+02, 1.49280502e+02,
    1.54190811e+02, 1.49947144e+02, 1.54190811e+02, 1.49947144e+02,
    1.58707016e+02, 1.49781647e+02, 1.68514267e+02, 1.50685715e+02,
    1.68514267e+02, 1.50685699e+02, 1.34686859e+02, 1.52696182e+02,
    1.34686859e+02, 1.52696182e+02, 1.44668655e+02, 1.53052643e+02,
    1.49484070e+02, 1.53638290e+02, 1.49484100e+02, 1.53638290e+02,
    1.53895187e+02, 1.53371140e+02, 1.64127640e+02, 1.54127777e+02,
    1.68514267e+02, 1.50685715e+02, 1.68514267e+02, 1.50685715e+02,
    1.34509247e+02, 1.56819992e+02, 1.34509247e+02, 1.56819992e+02,
    1.44560211e+02, 1.57405334e+02, 1.49229721e+02, 1.57489731e+02,
    1.49229721e+02, 1.57489731e+02, 1.53664276e+02, 1.58040817e+02,
    1.64127640e+02, 1.54127777e+02, 1.67847397e+02, 1.59298431e+02,
    1.67847382e+02, 1.59298477e+02, 1.34371307e+02, 1.61140106e+02,
    1.39307510e+02, 1.61427536e+02, 1.41657074e+02, 1.61477356e+02,
    1.44345795e+02, 1.59661926e+02, 1.49139389e+02, 1.61795074e+02,
    1.53695374e+02, 1.62168274e+02, 1.63268463e+02, 1.67888000e+02,
    1.63268463e+02, 1.67888000e+02, 1.67695999e+02, 1.63876724e+02,
    1.34204102e+02, 1.65215164e+02, 1.34204132e+02, 1.65214554e+02,
    1.39256439e+02, 1.65472107e+02, 1.44041168e+02, 1.65923569e+02,
    1.49041428e+02, 1.64506790e+02, 1.58674118e+02, 1.69849289e+02,
    1.63268448e+02, 1.67888016e+02, 1.63268463e+02, 1.67888000e+02,
    1.67519516e+02, 1.68205780e+02, 1.34203934e+02, 1.65219376e+02,
    1.34203918e+02, 1.65219757e+02, 1.39174484e+02, 1.68255432e+02,
    1.43922180e+02, 1.68683319e+02, 1.53787918e+02, 1.71899231e+02,
    1.58593491e+02, 1.71933609e+02, 1.63010635e+02, 1.72504181e+02,
    1.63010635e+02, 1.72504196e+02, 1.67704147e+02, 1.74865158e+02,
    1.34066727e+02, 1.74590897e+02, 1.34066727e+02, 1.74590897e+02,
    1.43856308e+02, 1.75498474e+02, 1.48720718e+02, 1.75974899e+02,
    1.53674545e+02, 1.76127441e+02, 1.58358261e+02, 1.76323349e+02,
    1.58358246e+02, 1.76323395e+02, 1.62908585e+02, 1.76312805e+02,
    1.67771652e+02, 1.76636200e+02, 1.33850220e+02, 1.76596741e+02,
    1.38752579e+02, 1.79582779e+02, 1.43869629e+02, 1.80155548e+02,
    1.48654922e+02, 1.80626053e+02, 1.53438095e+02, 1.80767105e+02,
    1.55599899e+02, 1.80673370e+02, 1.58185059e+02, 1.78665436e+02,
    1.67929962e+02, 1.81551682e+02, 1.67929977e+02, 1.81551682e+02,
    1.33709930e+02, 1.81718735e+02, 1.33709915e+02, 1.81718735e+02,
    1.43676865e+02, 1.82183655e+02, 1.48540176e+02, 1.82841476e+02,
    1.53287277e+02, 1.82585083e+02, 1.53287277e+02, 1.82585037e+02,
    1.60824020e+02, 1.85792343e+02, 1.67769089e+02, 1.83829834e+02,
    1.67769089e+02, 1.83829819e+02 ]
