%YAML:1.0
points: [ 3.61760132e+02, 2.58445526e+02, 3.90972626e+02, 2.58073944e+02,
    4.19910980e+02, 2.58454071e+02, 4.48489410e+02, 2.58451996e+02,
    4.76479523e+02, 2.58623230e+02, 5.04439606e+02, 2.59139313e+02,
    5.31450012e+02, 2.58665894e+02, 5.58455872e+02, 2.59104004e+02,
    5.84850464e+02, 2.59460144e+02, 3.63337830e+02, 2.83317871e+02,
    3.92403992e+02, 2.83071625e+02, 4.21653381e+02, 2.83125092e+02,
    4.50053619e+02, 2.82942688e+02, 4.78410004e+02, 2.82970154e+02,
    5.06178345e+02, 2.83288025e+02, 5.33502075e+02, 2.82909546e+02,
    5.60304810e+02, 2.82773010e+02, 5.86792175e+02, 2.82996765e+02,
    3.64768829e+02, 3.08791779e+02, 3.94116516e+02, 3.08483246e+02,
    4.23086212e+02, 3.08075897e+02, 4.51770081e+02, 3.07851471e+02,
    4.80287628e+02, 3.07974426e+02, 5.07909485e+02, 3.07631622e+02,
    5.35418579e+02, 3.07714447e+02, 5.62336792e+02, 3.07079987e+02,
    5.88890930e+02, 3.07396240e+02, 3.66407318e+02, 3.34513580e+02,
    3.96122528e+02, 3.34238068e+02, 4.24784424e+02, 3.33419678e+02,
    4.53659943e+02, 3.33142609e+02, 4.82071808e+02, 3.33056580e+02,
    5.09978424e+02, 3.32804749e+02, 5.37609192e+02, 3.32468292e+02,
    5.64339050e+02, 3.31467896e+02, 5.90847229e+02, 3.31481262e+02,
    3.68218018e+02, 3.60540771e+02, 3.97590088e+02, 3.59717773e+02,
    4.26597137e+02, 3.58758545e+02, 4.55435089e+02, 3.58358765e+02,
    4.84018829e+02, 3.58219452e+02, 5.11856049e+02, 3.57422028e+02,
    5.39405945e+02, 3.56954987e+02, 5.66243469e+02, 3.55986847e+02,
    5.92901978e+02, 3.55895752e+02, 3.69855011e+02, 3.86478699e+02,
    3.99271210e+02, 3.85578400e+02, 4.28255798e+02, 3.84303162e+02,
    4.57255402e+02, 3.83698486e+02, 4.85897430e+02, 3.83387299e+02,
    5.13710938e+02, 3.82635895e+02, 5.41411804e+02, 3.81875061e+02,
    5.68342773e+02, 3.80803009e+02, 5.95148621e+02, 3.80402313e+02,
    3.71458405e+02, 4.12727051e+02, 4.01029999e+02, 4.11489075e+02,
    4.29871246e+02, 4.10023743e+02, 4.59192993e+02, 4.09210175e+02,
    4.87599121e+02, 4.08663818e+02, 5.15733215e+02, 4.07631439e+02,
    5.43321533e+02, 4.06825989e+02, 5.70318787e+02, 4.05501190e+02,
    5.96930054e+02, 4.04819519e+02, 3.72947693e+02, 4.38843353e+02,
    4.02466553e+02, 4.37467285e+02, 4.31856354e+02, 4.35862457e+02,
    4.60760376e+02, 4.34841583e+02, 4.89578125e+02, 4.33956512e+02,
    5.17563416e+02, 4.32751068e+02, 5.45130066e+02, 4.31595703e+02,
    5.72283020e+02, 4.30385925e+02, 5.99085999e+02, 4.29381592e+02,
    3.74644104e+02, 4.65394318e+02, 4.04214508e+02, 4.63570068e+02,
    4.33649567e+02, 4.62012238e+02, 4.62648071e+02, 4.60584137e+02,
    4.91393707e+02, 4.59564606e+02, 5.19263733e+02, 4.57887238e+02,
    5.47069336e+02, 4.56687042e+02, 5.74371643e+02, 4.55387329e+02,
    6.01143982e+02, 4.54123779e+02, 3.76099915e+02, 4.91521057e+02,
    4.06046478e+02, 4.89826660e+02, 4.35465851e+02, 4.88052185e+02,
    4.64482452e+02, 4.86536194e+02, 4.92982635e+02, 4.84916473e+02,
    5.21129761e+02, 4.83210419e+02, 5.48942627e+02, 4.81830688e+02,
    5.76151001e+02, 4.80307281e+02, 6.02879517e+02, 4.78674500e+02,
    3.77729156e+02, 5.18207275e+02, 4.07587921e+02, 5.16103821e+02,
    4.37287170e+02, 5.14278259e+02, 4.66261017e+02, 5.12501099e+02,
    4.94897156e+02, 5.10584564e+02, 5.23015503e+02, 5.08615143e+02,
    5.50802429e+02, 5.07324097e+02, 5.78176758e+02, 5.05343536e+02,
    6.05027527e+02, 5.03472900e+02 ]
