%YAML:1.0
points: [ 3.99406738e+02, 2.21237961e+02, 3.84626373e+02, 2.31787048e+02,
    3.70005615e+02, 2.42242783e+02, 3.55808136e+02, 2.52693130e+02,
    3.41417664e+02, 2.62757782e+02, 3.27344269e+02, 2.72998108e+02,
    3.13429443e+02, 2.82995819e+02, 2.99817993e+02, 2.93150970e+02,
    2.86202271e+02, 3.02843781e+02, 3.88059540e+02, 2.07069427e+02,
    3.73494629e+02, 2.17645844e+02, 3.58760620e+02, 2.28107666e+02,
    3.44813934e+02, 2.38565125e+02, 3.30892365e+02, 2.48878067e+02,
    3.16711639e+02, 2.58917297e+02, 3.02894165e+02, 2.69085968e+02,
    2.89289246e+02, 2.78999542e+02, 2.75771973e+02, 2.88982208e+02,
    3.77068909e+02, 1.92943512e+02, 3.62413330e+02, 2.03687485e+02,
    3.48129913e+02, 2.14243271e+02, 3.34066101e+02, 2.24682495e+02,
    3.20060699e+02, 2.34881302e+02, 3.06305481e+02, 2.45193451e+02,
    2.92495178e+02, 2.55364731e+02, 2.79011932e+02, 2.65280548e+02,
    2.65623199e+02, 2.75013031e+02, 3.65902893e+02, 1.79144470e+02,
    3.51512909e+02, 1.89760437e+02, 3.37217773e+02, 2.00302963e+02,
    3.23151794e+02, 2.10670166e+02, 3.09343231e+02, 2.20943832e+02,
    2.95667572e+02, 2.31072861e+02, 2.82002106e+02, 2.41454376e+02,
    2.68739471e+02, 2.51585968e+02, 2.55542252e+02, 2.61440063e+02,
    3.55021088e+02, 1.65320206e+02, 3.41490204e+02, 1.76175201e+02,
    3.26612488e+02, 1.86727844e+02, 3.11559174e+02, 1.97024918e+02,
    2.98987091e+02, 2.07889694e+02, 2.85927399e+02, 2.18030609e+02,
    2.71684937e+02, 2.28315964e+02, 2.58898712e+02, 2.37943863e+02,
    2.45486771e+02, 2.47610321e+02, 3.44135925e+02, 1.51615692e+02,
    3.30217957e+02, 1.61644974e+02, 3.16084747e+02, 1.72910416e+02,
    3.02129700e+02, 1.83627594e+02, 2.87956970e+02, 1.93826874e+02,
    2.75137573e+02, 2.03724579e+02, 2.61211548e+02, 2.14275543e+02,
    2.48569916e+02, 2.24330139e+02, 2.35428818e+02, 2.34329788e+02,
    3.33388153e+02, 1.38115234e+02, 3.19933990e+02, 1.48797958e+02,
    3.05796082e+02, 1.59349640e+02, 2.91919006e+02, 1.70192749e+02,
    2.78273712e+02, 1.80623779e+02, 2.64706543e+02, 1.90653610e+02,
    2.51473099e+02, 2.00845352e+02, 2.38695328e+02, 2.11123169e+02,
    2.25518860e+02, 2.21021561e+02, 3.22661774e+02, 1.24394196e+02,
    3.08954651e+02, 1.34766922e+02, 2.94987152e+02, 1.45935745e+02,
    2.81435577e+02, 1.56926300e+02, 2.67911987e+02, 1.66988770e+02,
    2.54786575e+02, 1.77170746e+02, 2.41402847e+02, 1.87565231e+02,
    2.28569931e+02, 1.97513763e+02, 2.15558899e+02, 2.07829224e+02,
    3.12284393e+02, 1.10886139e+02, 2.98655487e+02, 1.21663139e+02,
    2.84843872e+02, 1.32909927e+02, 2.71091644e+02, 1.43308350e+02,
    2.58043365e+02, 1.53751099e+02, 2.44686401e+02, 1.64077347e+02,
    2.31495544e+02, 1.74309250e+02, 2.18528000e+02, 1.84573471e+02,
    2.05804352e+02, 1.94648254e+02, 3.01829132e+02, 9.74681168e+01,
    2.88181122e+02, 1.08319458e+02, 2.74492126e+02, 1.19214157e+02,
    2.61192749e+02, 1.30073669e+02, 2.47778290e+02, 1.40427704e+02,
    2.34686996e+02, 1.50832092e+02, 2.21719528e+02, 1.61286652e+02,
    2.08747665e+02, 1.71407654e+02, 1.95926254e+02, 1.81560974e+02,
    2.91387024e+02, 8.43915787e+01, 2.77818054e+02, 9.52281036e+01,
    2.64373016e+02, 1.05813774e+02, 2.51128387e+02, 1.16896446e+02,
    2.37925690e+02, 1.27382187e+02, 2.24772491e+02, 1.37849472e+02,
    2.11932266e+02, 1.48239883e+02, 1.99049652e+02, 1.58490906e+02,
    1.86520767e+02, 1.68622345e+02 ]
