# oST version 5.0 parameters


[image]

width
320

height
240

[narrow_stereo]

camera matrix
403.533846 0.000000 153.470313
0.000000 399.684149 113.182460
0.000000 0.000000 1.000000

distortion
0.083488 -0.196376 0.000320 0.001903 0.000000

rectification
1.000000 0.000000 0.000000
0.000000 1.000000 0.000000
0.000000 0.000000 1.000000

projection
405.962219 0.000000 153.388963 0.000000
0.000000 402.035583 112.748118 0.000000
0.000000 0.000000 1.000000 0.000000

