%YAML:1.0
points: [ 2.91110352e+02, 2.11994736e+02, 2.86766388e+02, 2.01604401e+02,
    2.82258301e+02, 1.90934189e+02, 2.77589172e+02, 1.79454697e+02,
    2.72629364e+02, 1.67523132e+02, 3.04840088e+02, 2.10046921e+02,
    3.00779419e+02, 1.99525543e+02, 2.96521790e+02, 1.88580353e+02,
    2.92046967e+02, 1.76858261e+02, 2.87460846e+02, 1.64622253e+02,
    3.19014343e+02, 2.08028137e+02, 3.15217529e+02, 1.97416748e+02,
    3.11288879e+02, 1.86049545e+02, 3.07113403e+02, 1.74207001e+02,
    3.02784851e+02, 1.61662109e+02, 3.33670807e+02, 2.05990723e+02,
    3.30178772e+02, 1.95260590e+02, 3.26583771e+02, 1.83515091e+02,
    3.22763611e+02, 1.71429718e+02, 3.18761017e+02, 1.58625687e+02,
    3.48799408e+02, 2.03950043e+02, 3.45672333e+02, 1.92916443e+02,
    3.42373993e+02, 1.80942169e+02, 3.38916290e+02, 1.68545471e+02,
    3.35265778e+02, 1.55477325e+02, 3.64498779e+02, 2.01791290e+02,
    3.61719910e+02, 1.90540039e+02, 3.58768127e+02, 1.78392319e+02,
    3.55649139e+02, 1.65606888e+02, 3.52431549e+02, 1.52223892e+02,
    3.80750610e+02, 1.99570297e+02, 3.78323853e+02, 1.88044769e+02,
    3.75770721e+02, 1.75656738e+02, 3.73108185e+02, 1.62625336e+02,
    3.70276489e+02, 1.49003098e+02 ]
