%YAML:1.0
points: [ 4.00382141e+02, 3.20606628e+02, 3.84395569e+02, 3.25650696e+02,
    3.68451599e+02, 3.30851227e+02, 3.52251831e+02, 3.35733917e+02,
    3.36001953e+02, 3.40869751e+02, 3.99110199e+02, 3.07497162e+02,
    3.82870239e+02, 3.12548798e+02, 3.66522491e+02, 3.17877502e+02,
    3.50019653e+02, 3.22764465e+02, 3.33360809e+02, 3.27903534e+02,
    3.97791351e+02, 2.93794983e+02, 3.81281525e+02, 2.99103394e+02,
    3.64410034e+02, 3.04154205e+02, 3.47594299e+02, 3.09293274e+02,
    3.30776581e+02, 3.14448090e+02, 3.96366913e+02, 2.79589630e+02,
    3.79649597e+02, 2.85125122e+02, 3.62322296e+02, 2.89920135e+02,
    3.45179810e+02, 2.95188171e+02, 3.28047699e+02, 3.00430054e+02,
    3.95043518e+02, 2.64798187e+02, 3.77806305e+02, 2.70317841e+02,
    3.60217010e+02, 2.75313904e+02, 3.42631989e+02, 2.80575867e+02,
    3.25183868e+02, 2.85982178e+02, 3.93525238e+02, 2.49426788e+02,
    3.75914886e+02, 2.54979721e+02, 3.58062927e+02, 2.60145721e+02,
    3.40064514e+02, 2.65471893e+02, 3.22210602e+02, 2.70878448e+02,
    3.91992950e+02, 2.33400162e+02, 3.73993256e+02, 2.39116684e+02,
    3.55698639e+02, 2.44250031e+02, 3.37402740e+02, 2.49723602e+02,
    3.19219849e+02, 2.55443253e+02 ]
