%YAML:1.0
points: [ 4.02707611e+02, 6.82322617e+01, 4.03049133e+02, 7.93822250e+01,
    4.03592804e+02, 9.05437546e+01, 4.04681030e+02, 1.01062599e+02,
    4.04730988e+02, 1.11664505e+02, 4.05491486e+02, 1.21759247e+02,
    4.05606110e+02, 1.31761475e+02, 4.06491333e+02, 1.41190216e+02,
    4.06702850e+02, 1.50690262e+02, 3.94795380e+02, 7.14789124e+01,
    3.95747955e+02, 8.29384232e+01, 3.96174011e+02, 9.39198685e+01,
    3.97259766e+02, 1.04850548e+02, 3.97514191e+02, 1.15285675e+02,
    3.98653229e+02, 1.25574356e+02, 3.98748596e+02, 1.35465088e+02,
    3.99204010e+02, 1.45204483e+02, 3.99696289e+02, 1.54676071e+02,
    3.86992645e+02, 7.50113525e+01, 3.87788269e+02, 8.63954926e+01,
    3.88585480e+02, 9.77099838e+01, 3.89761841e+02, 1.08392334e+02,
    3.89988770e+02, 1.19184685e+02, 3.91263641e+02, 1.29510818e+02,
    3.91756897e+02, 1.39565933e+02, 3.92394257e+02, 1.49202682e+02,
    3.92708557e+02, 1.58707657e+02, 3.79133301e+02, 7.84119263e+01,
    3.80014709e+02, 9.01917877e+01, 3.80731201e+02, 1.01322586e+02,
    3.81855530e+02, 1.12442650e+02, 3.82509766e+02, 1.23044258e+02,
    3.83865753e+02, 1.33429123e+02, 3.84669495e+02, 1.43553848e+02,
    3.85116791e+02, 1.53385269e+02, 3.85397308e+02, 1.62700546e+02,
    3.70718750e+02, 8.22177811e+01, 3.72107208e+02, 9.37593155e+01,
    3.72713135e+02, 1.05227165e+02, 3.73747345e+02, 1.16259415e+02,
    3.74672302e+02, 1.27115784e+02, 3.76208344e+02, 1.37535019e+02,
    3.77095001e+02, 1.47776260e+02, 3.77563965e+02, 1.57392014e+02,
    3.77964294e+02, 1.67034775e+02, 3.62275818e+02, 8.60214386e+01,
    3.63948120e+02, 9.77672653e+01, 3.64792084e+02, 1.09240265e+02,
    3.65686066e+02, 1.20274139e+02, 3.66743103e+02, 1.31167038e+02,
    3.68417084e+02, 1.41707413e+02, 3.69347961e+02, 1.51905304e+02,
    3.69729126e+02, 1.61754181e+02, 3.70588776e+02, 1.71199524e+02,
    3.53581268e+02, 8.98637695e+01, 3.55256561e+02, 1.01719658e+02,
    3.56671539e+02, 1.13374031e+02, 3.57576721e+02, 1.24511932e+02,
    3.58613678e+02, 1.35399948e+02, 3.60250122e+02, 1.46001190e+02,
    3.61330292e+02, 1.56199829e+02, 3.61833527e+02, 1.66030579e+02,
    3.62923218e+02, 1.75596924e+02, 3.44732117e+02, 9.38979111e+01,
    3.46545319e+02, 1.05889160e+02, 3.48013031e+02, 1.17557907e+02,
    3.49378326e+02, 1.28841110e+02, 3.50424469e+02, 1.39726913e+02,
    3.52144257e+02, 1.50334671e+02, 3.53232788e+02, 1.60610489e+02,
    3.53962280e+02, 1.70460510e+02, 3.55283569e+02, 1.80136063e+02,
    3.35644928e+02, 9.80119019e+01, 3.37430145e+02, 1.10085991e+02,
    3.39050415e+02, 1.21849945e+02, 3.40661865e+02, 1.33198318e+02,
    3.41865967e+02, 1.44184021e+02, 3.43688538e+02, 1.54807129e+02,
    3.45026855e+02, 1.65176453e+02, 3.45941193e+02, 1.75082581e+02,
    3.47407928e+02, 1.84726120e+02, 3.26310516e+02, 1.02132111e+02,
    3.28260956e+02, 1.14365578e+02, 3.29901276e+02, 1.26149590e+02,
    3.31441193e+02, 1.37598969e+02, 3.33284637e+02, 1.48618469e+02,
    3.34879822e+02, 1.59257996e+02, 3.36234192e+02, 1.69582169e+02,
    3.37827148e+02, 1.79711304e+02, 3.39157745e+02, 1.89307037e+02,
    3.16454865e+02, 1.06551117e+02, 3.18399811e+02, 1.18763115e+02,
    3.20408691e+02, 1.30630524e+02, 3.22101746e+02, 1.42028458e+02,
    3.24073212e+02, 1.53170105e+02, 3.25691101e+02, 1.63836731e+02,
    3.27207825e+02, 1.74157532e+02, 3.29047455e+02, 1.84222916e+02,
    3.30388031e+02, 1.93920212e+02 ]
