%YAML:1.0
points: [ 1.03928235e+03, 1.93488525e+02, 1.02422998e+03, 2.25900055e+02,
    1.00931317e+03, 2.57718994e+02, 9.95758057e+02, 2.89472534e+02,
    9.81291321e+02, 3.19854614e+02, 9.67844849e+02, 3.50344879e+02,
    9.53888245e+02, 3.79610138e+02, 9.41172363e+02, 4.09157837e+02,
    9.27665222e+02, 4.37436890e+02, 1.01173083e+03, 1.79203918e+02,
    9.97245667e+02, 2.12508408e+02, 9.82399719e+02, 2.44942825e+02,
    9.68758118e+02, 2.77426514e+02, 9.54226990e+02, 3.08427155e+02,
    9.41242310e+02, 3.39605499e+02, 9.27160828e+02, 3.69465790e+02,
    9.13818726e+02, 3.99158813e+02, 9.00734680e+02, 4.28402588e+02,
    9.83903076e+02, 1.64519867e+02, 9.68970154e+02, 1.98454712e+02,
    9.54457397e+02, 2.31702042e+02, 9.40949829e+02, 2.64711853e+02,
    9.26459473e+02, 2.96507202e+02, 9.13576233e+02, 3.28511993e+02,
    8.99799805e+02, 3.59194000e+02, 8.86606384e+02, 3.89509399e+02,
    8.73242798e+02, 4.18806061e+02, 9.55298096e+02, 1.49288345e+02,
    9.40522949e+02, 1.84199829e+02, 9.25550598e+02, 2.17918793e+02,
    9.11784058e+02, 2.51630463e+02, 8.97790100e+02, 2.84324921e+02,
    8.84732239e+02, 3.16770386e+02, 8.71489014e+02, 3.48510712e+02,
    8.57809814e+02, 3.79322510e+02, 8.44466736e+02, 4.08906555e+02,
    9.25010742e+02, 1.33477661e+02, 9.10732666e+02, 1.69216187e+02,
    8.95686401e+02, 2.03748062e+02, 8.81619629e+02, 2.37901932e+02,
    8.67741089e+02, 2.71462799e+02, 8.55123230e+02, 3.04827606e+02,
    8.41670349e+02, 3.37238190e+02, 8.27920166e+02, 3.68280518e+02,
    8.14752502e+02, 3.98808319e+02, 8.93784851e+02, 1.17037659e+02,
    8.79754639e+02, 1.53601501e+02, 8.65103638e+02, 1.89300186e+02,
    8.50629883e+02, 2.23972076e+02, 8.36773071e+02, 2.58294647e+02,
    8.24187988e+02, 2.92432922e+02, 8.10629944e+02, 3.25388336e+02,
    7.97112549e+02, 3.56991119e+02, 7.83933777e+02, 3.88404510e+02,
    8.61424805e+02, 9.98070068e+01, 8.47446655e+02, 1.37434509e+02,
    8.33156799e+02, 1.73958374e+02, 8.18704712e+02, 2.09615891e+02,
    8.04749695e+02, 2.44477829e+02, 7.91924377e+02, 2.79420197e+02,
    7.78574219e+02, 3.12880371e+02, 7.64967346e+02, 3.45391052e+02,
    7.52232910e+02, 3.77566620e+02, 8.27973145e+02, 8.22045135e+01,
    8.13744385e+02, 1.20449326e+02, 7.99662292e+02, 1.58046616e+02,
    7.85606750e+02, 1.94714340e+02, 7.71647461e+02, 2.30410507e+02,
    7.58627136e+02, 2.65814972e+02, 7.45399841e+02, 3.00277557e+02,
    7.31872620e+02, 3.33376312e+02, 7.19477295e+02, 3.66603729e+02,
    7.92822632e+02, 6.34831314e+01, 7.78858337e+02, 1.02855331e+02,
    7.64538635e+02, 1.41350769e+02, 7.50902710e+02, 1.78912308e+02,
    7.36972473e+02, 2.15542603e+02, 7.24106384e+02, 2.51772736e+02,
    7.10736755e+02, 2.87008057e+02, 6.97610962e+02, 3.21065521e+02,
    6.85189026e+02, 3.54982117e+02, 7.56591370e+02, 4.43143311e+01,
    7.42346619e+02, 8.45928421e+01, 7.28294556e+02, 1.23814056e+02,
    7.14315491e+02, 1.62366547e+02, 7.01033630e+02, 2.00085678e+02,
    6.87679626e+02, 2.36861069e+02, 6.74572998e+02, 2.72782410e+02,
    6.61868225e+02, 3.08308258e+02, 6.49347900e+02, 3.42601471e+02,
    7.18134277e+02, 2.41370411e+01, 7.04006165e+02, 6.53336182e+01,
    6.90124817e+02, 1.05673515e+02, 6.76365356e+02, 1.44913422e+02,
    6.63084656e+02, 1.83632812e+02, 6.49924866e+02, 2.21404663e+02,
    6.36999939e+02, 2.58150177e+02, 6.24487305e+02, 2.94425720e+02,
    6.12038147e+02, 3.29505981e+02 ]
