%YAML:1.0
points: [ 3.48433441e+02, 2.80453300e+01, 3.52135742e+02, 4.18466988e+01,
    3.55537720e+02, 5.56472816e+01, 3.59263824e+02, 6.90075455e+01,
    3.62423523e+02, 8.22160416e+01, 3.65855438e+02, 9.52028046e+01,
    3.68828979e+02, 1.07863594e+02, 3.72158813e+02, 1.20238800e+02,
    3.75070251e+02, 1.32331940e+02, 3.35811401e+02, 3.26570435e+01,
    3.39626526e+02, 4.66939888e+01, 3.43163696e+02, 6.03332367e+01,
    3.47034241e+02, 7.37670364e+01, 3.50216400e+02, 8.70550766e+01,
    3.53947540e+02, 9.99482727e+01, 3.56983398e+02, 1.12577545e+02,
    3.60218719e+02, 1.24927071e+02, 3.63332458e+02, 1.36975464e+02,
    3.23111450e+02, 3.73790207e+01, 3.26948181e+02, 5.13069572e+01,
    3.30732300e+02, 6.51728516e+01, 3.34682678e+02, 7.85319901e+01,
    3.38110199e+02, 9.17784576e+01, 3.41899414e+02, 1.04699753e+02,
    3.45224792e+02, 1.17285263e+02, 3.48628204e+02, 1.29640594e+02,
    3.51703796e+02, 1.41620529e+02, 3.10357208e+02, 4.21177444e+01,
    3.14406952e+02, 5.62339287e+01, 3.18215607e+02, 7.00064926e+01,
    3.22256409e+02, 8.34167709e+01, 3.25832581e+02, 9.66438446e+01,
    3.29815826e+02, 1.09466003e+02, 3.33366577e+02, 1.22127304e+02,
    3.36761169e+02, 1.34353302e+02, 3.39893738e+02, 1.46293533e+02,
    2.97436554e+02, 4.71337547e+01, 3.01789185e+02, 6.11156731e+01,
    3.05688965e+02, 7.48777237e+01, 3.09688385e+02, 8.83506851e+01,
    3.13540710e+02, 1.01457909e+02, 3.17690186e+02, 1.14273598e+02,
    3.21418945e+02, 1.26915092e+02, 3.24755463e+02, 1.39095032e+02,
    3.28236481e+02, 1.50981079e+02, 2.84587799e+02, 5.20904312e+01,
    2.89177246e+02, 6.60501938e+01, 2.93234467e+02, 7.97896347e+01,
    2.97271271e+02, 9.32480240e+01, 3.01311554e+02, 1.06290863e+02,
    3.05478363e+02, 1.19181808e+02, 3.09322113e+02, 1.31692184e+02,
    3.12867767e+02, 1.43805817e+02, 3.16443268e+02, 1.55667404e+02,
    2.71702271e+02, 5.71186562e+01, 2.76258057e+02, 7.10267868e+01,
    2.80761475e+02, 8.47630692e+01, 2.84826355e+02, 9.82121582e+01,
    2.89070404e+02, 1.11226120e+02, 2.93260773e+02, 1.24064201e+02,
    2.97259155e+02, 1.36420395e+02, 3.00923950e+02, 1.48491058e+02,
    3.04709015e+02, 1.60323334e+02, 2.58781464e+02, 6.20618782e+01,
    2.63498901e+02, 7.60135727e+01, 2.68123718e+02, 8.96526947e+01,
    2.72606720e+02, 1.03109070e+02, 2.76749481e+02, 1.16105537e+02,
    2.81192932e+02, 1.28846756e+02, 2.85247803e+02, 1.41289749e+02,
    2.89154327e+02, 1.53232895e+02, 2.93146942e+02, 1.65120148e+02,
    2.45887314e+02, 6.71041489e+01, 2.50669266e+02, 8.09668961e+01,
    2.55433212e+02, 9.46753769e+01, 2.60057892e+02, 1.07887428e+02,
    2.64467285e+02, 1.20969818e+02, 2.68965637e+02, 1.33700912e+02,
    2.73287170e+02, 1.46095276e+02, 2.77258850e+02, 1.58044479e+02,
    2.81400391e+02, 1.69786545e+02, 2.32793823e+02, 7.20559082e+01,
    2.38069901e+02, 8.62212677e+01, 2.42767487e+02, 9.93946838e+01,
    2.47353943e+02, 1.12779999e+02, 2.52170151e+02, 1.25815002e+02,
    2.56775391e+02, 1.38458542e+02, 2.61143616e+02, 1.50760071e+02,
    2.65467438e+02, 1.62800629e+02, 2.69650299e+02, 1.74404938e+02,
    2.19985123e+02, 7.72475586e+01, 2.24795990e+02, 9.12031097e+01,
    2.30201263e+02, 1.04706436e+02, 2.35053879e+02, 1.17653999e+02,
    2.40012238e+02, 1.30805786e+02, 2.44409973e+02, 1.43244308e+02,
    2.49018311e+02, 1.55438324e+02, 2.53445450e+02, 1.67417175e+02,
    2.57823456e+02, 1.79032867e+02 ]
