%YAML:1.0
points: [ 1.35057239e+03, 4.16999817e+02, 1.31396509e+03, 4.24789948e+02,
    1.27858337e+03, 4.32514801e+02, 1.24477527e+03, 4.39671295e+02,
    1.21210767e+03, 4.46671631e+02, 1.34215979e+03, 3.82497620e+02,
    1.30535791e+03, 3.91113525e+02, 1.27000854e+03, 3.99476776e+02,
    1.23610498e+03, 4.07342560e+02, 1.20337830e+03, 4.14902618e+02,
    1.33372095e+03, 3.47418610e+02, 1.29673804e+03, 3.56922089e+02,
    1.26138342e+03, 3.65812866e+02, 1.22734058e+03, 3.74426575e+02,
    1.19451306e+03, 3.82717346e+02, 1.32511499e+03, 3.11908783e+02,
    1.28797913e+03, 3.22200470e+02, 1.25262646e+03, 3.31728638e+02,
    1.21844312e+03, 3.41075958e+02, 1.18548169e+03, 3.50054443e+02,
    1.31645227e+03, 2.75736664e+02, 1.27917639e+03, 2.86829102e+02,
    1.24374487e+03, 2.97164215e+02, 1.20944897e+03, 3.07240387e+02,
    1.17631006e+03, 3.16962128e+02, 1.30770459e+03, 2.38965210e+02,
    1.27034131e+03, 2.50854233e+02, 1.23469519e+03, 2.62033264e+02,
    1.20033105e+03, 2.72842621e+02, 1.16712561e+03, 2.83236206e+02,
    1.29871509e+03, 2.01570114e+02, 1.26128967e+03, 2.14276321e+02,
    1.22545544e+03, 2.26297180e+02, 1.19093848e+03, 2.37871094e+02,
    1.15761755e+03, 2.49079971e+02 ]
