%YAML:1.0
points: [ 1.28724939e+03, 9.45506409e+02, 1.24568042e+03, 9.56745483e+02,
    1.20399866e+03, 9.68562805e+02, 1.16159509e+03, 9.79679626e+02,
    1.11905029e+03, 9.91377502e+02, 1.28995251e+03, 9.17908081e+02,
    1.24780066e+03, 9.29252319e+02, 1.20484741e+03, 9.41372559e+02,
    1.16151892e+03, 9.52491943e+02, 1.11796423e+03, 9.64281128e+02,
    1.29316467e+03, 8.88856445e+02, 1.24998889e+03, 9.00962097e+02,
    1.20601575e+03, 9.12185181e+02, 1.16157629e+03, 9.23966248e+02,
    1.11695178e+03, 9.35978333e+02, 1.29655225e+03, 8.58472107e+02,
    1.25230469e+03, 8.71291077e+02, 1.20711743e+03, 8.81837219e+02,
    1.16165540e+03, 8.93995361e+02, 1.11587817e+03, 9.06260559e+02,
    1.30018921e+03, 8.26714478e+02, 1.25476526e+03, 8.39558960e+02,
    1.20837427e+03, 8.50542358e+02, 1.16184448e+03, 8.62562500e+02,
    1.11498083e+03, 8.75328186e+02, 1.30393555e+03, 7.93291687e+02,
    1.25744666e+03, 8.06136841e+02, 1.20987732e+03, 8.17679810e+02,
    1.16215662e+03, 8.29659302e+02, 1.11380322e+03, 8.42585266e+02,
    1.30798022e+03, 7.58007324e+02, 1.26026550e+03, 7.71161926e+02,
    1.21148206e+03, 7.82770752e+02, 1.16246667e+03, 7.95248352e+02,
    1.11314172e+03, 8.08649414e+02 ]
