%YAML:1.0
points: [ 2.44008362e+02, 2.32616913e+02, 2.36601639e+02, 2.25575333e+02,
    2.28846954e+02, 2.18581741e+02, 2.20865494e+02, 2.10886566e+02,
    2.12411774e+02, 2.03050751e+02, 2.53141678e+02, 2.31236496e+02,
    2.45697189e+02, 2.24095108e+02, 2.37908951e+02, 2.16890152e+02,
    2.29912613e+02, 2.09033234e+02, 2.21573105e+02, 2.00916016e+02,
    2.62717072e+02, 2.29808792e+02, 2.55235596e+02, 2.22674408e+02,
    2.47531494e+02, 2.14887131e+02, 2.39489670e+02, 2.07035233e+02,
    2.31122955e+02, 1.98686066e+02, 2.72686249e+02, 2.28308746e+02,
    2.65177948e+02, 2.21179550e+02, 2.57607025e+02, 2.12988388e+02,
    2.49528915e+02, 2.04875793e+02, 2.41191925e+02, 1.96362076e+02,
    2.83079468e+02, 2.26796570e+02, 2.75640594e+02, 2.19407104e+02,
    2.68082367e+02, 2.11108749e+02, 2.60092407e+02, 2.02664551e+02,
    2.51650314e+02, 1.93969223e+02, 2.94120331e+02, 2.25232483e+02,
    2.86647827e+02, 2.17563461e+02, 2.79089905e+02, 2.09143158e+02,
    2.71150116e+02, 2.00410034e+02, 2.62760162e+02, 1.91434448e+02,
    3.05639069e+02, 2.23614197e+02, 2.98201996e+02, 2.15694534e+02,
    2.90678741e+02, 2.06975357e+02, 2.82764435e+02, 1.98070511e+02,
    2.74334351e+02, 1.88921021e+02 ]
