%YAML:1.0
points: [ 1.03864575e+03, 3.34672974e+02, 1.02152643e+03, 3.62221680e+02,
    1.00478021e+03, 3.88727478e+02, 9.89515015e+02, 4.15919769e+02,
    9.73404724e+02, 4.40628998e+02, 9.58546509e+02, 4.66139771e+02,
    9.43413818e+02, 4.89761627e+02, 9.29366943e+02, 5.13975159e+02,
    9.15086975e+02, 5.36520935e+02, 1.01297021e+03, 3.24610504e+02,
    9.96210754e+02, 3.53228699e+02, 9.79409241e+02, 3.80432404e+02,
    9.64218201e+02, 4.08079346e+02, 9.48057556e+02, 4.33445251e+02,
    9.33575745e+02, 4.59717621e+02, 9.18505310e+02, 4.83712128e+02,
    9.04126404e+02, 5.07692596e+02, 8.90135742e+02, 5.31369507e+02,
    9.86631775e+02, 3.14532745e+02, 9.69629639e+02, 3.43340454e+02,
    9.53303162e+02, 3.71579193e+02, 9.38128479e+02, 3.99820404e+02,
    9.22255371e+02, 4.26059967e+02, 9.07816589e+02, 4.53079315e+02,
    8.93096680e+02, 4.77991455e+02, 8.78681824e+02, 5.02654022e+02,
    8.64493896e+02, 5.25788635e+02, 9.59464233e+02, 3.04397095e+02,
    9.42671570e+02, 3.34184021e+02, 9.26133118e+02, 3.62424133e+02,
    9.10629211e+02, 3.91259705e+02, 8.95125122e+02, 4.18373779e+02,
    8.81066772e+02, 4.45841675e+02, 8.66573792e+02, 4.71872498e+02,
    8.52163452e+02, 4.96668823e+02, 8.37875244e+02, 5.20120544e+02,
    9.30672852e+02, 2.93201538e+02, 9.14694458e+02, 3.24466278e+02,
    8.97909729e+02, 3.53213562e+02, 8.82404968e+02, 3.82131683e+02,
    8.67219299e+02, 4.10113129e+02, 8.53141724e+02, 4.38666931e+02,
    8.38743286e+02, 4.65427948e+02, 8.24292114e+02, 4.89877075e+02,
    8.10372131e+02, 5.14278320e+02, 9.01187378e+02, 2.81967072e+02,
    8.85264832e+02, 3.14114319e+02, 8.68774536e+02, 3.44038483e+02,
    8.53043335e+02, 3.73068329e+02, 8.37956543e+02, 4.01874756e+02,
    8.24241272e+02, 4.30996155e+02, 8.09778198e+02, 4.58099213e+02,
    7.95459534e+02, 4.83096497e+02, 7.81870300e+02, 5.08350494e+02,
    8.70319275e+02, 2.70051819e+02, 8.54514465e+02, 3.03173706e+02,
    8.38613647e+02, 3.34444916e+02, 8.22853699e+02, 3.64204346e+02,
    8.07842346e+02, 3.93309418e+02, 7.93935364e+02, 4.23075745e+02,
    7.79728821e+02, 4.50392517e+02, 7.65507446e+02, 4.76259033e+02,
    7.52203430e+02, 5.02169586e+02, 8.38166748e+02, 2.57989319e+02,
    8.22475464e+02, 2.91610962e+02, 8.06799744e+02, 3.23807556e+02,
    7.91554688e+02, 3.55024963e+02, 7.76519531e+02, 3.84564941e+02,
    7.62645691e+02, 4.14598724e+02, 7.48571716e+02, 4.42821655e+02,
    7.34570801e+02, 4.69252228e+02, 7.21579956e+02, 4.96482971e+02,
    8.04513977e+02, 2.44908859e+02, 7.88976685e+02, 2.79640259e+02,
    7.73418030e+02, 3.12424164e+02, 7.58565979e+02, 3.44749481e+02,
    7.43756958e+02, 3.75224792e+02, 7.30027710e+02, 4.05856201e+02,
    7.16278076e+02, 4.34776611e+02, 7.02613403e+02, 4.61942810e+02,
    6.89679565e+02, 4.89644470e+02, 7.69491760e+02, 2.31635773e+02,
    7.53808716e+02, 2.66834564e+02, 7.38581970e+02, 3.00638214e+02,
    7.23700989e+02, 3.33246063e+02, 7.09589539e+02, 3.65477722e+02,
    6.95678101e+02, 3.96282227e+02, 6.82292969e+02, 4.25531647e+02,
    6.69113831e+02, 4.54778412e+02, 6.56451782e+02, 4.82332184e+02,
    7.32332397e+02, 2.16828217e+02, 7.16894165e+02, 2.53082428e+02,
    7.01991882e+02, 2.87989563e+02, 6.87416260e+02, 3.21282593e+02,
    6.73524658e+02, 3.54376862e+02, 6.59882874e+02, 3.85802826e+02,
    6.46582275e+02, 4.15819885e+02, 6.34075867e+02, 4.45854126e+02,
    6.21294983e+02, 4.74231720e+02 ]
