%YAML:1.0
points: [ 3.99988159e+02, 3.22997223e+02, 3.84173523e+02, 3.27972992e+02,
    3.68445526e+02, 3.33052612e+02, 3.52280243e+02, 3.37886871e+02,
    3.36160522e+02, 3.42952148e+02, 3.98975494e+02, 3.10204041e+02,
    3.82879791e+02, 3.15252289e+02, 3.66751587e+02, 3.20415833e+02,
    3.50330963e+02, 3.25229218e+02, 3.33846802e+02, 3.30247955e+02,
    3.98065155e+02, 2.96798218e+02, 3.81673279e+02, 3.02127991e+02,
    3.64985321e+02, 3.07055389e+02, 3.48260956e+02, 3.12031586e+02,
    3.31436432e+02, 3.17165344e+02, 3.96983978e+02, 2.82907532e+02,
    3.80275116e+02, 2.88323730e+02, 3.63141815e+02, 2.93119141e+02,
    3.46117157e+02, 2.98304779e+02, 3.29032288e+02, 3.03396912e+02,
    3.95870728e+02, 2.68441467e+02, 3.79321533e+02, 2.73961395e+02,
    3.61312958e+02, 2.78823090e+02, 3.43879211e+02, 2.83908051e+02,
    3.26325562e+02, 2.89275787e+02, 3.94683899e+02, 2.53372253e+02,
    3.77280457e+02, 2.58817627e+02, 3.59380310e+02, 2.63928467e+02,
    3.41430420e+02, 2.69055847e+02, 3.23762054e+02, 2.74377899e+02,
    3.93461517e+02, 2.37570862e+02, 3.75671204e+02, 2.43136108e+02,
    3.57375031e+02, 2.48322601e+02, 3.39186859e+02, 2.53676437e+02,
    3.21100098e+02, 2.59149780e+02 ]
