%YAML:1.0
points: [ 1.09168750e+03, 3.34310242e+02, 1.07361853e+03, 3.61122894e+02,
    1.05592761e+03, 3.87233521e+02, 1.03993896e+03, 4.13725861e+02,
    1.02251776e+03, 4.38366821e+02, 1.00683862e+03, 4.63531677e+02,
    9.90554260e+02, 4.87071716e+02, 9.75484863e+02, 5.11384521e+02,
    9.60108215e+02, 5.33733032e+02, 1.07008447e+03, 3.24581451e+02,
    1.05235938e+03, 3.52545685e+02, 1.03446594e+03, 3.79222412e+02,
    1.01830524e+03, 4.06459351e+02, 1.00086841e+03, 4.31536896e+02,
    9.85504211e+02, 4.57620728e+02, 9.69118835e+02, 4.81579590e+02,
    9.53364807e+02, 5.05575684e+02, 9.38234375e+02, 5.29279602e+02,
    1.04803882e+03, 3.14870819e+02, 1.02973364e+03, 3.43054260e+02,
    1.01219348e+03, 3.70769104e+02, 9.95998352e+02, 3.98667023e+02,
    9.78658813e+02, 4.24586884e+02, 9.63363037e+02, 4.51426910e+02,
    9.46991882e+02, 4.76411774e+02, 9.31300110e+02, 5.01221252e+02,
    9.15630554e+02, 5.24351685e+02, 1.02520935e+03, 3.05024750e+02,
    1.00717499e+03, 3.34282318e+02, 9.89078369e+02, 3.62022064e+02,
    9.72382874e+02, 3.90439301e+02, 9.55240540e+02, 4.17398315e+02,
    9.39909851e+02, 4.44761078e+02, 9.23969299e+02, 4.70772797e+02,
    9.07847107e+02, 4.95598358e+02, 8.91985291e+02, 5.19282410e+02,
    1.00078955e+03, 2.94126434e+02, 9.83466003e+02, 3.24778015e+02,
    9.64836975e+02, 3.53199921e+02, 9.47734924e+02, 3.81703125e+02,
    9.30982788e+02, 4.09508881e+02, 9.15581604e+02, 4.38069733e+02,
    8.99646545e+02, 4.64671692e+02, 8.83241638e+02, 4.89407532e+02,
    8.67591858e+02, 5.13883789e+02, 9.75699707e+02, 2.83128876e+02,
    9.58374878e+02, 3.14740540e+02, 9.40039856e+02, 3.44286285e+02,
    9.22420837e+02, 3.72981384e+02, 9.05484802e+02, 4.01691345e+02,
    8.90264954e+02, 4.30759491e+02, 8.74236694e+02, 4.57850830e+02,
    8.57607544e+02, 4.83102844e+02, 8.42206116e+02, 5.08518585e+02,
    9.49369995e+02, 2.71477295e+02, 9.31896179e+02, 3.03984100e+02,
    9.14205505e+02, 3.34950500e+02, 8.96314941e+02, 3.64472687e+02,
    8.79240845e+02, 3.93501709e+02, 8.63546326e+02, 4.23324249e+02,
    8.47447144e+02, 4.50678894e+02, 8.30828918e+02, 4.76690399e+02,
    8.15589294e+02, 5.02961823e+02, 9.21956543e+02, 2.59469788e+02,
    9.04300049e+02, 2.92721405e+02, 8.86538452e+02, 3.24598419e+02,
    8.69135803e+02, 3.55596893e+02, 8.51612061e+02, 3.85182343e+02,
    8.35873718e+02, 4.15251404e+02, 8.19630798e+02, 4.43688354e+02,
    8.03223938e+02, 4.70352600e+02, 7.88322449e+02, 4.97774353e+02,
    8.93077576e+02, 2.46647247e+02, 8.75362305e+02, 2.80878754e+02,
    8.57241211e+02, 3.13426636e+02, 8.40212524e+02, 3.45617279e+02,
    8.22770691e+02, 3.76111115e+02, 8.06797424e+02, 4.06893402e+02,
    7.90639893e+02, 4.36174225e+02, 7.74409241e+02, 4.63687927e+02,
    7.59440125e+02, 4.91695190e+02, 8.62690918e+02, 2.33367203e+02,
    8.44532288e+02, 2.68249756e+02, 8.26581238e+02, 3.01793274e+02,
    8.09117554e+02, 3.34410187e+02, 7.92518188e+02, 3.66636749e+02,
    7.76117676e+02, 3.97604431e+02, 7.59646362e+02, 4.27398163e+02,
    7.44367737e+02, 4.56818207e+02, 7.28753357e+02, 4.85092102e+02,
    8.30242798e+02, 2.18509552e+02, 8.11861694e+02, 2.54491348e+02,
    7.94147461e+02, 2.89329987e+02, 7.76502502e+02, 3.22525604e+02,
    7.59960876e+02, 3.55806061e+02, 7.43525391e+02, 3.87553223e+02,
    7.27294006e+02, 4.18049255e+02, 7.11970459e+02, 4.48590668e+02,
    6.96582886e+02, 4.77407227e+02 ]
