%YAML:1.0
points: [ 1.17356470e+03, 4.24451843e+02, 1.15065332e+03, 4.39405365e+02,
    1.12867407e+03, 4.53786957e+02, 1.10813367e+03, 4.67157104e+02,
    1.08824316e+03, 4.80145630e+02, 1.15444409e+03, 3.96222504e+02,
    1.13185107e+03, 4.11926453e+02, 1.11039990e+03, 4.26932892e+02,
    1.09028442e+03, 4.40890137e+02, 1.07086694e+03, 4.54407532e+02,
    1.13526672e+03, 3.67829224e+02, 1.11296838e+03, 3.84426605e+02,
    1.09223914e+03, 3.99822418e+02, 1.07243201e+03, 4.14587463e+02,
    1.05332019e+03, 4.28725433e+02, 1.11616772e+03, 3.39557190e+02,
    1.09417078e+03, 3.56885132e+02, 1.07401978e+03, 3.72818024e+02,
    1.05451648e+03, 3.88305786e+02, 1.03580151e+03, 4.03095428e+02,
    1.09696326e+03, 3.11242249e+02, 1.07550415e+03, 3.29194550e+02,
    1.05574915e+03, 3.45873291e+02, 1.03659375e+03, 3.61989227e+02,
    1.01820483e+03, 3.77431427e+02, 1.07782996e+03, 2.82766022e+02,
    1.05680261e+03, 3.01458496e+02, 1.03734106e+03, 3.18892944e+02,
    1.01869928e+03, 3.35636810e+02, 1.00063495e+03, 3.51656281e+02,
    1.05866956e+03, 2.54299316e+02, 1.03799890e+03, 2.73653442e+02,
    1.01903723e+03, 2.91924988e+02, 1.00060992e+03, 3.09391510e+02,
    9.82834412e+02, 3.26030365e+02 ]
