%YAML:1.0
points: [ 3.08134155e+02, 1.05017281e+02, 3.10745422e+02, 1.17435226e+02,
    3.13276123e+02, 1.29266235e+02, 3.15946442e+02, 1.40892487e+02,
    3.18120392e+02, 1.51547913e+02, 3.20505737e+02, 1.62030441e+02,
    3.22549377e+02, 1.71851410e+02, 3.24801270e+02, 1.81477676e+02,
    3.26773468e+02, 1.90436417e+02, 2.94734680e+02, 1.10151901e+02,
    2.97856995e+02, 1.22642014e+02, 3.00643982e+02, 1.34316544e+02,
    3.03632874e+02, 1.45731094e+02, 3.06098297e+02, 1.56246643e+02,
    3.08831879e+02, 1.66847229e+02, 3.11138184e+02, 1.76408630e+02,
    3.13383881e+02, 1.85761398e+02, 3.15647980e+02, 1.94830505e+02,
    2.81613739e+02, 1.15358467e+02, 2.84913239e+02, 1.27596664e+02,
    2.88076385e+02, 1.39350952e+02, 2.91216492e+02, 1.50623169e+02,
    2.94035919e+02, 1.61104401e+02, 2.97095825e+02, 1.71558624e+02,
    2.99707214e+02, 1.81158188e+02, 3.02263123e+02, 1.90443176e+02,
    3.04609772e+02, 1.99150848e+02, 2.68392120e+02, 1.20761116e+02,
    2.72131439e+02, 1.32869873e+02, 2.75489136e+02, 1.44230743e+02,
    2.78992584e+02, 1.55423859e+02, 2.82132538e+02, 1.65887207e+02,
    2.85384369e+02, 1.76209793e+02, 2.88303040e+02, 1.85904388e+02,
    2.91034332e+02, 1.94963776e+02, 2.93527771e+02, 2.03389633e+02,
    2.55249817e+02, 1.25914124e+02, 2.59235443e+02, 1.38123474e+02,
    2.62920898e+02, 1.49247681e+02, 2.66590027e+02, 1.60166870e+02,
    2.70064789e+02, 1.70603073e+02, 2.73577271e+02, 1.80895813e+02,
    2.76831238e+02, 1.90524185e+02, 2.79712555e+02, 1.99193893e+02,
    2.82506653e+02, 2.07738968e+02, 2.42092575e+02, 1.31173965e+02,
    2.46551804e+02, 1.43222382e+02, 2.50574646e+02, 1.54373367e+02,
    2.54317688e+02, 1.65001328e+02, 2.58167969e+02, 1.75288055e+02,
    2.61955383e+02, 1.85559036e+02, 2.65320984e+02, 1.94994995e+02,
    2.68432953e+02, 2.03555481e+02, 2.71491150e+02, 2.12108734e+02,
    2.28937943e+02, 1.36374466e+02, 2.33665283e+02, 1.48328842e+02,
    2.38119370e+02, 1.59569702e+02, 2.42204376e+02, 1.70023270e+02,
    2.46163284e+02, 1.80106079e+02, 2.50139267e+02, 1.90178833e+02,
    2.53826614e+02, 1.99338333e+02, 2.57199280e+02, 2.07913193e+02,
    2.60479004e+02, 2.16422272e+02, 2.15855469e+02, 1.41601074e+02,
    2.20907959e+02, 1.53305191e+02, 2.25483154e+02, 1.64423569e+02,
    2.30108521e+02, 1.75088867e+02, 2.34354156e+02, 1.84905502e+02,
    2.38451645e+02, 1.94782059e+02, 2.42335953e+02, 2.03932907e+02,
    2.46023209e+02, 2.12390793e+02, 2.49650177e+02, 2.21045822e+02,
    2.02715256e+02, 1.46735382e+02, 2.08045853e+02, 1.58403320e+02,
    2.13080200e+02, 1.69324722e+02, 2.17866501e+02, 1.79890350e+02,
    2.22349350e+02, 1.89627075e+02, 2.26796555e+02, 1.99371994e+02,
    2.31020355e+02, 2.08436981e+02, 2.34931778e+02, 2.16896057e+02,
    2.38689011e+02, 2.25286743e+02, 1.89630890e+02, 1.51985001e+02,
    1.95210953e+02, 1.63308624e+02, 2.00458054e+02, 1.74135757e+02,
    2.05546722e+02, 1.84339157e+02, 2.10389862e+02, 1.94348267e+02,
    2.15046280e+02, 2.03801956e+02, 2.19447357e+02, 2.12694595e+02,
    2.23718231e+02, 2.21417557e+02, 2.27707550e+02, 2.29482162e+02,
    1.76393524e+02, 1.56892822e+02, 1.82273956e+02, 1.68107513e+02,
    1.87959610e+02, 1.78821884e+02, 1.93305634e+02, 1.88835007e+02,
    1.98393555e+02, 1.98751892e+02, 2.03249573e+02, 2.08117905e+02,
    2.07839600e+02, 2.16748749e+02, 2.12345230e+02, 2.25440887e+02,
    2.16642029e+02, 2.33461899e+02 ]
