%YAML:1.0
points: [ 1.30338586e+03, 8.85135925e+02, 1.25742053e+03, 8.98987244e+02,
    1.21151135e+03, 9.13339905e+02, 1.16507056e+03, 9.26945312e+02,
    1.11860718e+03, 9.41281250e+02, 1.29866760e+03, 8.47844727e+02,
    1.25205847e+03, 8.61911987e+02, 1.20509692e+03, 8.76522400e+02,
    1.15778674e+03, 8.90274170e+02, 1.11054688e+03, 9.04558716e+02,
    1.29395813e+03, 8.09089966e+02, 1.24658313e+03, 8.23796509e+02,
    1.19853455e+03, 8.37735352e+02, 1.15035266e+03, 8.52201172e+02,
    1.10217615e+03, 8.66820740e+02, 1.28914819e+03, 7.68929993e+02,
    1.24086292e+03, 7.84268005e+02, 1.19170386e+03, 7.97861938e+02,
    1.14269104e+03, 8.12614197e+02, 1.09351978e+03, 8.27475647e+02,
    1.28426782e+03, 7.27346436e+02, 1.23496838e+03, 7.42778015e+02,
    1.18478430e+03, 7.56723572e+02, 1.13482068e+03, 7.71531250e+02,
    1.08469519e+03, 7.86863525e+02, 1.27913013e+03, 6.83947510e+02,
    1.22885999e+03, 6.99512207e+02, 1.17773596e+03, 7.14015686e+02,
    1.12668835e+03, 7.28909424e+02, 1.07544629e+03, 7.44452576e+02,
    1.27385913e+03, 6.38830688e+02, 1.22257898e+03, 6.54635986e+02,
    1.17042969e+03, 6.69366150e+02, 1.11833203e+03, 6.84698486e+02,
    1.06614734e+03, 7.00696106e+02 ]
