%YAML:1.0
points: [ 1.00787878e+03, 1.66372948e+01, 1.01850916e+03, 6.05112724e+01,
    1.02852979e+03, 1.02226746e+02, 1.03884021e+03, 1.42519562e+02,
    1.04775610e+03, 1.79814606e+02, 1.05699280e+03, 2.16327744e+02,
    1.06513403e+03, 2.50502838e+02, 1.07364844e+03, 2.83819702e+02,
    1.08116711e+03, 3.14949738e+02, 9.67607605e+02, 3.24206085e+01,
    9.79518372e+02, 7.60292282e+01, 9.90532898e+02, 1.17366066e+02,
    1.00161017e+03, 1.57307266e+02, 1.01150708e+03, 1.94280106e+02,
    1.02163342e+03, 2.30622635e+02, 1.03050061e+03, 2.64346710e+02,
    1.03938989e+03, 2.96799072e+02, 1.04792102e+03, 3.28018311e+02,
    9.27747681e+02, 4.83404999e+01, 9.40460327e+02, 9.13415604e+01,
    9.52644165e+02, 1.32370972e+02, 9.64594238e+02, 1.71819733e+02,
    9.75366272e+02, 2.08599289e+02, 9.86499207e+02, 2.44658737e+02,
    9.96438538e+02, 2.78346680e+02, 1.00610333e+03, 3.10542450e+02,
    1.01483752e+03, 3.40869629e+02, 8.87850708e+02, 6.42892761e+01,
    9.01753235e+02, 1.07089127e+02, 9.14669617e+02, 1.47380920e+02,
    9.27392700e+02, 1.86401306e+02, 9.39273254e+02, 2.22978760e+02,
    9.51132080e+02, 2.58793518e+02, 9.62083557e+02, 2.92419830e+02,
    9.72220947e+02, 3.24136597e+02, 9.81609924e+02, 3.53848938e+02,
    8.47981445e+02, 7.99408340e+01, 8.63111023e+02, 1.22548500e+02,
    8.76801636e+02, 1.62460388e+02, 8.90312012e+02, 2.00689941e+02,
    9.03166077e+02, 2.37241547e+02, 9.15773193e+02, 2.72828064e+02,
    9.27464355e+02, 3.06307648e+02, 9.38296204e+02, 3.36971069e+02,
    9.48564514e+02, 3.66780731e+02, 8.08230103e+02, 9.57336349e+01,
    8.24324524e+02, 1.38327911e+02, 8.39238892e+02, 1.77755264e+02,
    8.53308777e+02, 2.15363235e+02, 8.67030823e+02, 2.51561188e+02,
    8.80441345e+02, 2.86790649e+02, 8.92845276e+02, 3.19726013e+02,
    9.04361877e+02, 3.50165497e+02, 9.15553711e+02, 3.79761383e+02,
    7.68271973e+02, 1.11545242e+02, 7.85320251e+02, 1.53504852e+02,
    8.01428223e+02, 1.93113068e+02, 8.16444397e+02, 2.30362915e+02,
    8.30844299e+02, 2.65818329e+02, 8.45056519e+02, 3.00720245e+02,
    8.58204407e+02, 3.33111481e+02, 8.70503174e+02, 3.63339294e+02,
    8.82478699e+02, 3.92831818e+02, 7.28520813e+02, 1.27347870e+02,
    7.46471985e+02, 1.68816849e+02, 7.63431396e+02, 2.08037506e+02,
    7.79625183e+02, 2.45288391e+02, 7.94882874e+02, 2.80301788e+02,
    8.09647095e+02, 3.14632263e+02, 8.23675659e+02, 3.46831909e+02,
    8.36720642e+02, 3.76630310e+02, 8.49717102e+02, 4.06353912e+02,
    6.88625427e+02, 1.42969650e+02, 7.07600220e+02, 1.84110168e+02,
    7.25573425e+02, 2.22612808e+02, 7.42606201e+02, 2.59725464e+02,
    7.58782715e+02, 2.94488434e+02, 7.74420410e+02, 3.28455109e+02,
    7.89239014e+02, 3.60266479e+02, 8.03286682e+02, 3.89997101e+02,
    8.16627380e+02, 4.19390747e+02, 6.48809509e+02, 1.58698761e+02,
    6.68635071e+02, 1.99053223e+02, 6.87714905e+02, 2.37357346e+02,
    7.05668335e+02, 2.73543915e+02, 7.22760132e+02, 3.08707275e+02,
    7.39162170e+02, 3.41749573e+02, 7.54640503e+02, 3.73150360e+02,
    7.69543152e+02, 4.03565216e+02, 7.83648132e+02, 4.32045044e+02,
    6.09079468e+02, 1.73794846e+02, 6.29906616e+02, 2.13830551e+02,
    6.49719910e+02, 2.51696777e+02, 6.68592468e+02, 2.87467926e+02,
    6.86670593e+02, 3.22220734e+02, 7.03798218e+02, 3.54889191e+02,
    7.20156006e+02, 3.85694031e+02, 7.35668274e+02, 4.16086090e+02,
    7.50703857e+02, 4.44242676e+02 ]
