%YAML:1.0
points: [ 3.56990845e+02, 1.93508720e+01, 3.61114655e+02, 3.44758377e+01,
    3.64714172e+02, 4.95191689e+01, 3.68880981e+02, 6.40227432e+01,
    3.72257446e+02, 7.85193405e+01, 3.75930176e+02, 9.26487045e+01,
    3.79120392e+02, 1.06478432e+02, 3.82665009e+02, 1.19952942e+02,
    3.85728210e+02, 1.33026596e+02, 3.43249908e+02, 2.43198032e+01,
    3.47430237e+02, 3.95897331e+01, 3.51350800e+02, 5.45827980e+01,
    3.55553711e+02, 6.92835007e+01, 3.58940765e+02, 8.37504807e+01,
    3.62984283e+02, 9.78063812e+01, 3.66327057e+02, 1.11599152e+02,
    3.69702179e+02, 1.24933998e+02, 3.73113464e+02, 1.38123169e+02,
    3.29451172e+02, 2.95031433e+01, 3.33793182e+02, 4.48152504e+01,
    3.37757355e+02, 5.99442825e+01, 3.42128784e+02, 7.45757294e+01,
    3.45754517e+02, 8.90336456e+01, 3.49887756e+02, 1.03081039e+02,
    3.53464966e+02, 1.16848000e+02, 3.57114685e+02, 1.30146545e+02,
    3.60357269e+02, 1.43276230e+02, 3.15538208e+02, 3.46472588e+01,
    3.20048401e+02, 5.00638885e+01, 3.24210358e+02, 6.51372681e+01,
    3.28499725e+02, 7.98124619e+01, 3.32429443e+02, 9.42101517e+01,
    3.36763733e+02, 1.08253716e+02, 3.40582642e+02, 1.22073250e+02,
    3.44245514e+02, 1.35360703e+02, 3.47630463e+02, 1.48319489e+02,
    3.01451508e+02, 4.00796585e+01, 3.06288177e+02, 5.53435020e+01,
    3.10508484e+02, 7.04686966e+01, 3.14836548e+02, 8.51964951e+01,
    3.19113342e+02, 9.95680771e+01, 3.23522430e+02, 1.13553795e+02,
    3.27619141e+02, 1.27294334e+02, 3.31193512e+02, 1.40469177e+02,
    3.34917358e+02, 1.53397690e+02, 2.87445557e+02, 4.54884491e+01,
    2.92362183e+02, 6.08068008e+01, 2.96895691e+02, 7.58971863e+01,
    3.01247955e+02, 9.06001892e+01, 3.05700623e+02, 1.04907791e+02,
    3.10281006e+02, 1.18866982e+02, 3.14412628e+02, 1.32517914e+02,
    3.18233398e+02, 1.45668625e+02, 3.22122650e+02, 1.58568451e+02,
    2.73230042e+02, 5.09713478e+01, 2.78354279e+02, 6.62237778e+01,
    2.83244202e+02, 8.13067017e+01, 2.87764679e+02, 9.60329819e+01,
    2.92286804e+02, 1.10264488e+02, 2.96963776e+02, 1.24277725e+02,
    3.01243469e+02, 1.37758591e+02, 3.05262604e+02, 1.50903091e+02,
    3.09348267e+02, 1.63693497e+02, 2.59175140e+02, 5.64320526e+01,
    2.64376129e+02, 7.17464371e+01, 2.69382782e+02, 8.67102432e+01,
    2.74361786e+02, 1.01365311e+02, 2.78994324e+02, 1.15583870e+02,
    2.83740601e+02, 1.29494492e+02, 2.88190948e+02, 1.43052887e+02,
    2.92403564e+02, 1.56053757e+02, 2.96766663e+02, 1.68855743e+02,
    2.45052704e+02, 6.20115852e+01, 2.50360306e+02, 7.72197342e+01,
    2.55598862e+02, 9.22338791e+01, 2.60702454e+02, 1.06754448e+02,
    2.65525574e+02, 1.20986969e+02, 2.70407013e+02, 1.34784470e+02,
    2.75194580e+02, 1.48292633e+02, 2.79537964e+02, 1.61229004e+02,
    2.84092346e+02, 1.74002121e+02, 2.30758835e+02, 6.73964157e+01,
    2.36415176e+02, 8.27862701e+01, 2.41712418e+02, 9.76118011e+01,
    2.46953949e+02, 1.12151115e+02, 2.52140442e+02, 1.26275978e+02,
    2.57174438e+02, 1.40081604e+02, 2.61946808e+02, 1.53368515e+02,
    2.66732361e+02, 1.66482361e+02, 2.71236572e+02, 1.79117523e+02,
    2.16458954e+02, 7.30814209e+01, 2.22204391e+02, 8.81796646e+01,
    2.27875336e+02, 1.03144028e+02, 2.33276947e+02, 1.17468880e+02,
    2.38718262e+02, 1.31619598e+02, 2.43749298e+02, 1.45275635e+02,
    2.48735962e+02, 1.58553955e+02, 2.53631592e+02, 1.71566193e+02,
    2.58372406e+02, 1.84082886e+02 ]
