%YAML:1.0
points: [ 3.11225433e+02, 2.12683754e+01, 3.14102783e+02, 3.60403633e+01,
    3.16652008e+02, 5.03536568e+01, 3.19414062e+02, 6.42463684e+01,
    3.21723206e+02, 7.73359375e+01, 3.24145416e+02, 9.00229340e+01,
    3.26119629e+02, 1.02055153e+02, 3.28372681e+02, 1.13568733e+02,
    3.30380341e+02, 1.24406036e+02, 2.97319031e+02, 2.64365253e+01,
    3.00520599e+02, 4.14397621e+01, 3.03534058e+02, 5.55922623e+01,
    3.06566528e+02, 6.94203110e+01, 3.09100311e+02, 8.23807373e+01,
    3.11894684e+02, 9.50544205e+01, 3.14194946e+02, 1.06802582e+02,
    3.16471710e+02, 1.18114517e+02, 3.18689484e+02, 1.29107834e+02,
    2.83359192e+02, 3.19036045e+01, 2.86988159e+02, 4.66386185e+01,
    2.90170288e+02, 6.09229050e+01, 2.93592316e+02, 7.44994354e+01,
    2.96418091e+02, 8.73554382e+01, 2.99508575e+02, 1.00067810e+02,
    3.02170807e+02, 1.11727364e+02, 3.04793610e+02, 1.23043678e+02,
    3.07165741e+02, 1.33696091e+02, 2.69550568e+02, 3.72472038e+01,
    2.73400085e+02, 5.20717087e+01, 2.77027405e+02, 6.59897995e+01,
    2.80600800e+02, 7.96211243e+01, 2.83832642e+02, 9.24522324e+01,
    2.87228394e+02, 1.04954979e+02, 2.90221313e+02, 1.16716850e+02,
    2.93018860e+02, 1.27776413e+02, 2.95510101e+02, 1.38187332e+02,
    2.55611191e+02, 4.28014679e+01, 2.59946686e+02, 5.74388504e+01,
    2.63713898e+02, 7.13308868e+01, 2.67500763e+02, 8.46357880e+01,
    2.71177979e+02, 9.75020065e+01, 2.74804291e+02, 1.09901970e+02,
    2.78183472e+02, 1.21600365e+02, 2.81122406e+02, 1.32314316e+02,
    2.84020721e+02, 1.42774063e+02, 2.41642136e+02, 4.81258316e+01,
    2.46407928e+02, 6.29619560e+01, 2.50617523e+02, 7.67157822e+01,
    2.54631302e+02, 8.97761154e+01, 2.58603668e+02, 1.02381134e+02,
    2.62602295e+02, 1.14797340e+02, 2.66112732e+02, 1.26324287e+02,
    2.69301941e+02, 1.36937424e+02, 2.72466858e+02, 1.47342712e+02,
    2.27857071e+02, 5.37533989e+01, 2.32841980e+02, 6.83185959e+01,
    2.37463440e+02, 8.21321716e+01, 2.41833557e+02, 9.50662155e+01,
    2.46018951e+02, 1.07476868e+02, 2.50186172e+02, 1.19767921e+02,
    2.54034439e+02, 1.30991776e+02, 2.57509033e+02, 1.41577316e+02,
    2.61022247e+02, 1.51951828e+02, 2.14002640e+02, 5.92850838e+01,
    2.19292038e+02, 7.36364441e+01, 2.24292816e+02, 8.73195496e+01,
    2.29107452e+02, 1.00341698e+02, 2.33413925e+02, 1.12553665e+02,
    2.37975479e+02, 1.24519653e+02, 2.42026566e+02, 1.35837585e+02,
    2.45836166e+02, 1.46286041e+02, 2.49636414e+02, 1.56647247e+02,
    2.00143707e+02, 6.47230606e+01, 2.05751434e+02, 7.89502640e+01,
    2.11098480e+02, 9.24373779e+01, 2.16191132e+02, 1.05343620e+02,
    2.20998108e+02, 1.17586708e+02, 2.25602310e+02, 1.29367645e+02,
    2.30073715e+02, 1.40654831e+02, 2.34185074e+02, 1.50983215e+02,
    2.38211655e+02, 1.61050858e+02, 1.86267441e+02, 7.02388763e+01,
    1.92259171e+02, 8.42660294e+01, 1.97866608e+02, 9.75752182e+01,
    2.03289658e+02, 1.10245377e+02, 2.08374039e+02, 1.22505981e+02,
    2.13314331e+02, 1.34072906e+02, 2.18037323e+02, 1.45042084e+02,
    2.22494080e+02, 1.55659637e+02, 2.26728699e+02, 1.65577286e+02,
    1.72398621e+02, 7.55424194e+01, 1.78662415e+02, 8.93587875e+01,
    1.84687485e+02, 1.02598106e+02, 1.90370819e+02, 1.15116104e+02,
    1.95857635e+02, 1.27185036e+02, 2.01049454e+02, 1.38675583e+02,
    2.05948761e+02, 1.49427139e+02, 2.10688721e+02, 1.59981201e+02,
    2.15180283e+02, 1.69821487e+02 ]
