%YAML:1.0
points: [ 1.06115894e+03, 4.46919312e+02, 1.04469934e+03, 4.58489990e+02,
    1.02871899e+03, 4.69629272e+02, 1.01393530e+03, 4.80025787e+02,
    9.99609741e+02, 4.90076416e+02, 1.04486755e+03, 4.19706024e+02,
    1.02859351e+03, 4.32069275e+02, 1.01317712e+03, 4.43846069e+02,
    9.98782288e+02, 4.54783142e+02, 9.84776733e+02, 4.65302551e+02,
    1.02848120e+03, 3.92484314e+02, 1.01242169e+03, 4.05645203e+02,
    9.97672241e+02, 4.17796326e+02, 9.83565674e+02, 4.29529938e+02,
    9.69892761e+02, 4.40689636e+02, 1.01205548e+03, 3.65387634e+02,
    9.96320129e+02, 3.79288422e+02, 9.82206665e+02, 3.92009247e+02,
    9.68314758e+02, 4.04330902e+02, 9.54955200e+02, 4.16176270e+02,
    9.95633118e+02, 3.38380249e+02, 9.80388611e+02, 3.52790070e+02,
    9.66600159e+02, 3.66208710e+02, 9.53111633e+02, 3.79205780e+02,
    9.39964355e+02, 3.91528809e+02, 9.79301453e+02, 3.11224487e+02,
    9.64461426e+02, 3.26285339e+02, 9.50947449e+02, 3.40470306e+02,
    9.37843201e+02, 3.54067993e+02, 9.25130005e+02, 3.67060486e+02,
    9.62970764e+02, 2.84119812e+02, 9.48423157e+02, 2.99813019e+02,
    9.35282898e+02, 3.14752106e+02, 9.22417236e+02, 3.29100555e+02,
    9.09915894e+02, 3.42616943e+02 ]
