%YAML:1.0
points: [ 4.41943146e+02, 3.17723938e+02, 4.26596741e+02, 3.24178467e+02,
    4.11177185e+02, 3.30677612e+02, 3.95209045e+02, 3.37025208e+02,
    3.79077057e+02, 3.43661682e+02, 4.41329834e+02, 3.04069244e+02,
    4.25715881e+02, 3.10437103e+02, 4.09930817e+02, 3.17126251e+02,
    3.93553314e+02, 3.23499359e+02, 3.77123047e+02, 3.29949463e+02,
    4.40657074e+02, 2.89794037e+02, 4.24818176e+02, 2.96339386e+02,
    4.08374023e+02, 3.02763947e+02, 3.91833923e+02, 3.09231781e+02,
    3.75055878e+02, 3.15802979e+02, 4.39944733e+02, 2.74913147e+02,
    4.23871735e+02, 2.81630432e+02, 4.06945709e+02, 2.87737000e+02,
    3.89984680e+02, 2.94380859e+02, 3.72786224e+02, 3.01031555e+02,
    4.39158630e+02, 2.59382141e+02, 4.22714172e+02, 2.66169922e+02,
    4.05368439e+02, 2.72347992e+02, 3.88031921e+02, 2.78926331e+02,
    3.70483887e+02, 2.85579742e+02, 4.38320862e+02, 2.43232971e+02,
    4.21472565e+02, 2.49957214e+02, 4.03862335e+02, 2.56310974e+02,
    3.86020813e+02, 2.62846710e+02, 3.68117950e+02, 2.69497925e+02,
    4.37440735e+02, 2.26398438e+02, 4.20252136e+02, 2.33067764e+02,
    4.02188843e+02, 2.39537598e+02, 3.84001862e+02, 2.46007767e+02,
    3.65722565e+02, 2.52947098e+02 ]
