%YAML:1.0
points: [ 3.29299072e+02, 3.06221039e+02, 3.13872742e+02, 3.02860443e+02,
    2.99083557e+02, 2.99806519e+02, 2.85061493e+02, 2.96697815e+02,
    2.71391876e+02, 2.93772461e+02, 3.27555969e+02, 2.95227386e+02,
    3.11808655e+02, 2.92077820e+02, 2.96745911e+02, 2.89215607e+02,
    2.82388885e+02, 2.86214722e+02, 2.68584259e+02, 2.83402863e+02,
    3.25772156e+02, 2.83718018e+02, 3.09632233e+02, 2.80928986e+02,
    2.94347382e+02, 2.77961365e+02, 2.79682098e+02, 2.75284790e+02,
    2.65589600e+02, 2.72637787e+02, 3.23893188e+02, 2.71673431e+02,
    3.07320068e+02, 2.69232025e+02, 2.91816284e+02, 2.66250854e+02,
    2.76824951e+02, 2.63822968e+02, 2.62437469e+02, 2.61393860e+02,
    3.21888123e+02, 2.59088348e+02, 3.04994720e+02, 2.56838684e+02,
    2.89133698e+02, 2.54147095e+02, 2.73845428e+02, 2.51826782e+02,
    2.59206512e+02, 2.49735382e+02, 3.19795593e+02, 2.45835526e+02,
    3.02576080e+02, 2.43817322e+02, 2.86314819e+02, 2.41489395e+02,
    2.70744385e+02, 2.39334930e+02, 2.55747803e+02, 2.37468506e+02,
    3.17608582e+02, 2.31899063e+02, 2.99998718e+02, 2.30171143e+02,
    2.83354218e+02, 2.28088821e+02, 2.67360840e+02, 2.26260788e+02,
    2.52080368e+02, 2.24724899e+02 ]
