%YAML:1.0
points: [ 1.30445337e+03, 1.52452469e+02, 1.30829407e+03, 1.98313019e+02,
    1.31208337e+03, 2.42056763e+02, 1.31658728e+03, 2.84731232e+02,
    1.31956201e+03, 3.24636383e+02, 1.32358826e+03, 3.63851746e+02,
    1.32664380e+03, 4.00805511e+02, 1.33058374e+03, 4.37237030e+02,
    1.33350549e+03, 4.71389587e+02, 1.25833362e+03, 1.65621033e+02,
    1.26346826e+03, 2.11215393e+02, 1.26816821e+03, 2.54478455e+02,
    1.27346472e+03, 2.96695557e+02, 1.27740149e+03, 3.36208801e+02,
    1.28245776e+03, 3.75507782e+02, 1.28621216e+03, 4.11745850e+02,
    1.29026270e+03, 4.47207764e+02, 1.29442139e+03, 4.81352448e+02,
    1.21286389e+03, 1.78700500e+02, 1.21870544e+03, 2.23589142e+02,
    1.22455542e+03, 2.66545471e+02, 1.23076892e+03, 3.08408905e+02,
    1.23578674e+03, 3.47582947e+02, 1.24173718e+03, 3.86434937e+02,
    1.24651758e+03, 4.22871857e+02, 1.25136145e+03, 4.58129883e+02,
    1.25556702e+03, 4.91466980e+02, 1.16821667e+03, 1.91881256e+02,
    1.17506970e+03, 2.36396896e+02, 1.18143591e+03, 2.78644623e+02,
    1.18832666e+03, 3.19833130e+02, 1.19441541e+03, 3.58973602e+02,
    1.20105115e+03, 3.97488617e+02, 1.20699060e+03, 4.33860565e+02,
    1.21232227e+03, 4.68435791e+02, 1.21712402e+03, 5.01298187e+02,
    1.12339636e+03, 2.04591629e+02, 1.13172144e+03, 2.49070343e+02,
    1.13878345e+03, 2.90782837e+02, 1.14616113e+03, 3.31294464e+02,
    1.15338904e+03, 3.70194458e+02, 1.16063440e+03, 4.08451599e+02,
    1.16740295e+03, 4.44620361e+02, 1.17327209e+03, 4.78222290e+02,
    1.17916907e+03, 5.10920929e+02, 1.07947437e+03, 2.17415253e+02,
    1.08847461e+03, 2.61523956e+02, 1.09660413e+03, 3.03017578e+02,
    1.10469946e+03, 3.42636414e+02, 1.11252771e+03, 3.81314667e+02,
    1.12065381e+03, 4.19170532e+02, 1.12789978e+03, 4.54831177e+02,
    1.13445264e+03, 4.88142181e+02, 1.14120264e+03, 5.20741882e+02,
    1.03553577e+03, 2.30091064e+02, 1.04544482e+03, 2.73639191e+02,
    1.05475012e+03, 3.15105988e+02, 1.06363501e+03, 3.54425140e+02,
    1.07215515e+03, 3.92397308e+02, 1.08077441e+03, 4.29822266e+02,
    1.08880908e+03, 4.65074799e+02, 1.09615588e+03, 4.98050323e+02,
    1.10343604e+03, 5.30524536e+02, 9.92215759e+02, 2.42594894e+02,
    1.00285602e+03, 2.85780670e+02, 1.01312366e+03, 3.26770599e+02,
    1.02283459e+03, 3.66194916e+02, 1.03228613e+03, 4.03407440e+02,
    1.04148340e+03, 4.40394958e+02, 1.05010498e+03, 4.75505798e+02,
    1.05838599e+03, 5.08022766e+02, 1.06643237e+03, 5.40817749e+02,
    9.49294861e+02, 2.54971039e+02, 9.60601990e+02, 2.97576355e+02,
    9.71675415e+02, 3.38177399e+02, 9.82285400e+02, 3.77345825e+02,
    9.92362244e+02, 4.14319397e+02, 1.00224786e+03, 4.50857666e+02,
    1.01168726e+03, 4.85614258e+02, 1.02056854e+03, 5.18216064e+02,
    1.02933057e+03, 5.50526550e+02, 9.06557495e+02, 2.67262207e+02,
    9.18750244e+02, 3.09262054e+02, 9.30621033e+02, 3.49324982e+02,
    9.41959045e+02, 3.87547516e+02, 9.52832092e+02, 4.25179657e+02,
    9.63392395e+02, 4.60756683e+02, 9.73428223e+02, 4.94818024e+02,
    9.83238403e+02, 5.28364258e+02, 9.92469177e+02, 5.59799011e+02,
    8.64272339e+02, 2.78982513e+02, 8.77324219e+02, 3.20467407e+02,
    8.89775940e+02, 3.60297516e+02, 9.01819702e+02, 3.98049744e+02,
    9.13456726e+02, 4.35083832e+02, 9.24603455e+02, 4.70535980e+02,
    9.35414551e+02, 5.03945374e+02, 9.45744934e+02, 5.37359497e+02,
    9.55684448e+02, 5.68484436e+02 ]
