%YAML:1.0
points: [ 1.01986261e+03, 3.69706696e+02, 1.00932123e+03, 3.95411377e+02,
    9.99031799e+02, 4.19873657e+02, 9.89945862e+02, 4.45152344e+02,
    9.80069458e+02, 4.67620178e+02, 9.71435059e+02, 4.90799103e+02,
    9.62153442e+02, 5.12217468e+02, 9.53980286e+02, 5.33907776e+02,
    9.45602539e+02, 5.53731689e+02, 9.92247681e+02, 3.67325836e+02,
    9.82263489e+02, 3.93860504e+02, 9.72281677e+02, 4.18921448e+02,
    9.63498291e+02, 4.44430145e+02, 9.53808167e+02, 4.67282837e+02,
    9.45710510e+02, 4.91213684e+02, 9.36776550e+02, 5.12602905e+02,
    9.28619812e+02, 5.33741882e+02, 9.20745728e+02, 5.54536377e+02,
    9.64079895e+02, 3.65544220e+02, 9.54209961e+02, 3.91894867e+02,
    9.44757507e+02, 4.17773102e+02, 9.36428284e+02, 4.43624695e+02,
    9.27362427e+02, 4.66876282e+02, 9.19572998e+02, 4.91305481e+02,
    9.11337830e+02, 5.13336121e+02, 9.03445984e+02, 5.35029419e+02,
    8.95460388e+02, 5.55182983e+02, 9.35206970e+02, 3.64001556e+02,
    9.25812256e+02, 3.91212860e+02, 9.16513977e+02, 4.16765991e+02,
    9.08368591e+02, 4.42609314e+02, 8.99862854e+02, 4.66630585e+02,
    8.92452271e+02, 4.91388733e+02, 8.84712830e+02, 5.14188110e+02,
    8.77138733e+02, 5.35559692e+02, 8.69337524e+02, 5.55841492e+02,
    9.05211975e+02, 3.61516876e+02, 8.96755371e+02, 3.89955139e+02,
    8.87643127e+02, 4.15634796e+02, 8.79546082e+02, 4.41387878e+02,
    8.71572571e+02, 4.66201141e+02, 8.64761353e+02, 4.91544098e+02,
    8.57594055e+02, 5.14636475e+02, 8.49875977e+02, 5.35704224e+02,
    8.42763184e+02, 5.56548767e+02, 8.74414062e+02, 3.59780334e+02,
    8.66523682e+02, 3.88548309e+02, 8.58248535e+02, 4.15118103e+02,
    8.50138428e+02, 4.40547150e+02, 8.42703430e+02, 4.65890808e+02,
    8.36255127e+02, 4.91535828e+02, 8.29299622e+02, 5.14774658e+02,
    8.22018372e+02, 5.36050598e+02, 8.15365967e+02, 5.57446533e+02,
    8.42658936e+02, 3.57551270e+02, 8.35335876e+02, 3.87081024e+02,
    8.27744202e+02, 4.14584503e+02, 8.20129700e+02, 4.40424896e+02,
    8.12774963e+02, 4.65673065e+02, 8.06713623e+02, 4.91509766e+02,
    8.00216736e+02, 5.14740540e+02, 7.93287781e+02, 5.36511414e+02,
    7.87048584e+02, 5.58418457e+02, 8.09991455e+02, 3.55703491e+02,
    8.03007629e+02, 3.85521271e+02, 7.96155090e+02, 4.13449219e+02,
    7.89355652e+02, 4.40405304e+02, 7.82424561e+02, 4.65708618e+02,
    7.76495728e+02, 4.91499359e+02, 7.70440369e+02, 5.15263489e+02,
    7.64063171e+02, 5.37280273e+02, 7.58572021e+02, 5.59968628e+02,
    7.76232910e+02, 3.53520020e+02, 7.69954651e+02, 3.83566711e+02,
    7.63307617e+02, 4.11893127e+02, 7.57236633e+02, 4.39660370e+02,
    7.50778198e+02, 4.65382385e+02, 7.45396790e+02, 4.91436920e+02,
    7.39652039e+02, 5.15619263e+02, 7.33929749e+02, 5.38106384e+02,
    7.28937622e+02, 5.60906311e+02, 7.41549927e+02, 3.51320404e+02,
    7.35426697e+02, 3.81605255e+02, 7.29538269e+02, 4.10211639e+02,
    7.23641418e+02, 4.37826630e+02, 7.18343689e+02, 4.65125702e+02,
    7.13100952e+02, 4.90748108e+02, 7.07814392e+02, 5.14914673e+02,
    7.02977417e+02, 5.39107178e+02, 6.98264038e+02, 5.61475098e+02,
    7.05351624e+02, 3.48447174e+02, 6.99753540e+02, 3.78947357e+02,
    6.94551697e+02, 4.08385773e+02, 6.89326172e+02, 4.36058044e+02,
    6.84627563e+02, 4.63686249e+02, 6.79854919e+02, 4.89716492e+02,
    6.75202148e+02, 5.14171204e+02, 6.70780945e+02, 5.38814758e+02,
    6.66419250e+02, 5.61482971e+02 ]
