%YAML:1.0
points: [ 2.04668335e+02, 8.77183151e+00, 2.10838165e+02, 2.47626495e+01,
    2.16877213e+02, 4.08870201e+01, 2.22523743e+02, 5.67270355e+01,
    2.28730316e+02, 7.25970612e+01, 2.34349854e+02, 8.82157440e+01,
    2.40259903e+02, 1.03676247e+02, 2.45705978e+02, 1.18944031e+02,
    2.51396698e+02, 1.33878296e+02, 1.91245911e+02, 1.63308563e+01,
    1.97065872e+02, 3.22156754e+01, 2.03282410e+02, 4.78897095e+01,
    2.08958298e+02, 6.35400467e+01, 2.15120621e+02, 7.91437531e+01,
    2.20637268e+02, 9.44554825e+01, 2.26560547e+02, 1.09660896e+02,
    2.32323441e+02, 1.24573433e+02, 2.37873718e+02, 1.39240967e+02,
    1.78028854e+02, 2.37830219e+01, 1.84143600e+02, 3.92501183e+01,
    1.90105911e+02, 5.47672577e+01, 1.95773102e+02, 7.01350327e+01,
    2.02000641e+02, 8.53619690e+01, 2.07383362e+02, 1.00409950e+02,
    2.13321320e+02, 1.15360855e+02, 2.18984085e+02, 1.30106094e+02,
    2.24805923e+02, 1.44398117e+02, 1.65190155e+02, 3.08704605e+01,
    1.71071701e+02, 4.61988983e+01, 1.77260788e+02, 6.13403931e+01,
    1.83055115e+02, 7.64559555e+01, 1.89087585e+02, 9.14205170e+01,
    1.94473236e+02, 1.06276711e+02, 2.00227478e+02, 1.20959000e+02,
    2.06113083e+02, 1.35337112e+02, 2.12025269e+02, 1.49405792e+02,
    1.52886307e+02, 3.78653679e+01, 1.58521683e+02, 5.27417107e+01,
    1.64816849e+02, 6.77891159e+01, 1.70712799e+02, 8.26531067e+01,
    1.76662155e+02, 9.73467941e+01, 1.81955093e+02, 1.11934830e+02,
    1.87699249e+02, 1.26351776e+02, 1.93796860e+02, 1.40429489e+02,
    1.99617477e+02, 1.54339127e+02, 1.40896255e+02, 4.46649971e+01,
    1.46216324e+02, 5.93283005e+01, 1.52421112e+02, 7.40211716e+01,
    1.58675552e+02, 8.86406860e+01, 1.64450165e+02, 1.03097572e+02,
    1.69822235e+02, 1.17436249e+02, 1.75587692e+02, 1.31589417e+02,
    1.81764236e+02, 1.45388641e+02, 1.87439438e+02, 1.59139160e+02,
    1.29120819e+02, 5.12989807e+01, 1.34662537e+02, 6.56321869e+01,
    1.40400467e+02, 8.01270752e+01, 1.46621964e+02, 9.44731827e+01,
    1.52593094e+02, 1.08673836e+02, 1.58006790e+02, 1.22773781e+02,
    1.63837051e+02, 1.36648682e+02, 1.70017807e+02, 1.50262070e+02,
    1.75666245e+02, 1.63708130e+02, 1.17828835e+02, 5.76952400e+01,
    1.23240997e+02, 7.18858566e+01, 1.29131836e+02, 8.60422211e+01,
    1.34965759e+02, 1.00132515e+02, 1.41068497e+02, 1.14166794e+02,
    1.46479507e+02, 1.27905113e+02, 1.52290314e+02, 1.41636414e+02,
    1.58500107e+02, 1.54903427e+02, 1.63981308e+02, 1.68269806e+02,
    1.06815079e+02, 6.39478798e+01, 1.12258514e+02, 7.78453751e+01,
    1.18205673e+02, 9.17345963e+01, 1.23855057e+02, 1.05635963e+02,
    1.29898682e+02, 1.19302574e+02, 1.35355728e+02, 1.33009399e+02,
    1.41166382e+02, 1.46380859e+02, 1.47209152e+02, 1.59561386e+02,
    1.52782837e+02, 1.72696518e+02, 9.61567688e+01, 7.01000061e+01,
    1.01751846e+02, 8.36871719e+01, 1.07584312e+02, 9.73391876e+01,
    1.13450661e+02, 1.10990906e+02, 1.19082565e+02, 1.24476830e+02,
    1.24727768e+02, 1.37877823e+02, 1.30640411e+02, 1.51042755e+02,
    1.36161591e+02, 1.64102478e+02, 1.42009689e+02, 1.76975174e+02,
    8.61783447e+01, 7.59910965e+01, 9.18279953e+01, 8.94575729e+01,
    9.74064255e+01, 1.02795357e+02, 1.03377838e+02, 1.16214012e+02,
    1.08849960e+02, 1.29407303e+02, 1.14628510e+02, 1.42583618e+02,
    1.20522255e+02, 1.55452042e+02, 1.26028725e+02, 1.68398422e+02,
    1.31699738e+02, 1.80968994e+02 ]
