%YAML:1.0
points: [ 1.03242297e+03, 3.60613770e+02, 1.01380444e+03, 3.68705353e+02,
    9.95738220e+02, 3.76514496e+02, 9.79031372e+02, 3.83781464e+02,
    9.62789551e+02, 3.90893738e+02, 1.02268317e+03, 3.29666779e+02,
    1.00400812e+03, 3.38704895e+02, 9.86288452e+02, 3.47266968e+02,
    9.69783020e+02, 3.55253571e+02, 9.53744812e+02, 3.62906097e+02,
    1.01285034e+03, 2.98486664e+02, 9.94080566e+02, 3.08389099e+02,
    9.76888733e+02, 3.17602417e+02, 9.60397583e+02, 3.26309296e+02,
    9.44489441e+02, 3.34771881e+02, 1.00287567e+03, 2.67234436e+02,
    9.84192566e+02, 2.77963989e+02, 9.67453308e+02, 2.87864746e+02,
    9.50993835e+02, 2.97453400e+02, 9.35201965e+02, 3.06609467e+02,
    9.92779846e+02, 2.35802216e+02, 9.74442566e+02, 2.47266663e+02,
    9.57805115e+02, 2.57994965e+02, 9.41548096e+02, 2.68341431e+02,
    9.25813721e+02, 2.78126770e+02, 9.82707275e+02, 2.04079300e+02,
    9.64572693e+02, 2.16337738e+02, 9.47991333e+02, 2.27976395e+02,
    9.31942566e+02, 2.39033173e+02, 9.16471130e+02, 2.49631287e+02,
    9.72580444e+02, 1.72122528e+02, 9.54519287e+02, 1.85149185e+02,
    9.38141968e+02, 1.97715454e+02, 9.22098267e+02, 2.09621414e+02,
    9.06632263e+02, 2.20810150e+02 ]
