%YAML:1.0
points: [ 4.36542389e+02, 1.99842758e+02, 4.22025421e+02, 2.00413757e+02,
    4.07785156e+02, 2.01077316e+02, 3.93768494e+02, 2.01618057e+02,
    3.80058075e+02, 2.02156036e+02, 4.37480164e+02, 1.90101059e+02,
    4.22618835e+02, 1.90772186e+02, 4.08007599e+02, 1.91619919e+02,
    3.93690033e+02, 1.92211075e+02, 3.79638458e+02, 1.92849915e+02,
    4.38483032e+02, 1.79740356e+02, 4.23215912e+02, 1.80762100e+02,
    4.08266418e+02, 1.81483902e+02, 3.93623016e+02, 1.82371536e+02,
    3.79236603e+02, 1.83191116e+02, 4.39485901e+02, 1.68926392e+02,
    4.23874268e+02, 1.70224930e+02, 4.08559540e+02, 1.70999680e+02,
    3.93537048e+02, 1.72070633e+02, 3.78788940e+02, 1.73042679e+02,
    4.40534698e+02, 1.57642212e+02, 4.24565796e+02, 1.59034103e+02,
    4.08831787e+02, 1.60016190e+02, 3.93455750e+02, 1.61171783e+02,
    3.78400665e+02, 1.62368393e+02, 4.41658966e+02, 1.45679337e+02,
    4.25289795e+02, 1.47224823e+02, 4.09173065e+02, 1.48482620e+02,
    3.93399872e+02, 1.49745728e+02, 3.77920959e+02, 1.51168396e+02,
    4.42768524e+02, 1.33101669e+02, 4.26018524e+02, 1.34821701e+02,
    4.09479034e+02, 1.36207367e+02, 3.93307037e+02, 1.37770462e+02,
    3.77497131e+02, 1.39498108e+02 ]
