%YAML:1.0
points: [ 1.84730133e+02, 5.67187881e+01, 1.82942627e+02, 7.28369370e+01,
    1.81334152e+02, 8.86140671e+01, 1.79302582e+02, 1.03959152e+02,
    1.77857208e+02, 1.18933746e+02, 1.76126587e+02, 1.33574295e+02,
    1.74659927e+02, 1.47751419e+02, 1.72868164e+02, 1.61739090e+02,
    1.71550400e+02, 1.75269440e+02, 1.70598618e+02, 5.41242065e+01,
    1.68722885e+02, 7.01350555e+01, 1.67278061e+02, 8.57783127e+01,
    1.65452316e+02, 1.01107300e+02, 1.64182480e+02, 1.16001282e+02,
    1.62402145e+02, 1.30584900e+02, 1.61248993e+02, 1.44759857e+02,
    1.59892578e+02, 1.58660553e+02, 1.58466385e+02, 1.72164825e+02,
    1.56300858e+02, 5.15284424e+01, 1.54873459e+02, 6.73335876e+01,
    1.53450638e+02, 8.30262299e+01, 1.51738937e+02, 9.82181473e+01,
    1.50680054e+02, 1.13096504e+02, 1.48926712e+02, 1.27636703e+02,
    1.47804733e+02, 1.41799088e+02, 1.46543869e+02, 1.55694901e+02,
    1.45614777e+02, 1.69088196e+02, 1.42297256e+02, 4.90507240e+01,
    1.40784073e+02, 6.47258987e+01, 1.39732239e+02, 8.01923523e+01,
    1.38260773e+02, 9.53401947e+01, 1.37154816e+02, 1.10185066e+02,
    1.35640396e+02, 1.24701393e+02, 1.34485992e+02, 1.38892044e+02,
    1.33631424e+02, 1.52656387e+02, 1.32777710e+02, 1.66083649e+02,
    1.28609375e+02, 4.66349258e+01, 1.27048119e+02, 6.23008842e+01,
    1.26188889e+02, 7.75634995e+01, 1.24954613e+02, 9.26514816e+01,
    1.23945747e+02, 1.07405807e+02, 1.22355385e+02, 1.21843193e+02,
    1.21363434e+02, 1.35960022e+02, 1.20839043e+02, 1.49760406e+02,
    1.20080009e+02, 1.63056519e+02, 1.15176155e+02, 4.44490128e+01,
    1.13505836e+02, 5.97121696e+01, 1.12711182e+02, 7.51362991e+01,
    1.11841560e+02, 8.99957352e+01, 1.10824547e+02, 1.04702240e+02,
    1.09364609e+02, 1.19090591e+02, 1.08629250e+02, 1.33142838e+02,
    1.08138565e+02, 1.46701553e+02, 1.07570427e+02, 1.60148193e+02,
    1.01765327e+02, 4.22560310e+01, 1.00391190e+02, 5.74573326e+01,
    9.92822723e+01, 7.25020905e+01, 9.86745377e+01, 8.74438171e+01,
    9.78226471e+01, 1.02048714e+02, 9.66141129e+01, 1.16308876e+02,
    9.58195572e+01, 1.30282898e+02, 9.57438049e+01, 1.43930527e+02,
    9.49663391e+01, 1.57227814e+02, 8.89252090e+01, 4.02367630e+01,
    8.75047684e+01, 5.52093163e+01, 8.65892105e+01, 7.02845230e+01,
    8.56972427e+01, 8.48917618e+01, 8.50216370e+01, 9.94601898e+01,
    8.39250107e+01, 1.13647003e+02, 8.35296326e+01, 1.27558006e+02,
    8.33242035e+01, 1.41081299e+02, 8.26681976e+01, 1.54487549e+02,
    7.63133621e+01, 3.83497238e+01, 7.49789581e+01, 5.31991920e+01,
    7.41018295e+01, 6.78919601e+01, 7.31663818e+01, 8.27118073e+01,
    7.27240524e+01, 9.68787155e+01, 7.16960373e+01, 1.11095772e+02,
    7.12885132e+01, 1.24820297e+02, 7.11244507e+01, 1.38438293e+02,
    7.06610031e+01, 1.51669891e+02, 6.41777344e+01, 3.68124695e+01,
    6.28990936e+01, 5.13349457e+01, 6.21359444e+01, 6.59744644e+01,
    6.15825920e+01, 8.03152466e+01, 6.06455040e+01, 9.45849152e+01,
    5.99372864e+01, 1.08509407e+02, 5.97149963e+01, 1.22312820e+02,
    5.91924057e+01, 1.35776535e+02, 5.88729782e+01, 1.49006317e+02,
    5.25786705e+01, 3.51826210e+01, 5.16655312e+01, 4.98950844e+01,
    5.06634903e+01, 6.40637283e+01, 5.00815887e+01, 7.84117126e+01,
    4.92155685e+01, 9.23739548e+01, 4.87268257e+01, 1.06252388e+02,
    4.86250839e+01, 1.19873650e+02, 4.79330673e+01, 1.33206360e+02,
    4.78921242e+01, 1.46230896e+02 ]
