%YAML:1.0
points: [ 9.11982422e+02, 2.35562500e+02, 9.00676941e+02, 2.74662415e+02,
    8.89636658e+02, 3.12682953e+02, 8.78817932e+02, 3.50332275e+02,
    8.68309631e+02, 3.86422638e+02, 8.57842712e+02, 4.22310303e+02,
    8.47862305e+02, 4.56584747e+02, 8.37782593e+02, 4.91108887e+02,
    8.28358521e+02, 5.23935425e+02, 8.73559448e+02, 2.22934418e+02,
    8.62626282e+02, 2.62575470e+02, 8.51925476e+02, 3.01194305e+02,
    8.41527832e+02, 3.39103912e+02, 8.31354736e+02, 3.75629120e+02,
    8.21440796e+02, 4.11969238e+02, 8.11636963e+02, 4.46651886e+02,
    8.02068359e+02, 4.80943115e+02, 7.92671448e+02, 5.14498779e+02,
    8.34617432e+02, 2.10119156e+02, 8.24300964e+02, 2.50248703e+02,
    8.13846252e+02, 2.89256470e+02, 8.03736450e+02, 3.27664917e+02,
    7.94100403e+02, 3.64666595e+02, 7.84377380e+02, 4.01559204e+02,
    7.75035278e+02, 4.36758850e+02, 7.65729187e+02, 4.71565857e+02,
    7.56876160e+02, 5.04918640e+02, 7.95103882e+02, 1.97254623e+02,
    7.84957764e+02, 2.37756226e+02, 7.75248779e+02, 2.77202515e+02,
    7.65354004e+02, 3.15918854e+02, 7.55981934e+02, 3.53551575e+02,
    7.46603577e+02, 3.90678131e+02, 7.37552307e+02, 4.26763947e+02,
    7.28670898e+02, 4.61535400e+02, 7.20259460e+02, 4.95421204e+02,
    7.54759766e+02, 1.83872498e+02, 7.44859375e+02, 2.24960556e+02,
    7.35564575e+02, 2.64879547e+02, 7.26398621e+02, 3.04058807e+02,
    7.17391418e+02, 3.42133179e+02, 7.08165039e+02, 3.79814362e+02,
    6.99406128e+02, 4.16371185e+02, 6.91260315e+02, 4.51229492e+02,
    6.83020020e+02, 4.85515350e+02, 7.13658203e+02, 1.70426224e+02,
    7.04303162e+02, 2.12146881e+02, 6.95461853e+02, 2.52617416e+02,
    6.86512695e+02, 2.91892487e+02, 6.78065002e+02, 3.30575958e+02,
    6.69231812e+02, 3.68693817e+02, 6.60683594e+02, 4.05497162e+02,
    6.53266479e+02, 4.40684723e+02, 6.45192200e+02, 4.75673462e+02,
    6.71719788e+02, 1.56563202e+02, 6.62756348e+02, 1.98705582e+02,
    6.54294128e+02, 2.40022964e+02, 6.45881958e+02, 2.79918488e+02,
    6.37898010e+02, 3.18845947e+02, 6.29326843e+02, 3.57330383e+02,
    6.21572571e+02, 3.94460541e+02, 6.14316406e+02, 4.30192780e+02,
    6.06775024e+02, 4.65478119e+02, 6.29372559e+02, 1.42629639e+02,
    6.20642517e+02, 1.85302719e+02, 6.12595093e+02, 2.26942551e+02,
    6.04519165e+02, 2.67581268e+02, 5.96878906e+02, 3.07109192e+02,
    5.89081177e+02, 3.45766541e+02, 5.81534180e+02, 3.83374542e+02,
    5.74884644e+02, 4.19532410e+02, 5.67495544e+02, 4.55561737e+02,
    5.86135498e+02, 1.28434250e+02, 5.77901917e+02, 1.71538986e+02,
    5.70429810e+02, 2.13713165e+02, 5.62610840e+02, 2.54907578e+02,
    5.55502014e+02, 2.94688202e+02, 5.48060852e+02, 3.34128448e+02,
    5.40956299e+02, 3.72151184e+02, 5.34655212e+02, 4.08732544e+02,
    5.27693970e+02, 4.45269348e+02, 5.42127014e+02, 1.14015205e+02,
    5.34588928e+02, 1.57642136e+02, 5.27579468e+02, 2.00395859e+02,
    5.20630005e+02, 2.41739227e+02, 5.13437927e+02, 2.82422028e+02,
    5.06660217e+02, 3.21996277e+02, 5.00445801e+02, 3.60419128e+02,
    4.93629059e+02, 3.97971954e+02, 4.87607727e+02, 4.34461731e+02,
    4.97810333e+02, 9.94251862e+01, 4.91077087e+02, 1.43648605e+02,
    4.84345612e+02, 1.86772980e+02, 4.77937378e+02, 2.28666855e+02,
    4.71006104e+02, 2.69546814e+02, 4.64985168e+02, 3.09609802e+02,
    4.59213562e+02, 3.48410553e+02, 4.52802826e+02, 3.86566895e+02,
    4.47264191e+02, 4.23373108e+02 ]
