%YAML:1.0
points: [ 1.39350146e+03, 8.69975159e+02, 1.34711035e+03, 8.86886230e+02,
    1.30069580e+03, 9.04374878e+02, 1.25342480e+03, 9.21306824e+02,
    1.20601807e+03, 9.38906372e+02, 1.38835010e+03, 8.29662842e+02,
    1.34131543e+03, 8.46722839e+02, 1.29381421e+03, 8.64479919e+02,
    1.24565906e+03, 8.81490295e+02, 1.19744763e+03, 8.99015137e+02,
    1.38316748e+03, 7.87920166e+02, 1.33549927e+03, 8.05560669e+02,
    1.28679700e+03, 8.22601379e+02, 1.23783411e+03, 8.40153564e+02,
    1.18867615e+03, 8.57986328e+02, 1.37790198e+03, 7.44705750e+02,
    1.32939880e+03, 7.62880493e+02, 1.27952527e+03, 7.79487244e+02,
    1.22975024e+03, 7.97329773e+02, 1.17961768e+03, 8.15332520e+02,
    1.37258020e+03, 6.99957581e+02, 1.32309570e+03, 7.18162415e+02,
    1.27220630e+03, 7.35110474e+02, 1.22143054e+03, 7.52943420e+02,
    1.17047559e+03, 7.71317200e+02, 1.36705066e+03, 6.53426392e+02,
    1.31651953e+03, 6.71710815e+02, 1.26480579e+03, 6.89115723e+02,
    1.21303394e+03, 7.06909973e+02, 1.16080859e+03, 7.25446838e+02,
    1.36137659e+03, 6.05062988e+02, 1.30984094e+03, 6.23548462e+02,
    1.25709753e+03, 6.41076111e+02, 1.20433508e+03, 6.59199524e+02,
    1.15129285e+03, 6.78136169e+02 ]
