%YAML:1.0
points: [ 1.39365967e+03, 8.69646179e+02, 1.34725635e+03, 8.86588623e+02,
    1.30084448e+03, 9.04095093e+02, 1.25359009e+03, 9.21036865e+02,
    1.20621497e+03, 9.38618469e+02, 1.38850684e+03, 8.29373047e+02,
    1.34153687e+03, 8.46469421e+02, 1.29403784e+03, 8.64238953e+02,
    1.24587854e+03, 8.81239807e+02, 1.19765430e+03, 8.98739258e+02,
    1.38335876e+03, 7.87628113e+02, 1.33572729e+03, 8.05275269e+02,
    1.28703540e+03, 8.22339355e+02, 1.23808557e+03, 8.39930298e+02,
    1.18893542e+03, 8.57727234e+02, 1.37810730e+03, 7.44452026e+02,
    1.32962891e+03, 7.62616699e+02, 1.27978455e+03, 7.79221802e+02,
    1.23000220e+03, 7.97091492e+02, 1.17990735e+03, 8.15089233e+02,
    1.37281982e+03, 6.99694763e+02, 1.32336267e+03, 7.17926697e+02,
    1.27248926e+03, 7.34873535e+02, 1.22172852e+03, 7.52681946e+02,
    1.17076904e+03, 7.71125183e+02, 1.36731665e+03, 6.53160828e+02,
    1.31680933e+03, 6.71461243e+02, 1.26510242e+03, 6.88876770e+02,
    1.21334155e+03, 7.06673462e+02, 1.16113037e+03, 7.25235107e+02,
    1.36167029e+03, 6.04806580e+02, 1.31017407e+03, 6.23296753e+02,
    1.25740808e+03, 6.40829346e+02, 1.20465833e+03, 6.58962646e+02,
    1.15160657e+03, 6.77928406e+02 ]
