%YAML:1.0
points: [ 1.89152237e+02, 1.66098373e+02, 1.85604843e+02, 1.77362488e+02,
    1.82276138e+02, 1.88250000e+02, 1.78695236e+02, 1.98973770e+02,
    1.75713058e+02, 2.08896942e+02, 1.72540634e+02, 2.18651947e+02,
    1.69749802e+02, 2.27821884e+02, 1.66712051e+02, 2.36990784e+02,
    1.64072052e+02, 2.45491989e+02, 1.76043640e+02, 1.59739578e+02,
    1.72688568e+02, 1.71391602e+02, 1.69629593e+02, 1.82363388e+02,
    1.66313339e+02, 1.93267944e+02, 1.63674423e+02, 2.03259491e+02,
    1.60579224e+02, 2.13343842e+02, 1.58023392e+02, 2.22597137e+02,
    1.55362488e+02, 2.31589294e+02, 1.52884598e+02, 2.40362122e+02,
    1.62837738e+02, 1.53618774e+02, 1.59936172e+02, 1.65294418e+02,
    1.56973709e+02, 1.76479492e+02, 1.53863403e+02, 1.87458603e+02,
    1.51430725e+02, 1.97641129e+02, 1.48517899e+02, 2.07938034e+02,
    1.46093811e+02, 2.17408920e+02, 1.43673782e+02, 2.26625244e+02,
    1.41647079e+02, 2.35214935e+02, 1.49379410e+02, 1.47470627e+02,
    1.46689468e+02, 1.59397079e+02, 1.44247513e+02, 1.70579224e+02,
    1.41514832e+02, 1.81697540e+02, 1.39238037e+02, 1.92165558e+02,
    1.36431503e+02, 2.02460403e+02, 1.34152039e+02, 2.12231003e+02,
    1.32122742e+02, 2.21341721e+02, 1.30407349e+02, 2.30077209e+02,
    1.36196442e+02, 1.41235596e+02, 1.33380753e+02, 1.53382751e+02,
    1.31430069e+02, 1.64716446e+02, 1.29109741e+02, 1.75786911e+02,
    1.26883934e+02, 1.86422943e+02, 1.24301491e+02, 1.97025208e+02,
    1.22304741e+02, 2.06907196e+02, 1.20785027e+02, 2.16105560e+02,
    1.19017120e+02, 2.24799271e+02, 1.22892120e+02, 1.35132034e+02,
    1.20296532e+02, 1.47406433e+02, 1.18441727e+02, 1.59059921e+02,
    1.16635147e+02, 1.70067169e+02, 1.14642235e+02, 1.80848145e+02,
    1.12248596e+02, 1.91540680e+02, 1.10427330e+02, 2.01411438e+02,
    1.09187653e+02, 2.10619904e+02, 1.07630219e+02, 2.19726974e+02,
    1.09536766e+02, 1.28859634e+02, 1.07184326e+02, 1.41316055e+02,
    1.05331108e+02, 1.53255524e+02, 1.03864616e+02, 1.64396851e+02,
    1.02300018e+02, 1.75222733e+02, 1.00178078e+02, 1.86052826e+02,
    9.87808456e+01, 1.95930878e+02, 9.76876068e+01, 2.05270477e+02,
    9.62471390e+01, 2.14479858e+02, 9.62695236e+01, 1.22866440e+02,
    9.42808075e+01, 1.35387085e+02, 9.26717911e+01, 1.47401428e+02,
    9.11958466e+01, 1.58922913e+02, 8.99505081e+01, 1.69769760e+02,
    8.82213287e+01, 1.80459351e+02, 8.68798218e+01, 1.90657349e+02,
    8.61537781e+01, 2.00023575e+02, 8.47330170e+01, 2.09576187e+02,
    8.31653519e+01, 1.16839958e+02, 8.14023743e+01, 1.29408295e+02,
    8.01715012e+01, 1.41519012e+02, 7.86894150e+01, 1.53183792e+02,
    7.77572479e+01, 1.64148026e+02, 7.63064804e+01, 1.74979034e+02,
    7.52681656e+01, 1.85261871e+02, 7.47516022e+01, 1.95040085e+02,
    7.35078888e+01, 2.04237930e+02, 7.01308517e+01, 1.10952652e+02,
    6.88391571e+01, 1.23446358e+02, 6.77781677e+01, 1.35693878e+02,
    6.69188232e+01, 1.47215775e+02, 6.56437454e+01, 1.58624664e+02,
    6.47162094e+01, 1.69305145e+02, 6.40036087e+01, 1.79622665e+02,
    6.30677719e+01, 1.89676804e+02, 6.25674667e+01, 1.99140686e+02,
    5.77059784e+01, 1.04781525e+02, 5.67195549e+01, 1.17635597e+02,
    5.58015137e+01, 1.29774277e+02, 5.51383171e+01, 1.41544937e+02,
    5.41661644e+01, 1.52755661e+02, 5.35620575e+01, 1.63804337e+02,
    5.29466515e+01, 1.73909622e+02, 5.21197739e+01, 1.84140259e+02,
    5.17917633e+01, 1.93583893e+02 ]
