%YAML:1.0
points: [ 4.31817047e+02, 3.17019836e+02, 4.16140137e+02, 3.23215820e+02,
    4.00420441e+02, 3.29462524e+02, 3.84251892e+02, 3.35503387e+02,
    3.67872040e+02, 3.41892090e+02, 4.30789001e+02, 3.03315704e+02,
    4.14879028e+02, 3.09510284e+02, 3.98784943e+02, 3.15877716e+02,
    3.82219788e+02, 3.21871979e+02, 3.65539398e+02, 3.28100800e+02,
    4.29784668e+02, 2.88951752e+02, 4.13635590e+02, 2.95339111e+02,
    3.96965607e+02, 3.01451782e+02, 3.80118500e+02, 3.07666260e+02,
    3.63197296e+02, 3.13844818e+02, 4.28660004e+02, 2.74103607e+02,
    4.12238739e+02, 2.80569336e+02, 3.95080170e+02, 2.86421051e+02,
    3.77905609e+02, 2.92841370e+02, 3.60526337e+02, 2.99100677e+02,
    4.27536102e+02, 2.58563721e+02, 4.10710114e+02, 2.65107422e+02,
    3.93173584e+02, 2.71066589e+02, 3.75544159e+02, 2.77345917e+02,
    3.57933136e+02, 2.83800262e+02, 4.26312866e+02, 2.42440491e+02,
    4.09087311e+02, 2.48936264e+02, 3.91200134e+02, 2.55063293e+02,
    3.73226532e+02, 2.61272064e+02, 3.55146149e+02, 2.67745880e+02,
    4.25041656e+02, 2.25643372e+02, 4.07490662e+02, 2.32067062e+02,
    3.89186584e+02, 2.38262131e+02, 3.70773499e+02, 2.44604782e+02,
    3.52443756e+02, 2.51251373e+02 ]
