%YAML:1.0
points: [ 9.96282349e+02, 1.12766983e+02, 1.00948718e+03, 1.53324066e+02,
    1.02239783e+03, 1.92779373e+02, 1.03526965e+03, 2.31407043e+02,
    1.04753333e+03, 2.68711884e+02, 1.05974915e+03, 3.05605438e+02,
    1.07161743e+03, 3.41259644e+02, 1.08340967e+03, 3.76479218e+02,
    1.09463855e+03, 4.10474152e+02, 9.58486633e+02, 1.28139374e+02,
    9.72209534e+02, 1.68266769e+02, 9.85554565e+02, 2.07311462e+02,
    9.98571350e+02, 2.45498596e+02, 1.01142932e+03, 2.82535767e+02,
    1.02389532e+03, 3.19104767e+02, 1.03614404e+03, 3.54323608e+02,
    1.04806909e+03, 3.88970032e+02, 1.05974060e+03, 4.22870117e+02,
    9.21396545e+02, 1.43200394e+02, 9.35381653e+02, 1.82820663e+02,
    9.49223267e+02, 2.21490646e+02, 9.62549683e+02, 2.59411896e+02,
    9.75717346e+02, 2.96117889e+02, 9.88571960e+02, 3.32292419e+02,
    1.00112976e+03, 3.67383179e+02, 1.01345276e+03, 4.01681549e+02,
    1.02544104e+03, 4.34979462e+02, 8.84408936e+02, 1.58053497e+02,
    8.98813477e+02, 1.97368057e+02, 9.12981323e+02, 2.35640564e+02,
    9.26633179e+02, 2.73067932e+02, 9.40288147e+02, 3.09518097e+02,
    9.53331909e+02, 3.45382782e+02, 9.66322815e+02, 3.80313019e+02,
    9.78789124e+02, 4.14271332e+02, 9.91282532e+02, 4.47161469e+02,
    8.47786133e+02, 1.72713165e+02, 8.62588318e+02, 2.11600739e+02,
    8.77352844e+02, 2.49494293e+02, 8.91375854e+02, 2.86537903e+02,
    9.05162781e+02, 3.22685089e+02, 9.18429382e+02, 3.58396393e+02,
    9.31581177e+02, 3.93041016e+02, 9.44649902e+02, 4.26416779e+02,
    9.57382751e+02, 4.59164246e+02, 8.11717529e+02, 1.87380768e+02,
    8.26662720e+02, 2.25822739e+02, 8.41693604e+02, 2.63434052e+02,
    8.56277161e+02, 3.00051025e+02, 8.70386108e+02, 3.35814789e+02,
    8.83859863e+02, 3.71345062e+02, 8.97536377e+02, 4.05518677e+02,
    9.10793884e+02, 4.38464478e+02, 9.23764648e+02, 4.71121490e+02,
    7.75935791e+02, 2.01616425e+02, 7.91201538e+02, 2.39811584e+02,
    8.06367554e+02, 2.77211365e+02, 8.21357544e+02, 3.13457550e+02,
    8.35811707e+02, 3.48871460e+02, 8.49716003e+02, 3.83964966e+02,
    8.63488281e+02, 4.17733124e+02, 8.77323669e+02, 4.50545319e+02,
    8.90446777e+02, 4.82846008e+02, 7.40470337e+02, 2.15813324e+02,
    7.56149963e+02, 2.53625015e+02, 7.71523010e+02, 2.90583649e+02,
    7.86721619e+02, 3.26743591e+02, 8.01604248e+02, 3.61785522e+02,
    8.15785583e+02, 3.96521149e+02, 8.30079346e+02, 4.30306946e+02,
    8.44097839e+02, 4.62545837e+02, 8.57461609e+02, 4.94993530e+02,
    7.05331909e+02, 2.29840012e+02, 7.21300659e+02, 2.67367004e+02,
    7.37174133e+02, 3.03918854e+02, 7.52502258e+02, 3.39783417e+02,
    7.67750427e+02, 3.74590027e+02, 7.82332397e+02, 4.08988617e+02,
    7.96834045e+02, 4.42405334e+02, 8.11112671e+02, 4.74548798e+02,
    8.24958069e+02, 5.06558777e+02, 6.70457153e+02, 2.43602737e+02,
    6.86921570e+02, 2.80800934e+02, 7.03353027e+02, 3.17059296e+02,
    7.19225464e+02, 3.52380646e+02, 7.34268372e+02, 3.87223389e+02,
    7.49403687e+02, 4.21088043e+02, 7.64256775e+02, 4.53885620e+02,
    7.78514160e+02, 4.86520386e+02, 7.92666809e+02, 5.18010620e+02,
    6.36388855e+02, 2.57361816e+02, 6.53171570e+02, 2.94149780e+02,
    6.69556580e+02, 3.30013428e+02, 6.85903625e+02, 3.64833496e+02,
    7.01399292e+02, 3.99365875e+02, 7.16692871e+02, 4.32783356e+02,
    7.32003418e+02, 4.65486237e+02, 7.46431458e+02, 4.97737061e+02,
    7.60950012e+02, 5.28835815e+02 ]
