%YAML:1.0
points: [ 1.93910706e+02, 1.86558075e+02, 1.90572311e+02, 1.81577576e+02,
    1.87221146e+02, 1.76592422e+02, 1.84097672e+02, 1.71848877e+02,
    1.80931152e+02, 1.67134293e+02, 1.97492294e+02, 1.80272018e+02,
    1.94089661e+02, 1.75249466e+02, 1.90581482e+02, 1.70352386e+02,
    1.87409515e+02, 1.65551712e+02, 1.84236664e+02, 1.60954803e+02,
    2.01241226e+02, 1.73779068e+02, 1.97604233e+02, 1.68779022e+02,
    1.94250259e+02, 1.63959335e+02, 1.90859161e+02, 1.59163483e+02,
    1.87554108e+02, 1.54539551e+02, 2.04962250e+02, 1.67195511e+02,
    2.01147934e+02, 1.62161804e+02, 1.97845505e+02, 1.57418015e+02,
    1.94324051e+02, 1.52700012e+02, 1.90942780e+02, 1.48095291e+02,
    2.08722015e+02, 1.60490768e+02, 2.04856857e+02, 1.55517227e+02,
    2.01429977e+02, 1.50775253e+02, 1.97935760e+02, 1.46066742e+02,
    1.94377411e+02, 1.41469025e+02, 2.12614288e+02, 1.53619156e+02,
    2.08624954e+02, 1.48681259e+02, 2.05067764e+02, 1.43935181e+02,
    2.01534668e+02, 1.39317398e+02, 1.97957764e+02, 1.34716965e+02,
    2.16550629e+02, 1.46607376e+02, 2.12453171e+02, 1.41717957e+02,
    2.08767929e+02, 1.36951828e+02, 2.05117798e+02, 1.32345901e+02,
    2.01383377e+02, 1.27843369e+02 ]
