%YAML:1.0
points: [ 7.48201233e+02, 4.92432373e+02, 7.39021851e+02, 4.78033783e+02,
    7.29895569e+02, 4.63792938e+02, 7.21291809e+02, 4.50020325e+02,
    7.12709595e+02, 4.36519287e+02, 7.58253235e+02, 4.74181000e+02,
    7.48803284e+02, 4.59710449e+02, 7.39408813e+02, 4.45847137e+02,
    7.30691589e+02, 4.32156647e+02, 7.21939819e+02, 4.18680389e+02,
    7.68528870e+02, 4.55621735e+02, 7.58594238e+02, 4.41286346e+02,
    7.49435242e+02, 4.27268066e+02, 7.40288269e+02, 4.13844086e+02,
    7.31286072e+02, 4.00463013e+02, 7.78941040e+02, 4.36638123e+02,
    7.68564392e+02, 4.22486755e+02, 7.59468811e+02, 4.08549500e+02,
    7.50043884e+02, 3.95136993e+02, 7.40725586e+02, 3.81887787e+02,
    7.89465271e+02, 4.17270935e+02, 7.78954041e+02, 4.03332825e+02,
    7.69536377e+02, 3.89509247e+02, 7.59925293e+02, 3.76036346e+02,
    7.50349731e+02, 3.62995789e+02, 8.00249756e+02, 3.97681122e+02,
    7.89535645e+02, 3.83748962e+02, 7.79732971e+02, 3.70035400e+02,
    7.69950012e+02, 3.56697540e+02, 7.60122925e+02, 3.43693298e+02,
    8.11215881e+02, 3.77569519e+02, 8.00232178e+02, 3.63742889e+02,
    7.90097961e+02, 3.50215271e+02, 7.79911255e+02, 3.36884857e+02,
    7.69873474e+02, 3.24064148e+02 ]
