%YAML:1.0
points: [ 8.82779907e+02, 2.95126190e+02, 9.00643616e+02, 3.33991913e+02,
    9.17766418e+02, 3.70865692e+02, 9.33542236e+02, 4.07646912e+02,
    9.49358704e+02, 4.40626862e+02, 9.63939575e+02, 4.73948547e+02,
    9.78291565e+02, 5.04428070e+02, 9.91596680e+02, 5.35261047e+02,
    1.00472528e+03, 5.63316406e+02, 8.42760681e+02, 3.06437286e+02,
    8.61171753e+02, 3.44945099e+02, 8.78915405e+02, 3.81159302e+02,
    8.95361023e+02, 4.17165649e+02, 9.11716980e+02, 4.49534760e+02,
    9.26617676e+02, 4.82530121e+02, 9.41726196e+02, 5.12390869e+02,
    9.55919128e+02, 5.41525146e+02, 9.69532898e+02, 5.69770691e+02,
    8.04166809e+02, 3.17657501e+02, 8.23351624e+02, 3.54896606e+02,
    8.41488464e+02, 3.90752655e+02, 8.58382080e+02, 4.25992981e+02,
    8.75490540e+02, 4.58009064e+02, 8.90715942e+02, 4.90687134e+02,
    9.06218872e+02, 5.20354736e+02, 9.21015015e+02, 5.49330017e+02,
    9.35372986e+02, 5.75861572e+02, 7.65904480e+02, 3.29072266e+02,
    7.85547302e+02, 3.65756958e+02, 8.04707520e+02, 4.00344696e+02,
    8.22345276e+02, 4.34540527e+02, 8.39671631e+02, 4.66403992e+02,
    8.55525574e+02, 4.98478821e+02, 8.71438904e+02, 5.28346069e+02,
    8.86622620e+02, 5.55952026e+02, 9.01647766e+02, 5.81963562e+02,
    7.29482422e+02, 3.39407654e+02, 7.49134460e+02, 3.76288574e+02,
    7.68908264e+02, 4.09597076e+02, 7.87461548e+02, 4.42740387e+02,
    8.05227051e+02, 4.74427490e+02, 8.21357483e+02, 5.06339020e+02,
    8.37455994e+02, 5.35490967e+02, 8.53624756e+02, 5.61919373e+02,
    8.68872925e+02, 5.87957886e+02, 6.93481201e+02, 3.49936432e+02,
    7.13643066e+02, 3.86406372e+02, 7.33796936e+02, 4.19451019e+02,
    7.53293396e+02, 4.51112518e+02, 7.71388977e+02, 4.82360443e+02,
    7.87995911e+02, 5.13546448e+02, 8.04742310e+02, 5.42189697e+02,
    8.21492859e+02, 5.68045532e+02, 8.36968750e+02, 5.93918030e+02,
    6.58565552e+02, 3.60174042e+02, 6.79237366e+02, 3.95684906e+02,
    6.99540161e+02, 4.29047455e+02, 7.19461365e+02, 4.60033051e+02,
    7.38409912e+02, 4.90298370e+02, 7.55422791e+02, 5.20701294e+02,
    7.72880676e+02, 5.48536560e+02, 7.89857971e+02, 5.74136292e+02,
    8.05764282e+02, 5.99679626e+02, 6.24467407e+02, 3.70191986e+02,
    6.45539673e+02, 4.04843109e+02, 6.66465759e+02, 4.37580597e+02,
    6.86472778e+02, 4.68804596e+02, 7.05935181e+02, 4.98062256e+02,
    7.23755798e+02, 5.27749207e+02, 7.41448792e+02, 5.55147461e+02,
    7.59263306e+02, 5.80377625e+02, 7.75280212e+02, 6.06283020e+02,
    5.91429321e+02, 3.79683716e+02, 6.13059143e+02, 4.13712189e+02,
    6.34495850e+02, 4.45474762e+02, 6.54620605e+02, 4.76635681e+02,
    6.74645874e+02, 5.05456390e+02, 6.92813904e+02, 5.34414856e+02,
    7.11012329e+02, 5.61480896e+02, 7.28877869e+02, 5.86409485e+02,
    7.45364624e+02, 6.11744934e+02, 5.58977600e+02, 3.89302277e+02,
    5.81567932e+02, 4.22302856e+02, 6.03420837e+02, 4.53459351e+02,
    6.24452820e+02, 4.83199310e+02, 6.43823730e+02, 5.12708252e+02,
    6.62947021e+02, 5.40411560e+02, 6.81635437e+02, 5.66519775e+02,
    6.99281738e+02, 5.92568726e+02, 7.16520874e+02, 6.16695312e+02,
    5.28125977e+02, 3.97561707e+02, 5.51014221e+02, 4.29752411e+02,
    5.73169006e+02, 4.60633972e+02, 5.94635742e+02, 4.89694489e+02,
    6.14476013e+02, 5.18592896e+02, 6.34047180e+02, 5.45809875e+02,
    6.53270874e+02, 5.71446533e+02, 6.71091736e+02, 5.97356384e+02,
    6.88558777e+02, 6.20933655e+02 ]
