%YAML:1.0
points: [ 1.91329025e+02, 1.89508240e+02, 1.87346115e+02, 1.84303558e+02,
    1.83229919e+02, 1.79173767e+02, 1.79425217e+02, 1.74220566e+02,
    1.75618347e+02, 1.69297623e+02, 1.95290802e+02, 1.82878387e+02,
    1.91121170e+02, 1.77721222e+02, 1.86984726e+02, 1.72632095e+02,
    1.83124664e+02, 1.67660248e+02, 1.79265381e+02, 1.62783386e+02,
    1.99371704e+02, 1.76099701e+02, 1.94999054e+02, 1.70905991e+02,
    1.90961349e+02, 1.65892639e+02, 1.86898087e+02, 1.60923615e+02,
    1.82897354e+02, 1.56099182e+02, 2.03516922e+02, 1.69212662e+02,
    1.98914078e+02, 1.64004501e+02, 1.94936996e+02, 1.59066681e+02,
    1.90742081e+02, 1.54110107e+02, 1.86701324e+02, 1.49327713e+02,
    2.07606552e+02, 1.62179947e+02, 2.03009109e+02, 1.56991318e+02,
    1.98870255e+02, 1.52069611e+02, 1.94684082e+02, 1.47221542e+02,
    1.90466385e+02, 1.42415176e+02, 2.11826630e+02, 1.54972794e+02,
    2.07120590e+02, 1.49896317e+02, 2.02842194e+02, 1.44938446e+02,
    1.98642319e+02, 1.40159027e+02, 1.94341888e+02, 1.35387543e+02,
    2.16133621e+02, 1.47714783e+02, 2.11314957e+02, 1.42660645e+02,
    2.06933121e+02, 1.37731171e+02, 2.02622284e+02, 1.32901657e+02,
    1.98150955e+02, 1.28203323e+02 ]
