%YAML:1.0
points: [ 5.38941345e+02, 1.04641899e+02, 5.55577393e+02, 1.44668564e+02,
    5.72289734e+02, 1.84268539e+02, 5.86396606e+02, 2.23567734e+02,
    6.03529053e+02, 2.62281860e+02, 6.18109497e+02, 3.00882355e+02,
    6.34418762e+02, 3.38631897e+02, 6.48437927e+02, 3.76606506e+02,
    6.64233154e+02, 4.13592590e+02, 5.18864014e+02, 1.23547028e+02,
    5.34205872e+02, 1.62352951e+02, 5.50646973e+02, 2.00872192e+02,
    5.64612915e+02, 2.39294464e+02, 5.81504761e+02, 2.77050781e+02,
    5.95130981e+02, 3.14668488e+02, 6.11337097e+02, 3.51655212e+02,
    6.26508362e+02, 3.88465302e+02, 6.41255371e+02, 4.24833160e+02,
    4.98799438e+02, 1.41256714e+02, 5.14848267e+02, 1.79233246e+02,
    5.30288940e+02, 2.16665527e+02, 5.43977051e+02, 2.54360550e+02,
    5.60392029e+02, 2.91029907e+02, 5.73441833e+02, 3.27980072e+02,
    5.88830688e+02, 3.64122833e+02, 6.03636292e+02, 4.00223816e+02,
    6.19421326e+02, 4.35372467e+02, 4.78986267e+02, 1.58347153e+02,
    4.94330902e+02, 1.95259308e+02, 5.10506317e+02, 2.31933426e+02,
    5.24462280e+02, 2.68480133e+02, 5.39788452e+02, 3.04565491e+02,
    5.52621399e+02, 3.40569733e+02, 5.67132446e+02, 3.76220459e+02,
    5.82471191e+02, 4.11169037e+02, 5.98194641e+02, 4.45597260e+02,
    4.61394958e+02, 1.74500015e+02, 4.74798828e+02, 2.10797806e+02,
    4.91378387e+02, 2.46414276e+02, 5.05773987e+02, 2.82273926e+02,
    5.20575317e+02, 3.17404114e+02, 5.32620850e+02, 3.52777252e+02,
    5.46646057e+02, 3.87563110e+02, 5.62827026e+02, 4.21576935e+02,
    5.77827332e+02, 4.55364075e+02, 4.43572906e+02, 1.90231400e+02,
    4.56550568e+02, 2.25549347e+02, 4.72206055e+02, 2.60631378e+02,
    4.87669952e+02, 2.95307434e+02, 5.01638794e+02, 3.29915771e+02,
    5.13816467e+02, 3.64421478e+02, 5.27824890e+02, 3.98504242e+02,
    5.43827209e+02, 4.31575653e+02, 5.58221924e+02, 4.64698883e+02,
    4.26443207e+02, 2.05296341e+02, 4.39338837e+02, 2.39908722e+02,
    4.53458313e+02, 2.74107269e+02, 4.68793457e+02, 3.08233521e+02,
    4.83475250e+02, 3.41763977e+02, 4.95499481e+02, 3.75659912e+02,
    5.09843994e+02, 4.08735962e+02, 5.25443604e+02, 4.41382874e+02,
    5.39372253e+02, 4.73859222e+02, 4.09867889e+02, 2.19583694e+02,
    4.22868896e+02, 2.53438293e+02, 4.36744598e+02, 2.86957794e+02,
    4.50858826e+02, 3.20366272e+02, 4.65717041e+02, 3.53382843e+02,
    4.78035889e+02, 3.86354797e+02, 4.92073547e+02, 4.18926025e+02,
    5.07444031e+02, 4.50668793e+02, 5.20254761e+02, 4.82812500e+02,
    3.94400085e+02, 2.33413651e+02, 4.07091217e+02, 2.66561249e+02,
    4.21280640e+02, 2.99321625e+02, 4.34444763e+02, 3.32158905e+02,
    4.48900024e+02, 3.64315186e+02, 4.61414825e+02, 3.96676056e+02,
    4.75024048e+02, 4.28496735e+02, 4.89948486e+02, 4.59682831e+02,
    5.02769562e+02, 4.91257202e+02, 3.78916046e+02, 2.46637833e+02,
    3.92440155e+02, 2.79063141e+02, 4.06242889e+02, 3.11209045e+02,
    4.20339447e+02, 3.42985962e+02, 4.32716522e+02, 3.74935089e+02,
    4.46227325e+02, 4.06378418e+02, 4.60238068e+02, 4.37487213e+02,
    4.72884216e+02, 4.68560547e+02, 4.86621277e+02, 4.99273407e+02,
    3.65602753e+02, 2.59447479e+02, 3.78856995e+02, 2.91202759e+02,
    3.92372620e+02, 3.22506744e+02, 4.06314880e+02, 3.53677429e+02,
    4.18812073e+02, 3.84910492e+02, 4.32042877e+02, 4.15774567e+02,
    4.46036346e+02, 4.46157471e+02, 4.58206696e+02, 4.76716400e+02,
    4.71842621e+02, 5.06454742e+02 ]
