%YAML:1.0
points: [ 4.44591370e+02, 7.49794846e+01, 4.49816650e+02, 8.50496902e+01,
    4.54933167e+02, 9.49493790e+01, 4.60124939e+02, 1.04555351e+02,
    4.64633820e+02, 1.13801643e+02, 4.69301971e+02, 1.22670547e+02,
    4.73603455e+02, 1.31312851e+02, 4.77928680e+02, 1.39648209e+02,
    4.81877991e+02, 1.47659775e+02, 4.33212097e+02, 8.43458862e+01,
    4.39062531e+02, 9.44469452e+01, 4.44168762e+02, 1.04130157e+02,
    4.49638580e+02, 1.13567467e+02, 4.54126770e+02, 1.22404312e+02,
    4.59430450e+02, 1.31351608e+02, 4.63486542e+02, 1.39611679e+02,
    4.67942505e+02, 1.47751541e+02, 4.72005829e+02, 1.55543152e+02,
    4.22246552e+02, 9.39295120e+01, 4.27774902e+02, 1.03724556e+02,
    4.33319916e+02, 1.13267830e+02, 4.38908966e+02, 1.22427940e+02,
    4.43746613e+02, 1.31221970e+02, 4.49181824e+02, 1.39934906e+02,
    4.53717041e+02, 1.48177414e+02, 4.58165131e+02, 1.56033463e+02,
    4.62364258e+02, 1.63539536e+02, 4.10735321e+02, 1.02503807e+02,
    4.17088165e+02, 1.13179420e+02, 4.22357574e+02, 1.22288918e+02,
    4.28198761e+02, 1.31403458e+02, 4.33291412e+02, 1.39936279e+02,
    4.38919769e+02, 1.48446991e+02, 4.43735352e+02, 1.56535995e+02,
    4.48304810e+02, 1.64230408e+02, 4.52330750e+02, 1.71380951e+02,
    3.99660431e+02, 1.12932396e+02, 4.06120331e+02, 1.22562111e+02,
    4.11668976e+02, 1.31438370e+02, 4.17299896e+02, 1.40145859e+02,
    4.22799255e+02, 1.48593964e+02, 4.28459778e+02, 1.56970596e+02,
    4.33705261e+02, 1.64883057e+02, 4.38098511e+02, 1.72136688e+02,
    4.42564758e+02, 1.79319595e+02, 3.88802673e+02, 1.22608826e+02,
    3.95363770e+02, 1.31903214e+02, 4.01166595e+02, 1.40481033e+02,
    4.06770752e+02, 1.48893265e+02, 4.12348969e+02, 1.57101593e+02,
    4.18311188e+02, 1.65343796e+02, 4.23355865e+02, 1.73000793e+02,
    4.28086304e+02, 1.80156067e+02, 4.32768250e+02, 1.87125885e+02,
    3.77850464e+02, 1.32061646e+02, 3.84414429e+02, 1.41057861e+02,
    3.90778687e+02, 1.49640244e+02, 3.96347992e+02, 1.57761292e+02,
    4.02044495e+02, 1.65722198e+02, 4.07965912e+02, 1.73657852e+02,
    4.13323883e+02, 1.81023224e+02, 4.18003632e+02, 1.87885376e+02,
    4.23050751e+02, 1.94860550e+02, 3.67049622e+02, 1.41320999e+02,
    3.73805756e+02, 1.50048065e+02, 3.80170441e+02, 1.58404541e+02,
    3.86331116e+02, 1.66399048e+02, 3.91947998e+02, 1.74102203e+02,
    3.97943207e+02, 1.81822037e+02, 4.03287720e+02, 1.89048386e+02,
    4.08284546e+02, 1.95805038e+02, 4.13528656e+02, 2.02616135e+02,
    3.56420837e+02, 1.50338715e+02, 3.63236237e+02, 1.58930878e+02,
    3.69651245e+02, 1.67021622e+02, 3.75960419e+02, 1.74980392e+02,
    3.81884094e+02, 1.82352127e+02, 3.87851349e+02, 1.89836182e+02,
    3.93561646e+02, 1.96937500e+02, 3.98724274e+02, 2.03457230e+02,
    4.04051727e+02, 2.10179733e+02, 3.45960297e+02, 1.59395569e+02,
    3.52799713e+02, 1.67496689e+02, 3.59305328e+02, 1.75413208e+02,
    3.65663208e+02, 1.82967941e+02, 3.71879730e+02, 1.90466675e+02,
    3.77902863e+02, 1.97556564e+02, 3.83532410e+02, 2.04339996e+02,
    3.89267334e+02, 2.11210648e+02, 3.94411011e+02, 2.17388916e+02,
    3.35556061e+02, 1.68031418e+02, 3.42395538e+02, 1.75946686e+02,
    3.49193634e+02, 1.83601151e+02, 3.55520752e+02, 1.90908249e+02,
    3.61874847e+02, 1.98146866e+02, 3.67893646e+02, 2.05122803e+02,
    3.73671906e+02, 2.11656464e+02, 3.79458862e+02, 2.18305389e+02,
    3.84830627e+02, 2.24506302e+02 ]
