%YAML:1.0
points: [ 3.80544739e+02, 1.61799530e+02, 3.67095306e+02, 1.62206116e+02,
    3.54089111e+02, 1.62635269e+02, 3.41687775e+02, 1.62987244e+02,
    3.29656097e+02, 1.63298782e+02, 3.79243439e+02, 1.49740173e+02,
    3.65528870e+02, 1.50397964e+02, 3.52370758e+02, 1.51089615e+02,
    3.39748932e+02, 1.51589874e+02, 3.27615906e+02, 1.52174927e+02,
    3.77870667e+02, 1.37209015e+02, 3.63951141e+02, 1.38195084e+02,
    3.50610870e+02, 1.38972275e+02, 3.37776642e+02, 1.39862854e+02,
    3.25530365e+02, 1.40677475e+02, 3.76412811e+02, 1.24248528e+02,
    3.62209686e+02, 1.25603775e+02, 3.48804901e+02, 1.26605438e+02,
    3.35757446e+02, 1.27712921e+02, 3.23282135e+02, 1.28741989e+02,
    3.74919800e+02, 1.10829636e+02, 3.60478699e+02, 1.12371735e+02,
    3.46914520e+02, 1.13731865e+02, 3.33668304e+02, 1.15034988e+02,
    3.20947021e+02, 1.16475075e+02, 3.73380219e+02, 9.69036102e+01,
    3.58783844e+02, 9.87592239e+01, 3.44957062e+02, 1.00345879e+02,
    3.31474335e+02, 1.02019279e+02, 3.18629700e+02, 1.03673454e+02,
    3.71743225e+02, 8.24513779e+01, 3.56916138e+02, 8.45705490e+01,
    3.42847015e+02, 8.64786835e+01, 3.29212402e+02, 8.84173660e+01,
    3.16087616e+02, 9.04042282e+01 ]
