%YAML:1.0
points: [ 2.81213928e+02, 7.17186661e+01, 2.85840881e+02, 8.85935135e+01,
    2.90371307e+02, 1.04497650e+02, 2.94684326e+02, 1.20230019e+02,
    2.98834534e+02, 1.34553131e+02, 3.02764069e+02, 1.48794464e+02,
    3.06600372e+02, 1.61939407e+02, 3.10171478e+02, 1.75036697e+02,
    3.13679932e+02, 1.87137726e+02, 2.64713531e+02, 7.67390976e+01,
    2.69801514e+02, 9.33816757e+01, 2.74640320e+02, 1.09019653e+02,
    2.79208527e+02, 1.24374550e+02, 2.83645691e+02, 1.38484222e+02,
    2.87837036e+02, 1.52605515e+02, 2.91827698e+02, 1.65441757e+02,
    2.95776855e+02, 1.78028397e+02, 2.99498993e+02, 1.90111267e+02,
    2.48848343e+02, 8.16648941e+01, 2.54249664e+02, 9.78097916e+01,
    2.59363647e+02, 1.13340775e+02, 2.64151917e+02, 1.28371399e+02,
    2.68877655e+02, 1.42269012e+02, 2.73254364e+02, 1.56198624e+02,
    2.77610718e+02, 1.68966354e+02, 2.81736694e+02, 1.81350235e+02,
    2.85737244e+02, 1.92920364e+02, 2.33237137e+02, 8.66079102e+01,
    2.38903534e+02, 1.02506523e+02, 2.44299576e+02, 1.17566658e+02,
    2.49460220e+02, 1.32223007e+02, 2.54412796e+02, 1.45997833e+02,
    2.59048828e+02, 1.59661301e+02, 2.63583252e+02, 1.72381500e+02,
    2.67971649e+02, 1.84355042e+02, 2.72231323e+02, 1.95697098e+02,
    2.18180038e+02, 9.12154312e+01, 2.23942413e+02, 1.06981422e+02,
    2.29763657e+02, 1.21608002e+02, 2.35146896e+02, 1.35877930e+02,
    2.40358337e+02, 1.49565018e+02, 2.45143036e+02, 1.63029617e+02,
    2.49911331e+02, 1.75624161e+02, 2.54623230e+02, 1.87158508e+02,
    2.59069550e+02, 1.98358841e+02, 2.03300232e+02, 9.57717514e+01,
    2.09349716e+02, 1.11280098e+02, 2.15375275e+02, 1.25774956e+02,
    2.21201569e+02, 1.39637070e+02, 2.26581909e+02, 1.53032135e+02,
    2.31622849e+02, 1.66318207e+02, 2.36607697e+02, 1.78661133e+02,
    2.41486481e+02, 1.90053024e+02, 2.46223633e+02, 2.01155197e+02,
    1.88945206e+02, 1.00228470e+02, 1.95195175e+02, 1.15427002e+02,
    2.01354813e+02, 1.29830032e+02, 2.07363861e+02, 1.43399826e+02,
    2.13094864e+02, 1.56472733e+02, 2.18224411e+02, 1.69488541e+02,
    2.23555252e+02, 1.81512131e+02, 2.28667175e+02, 1.92620621e+02,
    2.33549042e+02, 2.03765152e+02, 1.74836029e+02, 1.04502647e+02,
    1.81325607e+02, 1.19414856e+02, 1.87703125e+02, 1.33598801e+02,
    1.93922607e+02, 1.47163361e+02, 1.99944626e+02, 1.59930450e+02,
    2.05324860e+02, 1.72558350e+02, 2.10813385e+02, 1.84447876e+02,
    2.16167786e+02, 1.95418488e+02, 2.21077805e+02, 2.06601578e+02,
    1.61152466e+02, 1.08731575e+02, 1.67833252e+02, 1.23315086e+02,
    1.74552872e+02, 1.37161743e+02, 1.80805313e+02, 1.50613495e+02,
    1.87013519e+02, 1.63103165e+02, 1.92643066e+02, 1.75601883e+02,
    1.98287735e+02, 1.87264359e+02, 2.03921494e+02, 1.98236099e+02,
    2.08950928e+02, 2.09082428e+02, 1.47658997e+02, 1.12832275e+02,
    1.54699600e+02, 1.27105705e+02, 1.61620087e+02, 1.40652390e+02,
    1.68201248e+02, 1.53585358e+02, 1.74332825e+02, 1.66325363e+02,
    1.80399368e+02, 1.78285248e+02, 1.86251678e+02, 1.89720612e+02,
    1.91761169e+02, 2.00973694e+02, 1.97133835e+02, 2.11467529e+02,
    1.34807297e+02, 1.16699013e+02, 1.42071014e+02, 1.30600403e+02,
    1.49051529e+02, 1.43949036e+02, 1.55910202e+02, 1.56658066e+02,
    1.62132782e+02, 1.69116013e+02, 1.68413651e+02, 1.80959991e+02,
    1.74414856e+02, 1.92092529e+02, 1.80012009e+02, 2.03183243e+02,
    1.85652069e+02, 2.13547424e+02 ]
