%YAML:1.0
points: [ 3.73536011e+02, 2.17414520e+02, 3.61819275e+02, 2.16446823e+02,
    3.50511688e+02, 2.15655029e+02, 3.39698181e+02, 2.14620193e+02,
    3.29262543e+02, 2.13817001e+02, 3.71101349e+02, 2.09790268e+02,
    3.59185577e+02, 2.09016113e+02, 3.47682190e+02, 2.08334305e+02,
    3.36728027e+02, 2.07490311e+02, 3.26181305e+02, 2.06733322e+02,
    3.68571014e+02, 2.01728165e+02, 3.56402893e+02, 2.01247437e+02,
    3.44818481e+02, 2.00540970e+02, 3.33613037e+02, 1.99985321e+02,
    3.22880310e+02, 1.99339951e+02, 3.65909607e+02, 1.93409729e+02,
    3.53502899e+02, 1.93209427e+02, 3.41782196e+02, 1.92470856e+02,
    3.30388123e+02, 1.92089874e+02, 3.19483276e+02, 1.91653763e+02,
    3.63133392e+02, 1.84762222e+02, 3.50518677e+02, 1.84690430e+02,
    3.38600067e+02, 1.84202057e+02, 3.27074280e+02, 1.83913116e+02,
    3.15980103e+02, 1.83713715e+02, 3.60244904e+02, 1.75718124e+02,
    3.47423950e+02, 1.75793701e+02, 3.35276703e+02, 1.75593201e+02,
    3.23585541e+02, 1.75417236e+02, 3.12311798e+02, 1.75391968e+02,
    3.57200195e+02, 1.66198502e+02, 3.44193573e+02, 1.66555161e+02,
    3.31786438e+02, 1.66516006e+02, 3.19879852e+02, 1.66622635e+02,
    3.08483917e+02, 1.66844620e+02 ]
