%YAML:1.0
points: [ 7.39223938e+02, 5.00877228e+02, 7.28125122e+02, 4.85881409e+02,
    7.16971130e+02, 4.71201630e+02, 7.06475647e+02, 4.56883636e+02,
    6.95950073e+02, 4.42809174e+02, 7.50333252e+02, 4.81851562e+02,
    7.38858093e+02, 4.66786438e+02, 7.27567078e+02, 4.52285156e+02,
    7.16890259e+02, 4.38014282e+02, 7.06230103e+02, 4.24060516e+02,
    7.61660767e+02, 4.62323883e+02, 7.49713135e+02, 4.47377289e+02,
    7.38547180e+02, 4.32862671e+02, 7.27476868e+02, 4.18851257e+02,
    7.16523254e+02, 4.04951447e+02, 7.73196716e+02, 4.42414886e+02,
    7.60728394e+02, 4.27702301e+02, 7.49632019e+02, 4.13274536e+02,
    7.38204468e+02, 3.99292511e+02, 7.27023071e+02, 3.85447510e+02,
    7.84779663e+02, 4.22196930e+02, 7.72169800e+02, 4.07665558e+02,
    7.60670593e+02, 3.93404205e+02, 7.49102966e+02, 3.79358490e+02,
    7.37603943e+02, 3.65702057e+02, 7.96615845e+02, 4.01640839e+02,
    7.83851685e+02, 3.87227600e+02, 7.71926392e+02, 3.73091705e+02,
    7.60140381e+02, 3.59076996e+02, 7.48363220e+02, 3.45665009e+02,
    8.08637024e+02, 3.80698120e+02, 7.95610596e+02, 3.66392731e+02,
    7.83378479e+02, 3.52294769e+02, 7.71144470e+02, 3.38438568e+02,
    7.59141174e+02, 3.25050140e+02 ]
