%YAML:1.0
points: [ 1.37383850e+03, 4.90846313e+02, 1.33775024e+03, 4.94453430e+02,
    1.30237708e+03, 4.98284302e+02, 1.26765259e+03, 5.01591156e+02,
    1.23352820e+03, 5.05151733e+02, 1.37339905e+03, 4.61760773e+02,
    1.33680054e+03, 4.65749146e+02, 1.30075391e+03, 4.69978180e+02,
    1.26543188e+03, 4.73593231e+02, 1.23087378e+03, 4.77285645e+02,
    1.37306506e+03, 4.31617554e+02, 1.33585022e+03, 4.36199585e+02,
    1.29918945e+03, 4.40291351e+02, 1.26326208e+03, 4.44477142e+02,
    1.22804944e+03, 4.48635956e+02, 1.37274805e+03, 4.00400330e+02,
    1.33488196e+03, 4.05673553e+02, 1.29755981e+03, 4.09726685e+02,
    1.26104102e+03, 4.14380859e+02, 1.22521631e+03, 4.18933838e+02,
    1.37253967e+03, 3.68079437e+02, 1.33393738e+03, 3.73628754e+02,
    1.29593774e+03, 3.78304657e+02, 1.25877234e+03, 3.83207245e+02,
    1.22233582e+03, 3.88240997e+02, 1.37230359e+03, 3.34472565e+02,
    1.33297681e+03, 3.40464050e+02, 1.29430457e+03, 3.45713074e+02,
    1.25647693e+03, 3.50936554e+02, 1.21935168e+03, 3.56334808e+02,
    1.37211414e+03, 2.99548065e+02, 1.33202673e+03, 3.06048981e+02,
    1.29265845e+03, 3.11722015e+02, 1.25409143e+03, 3.17593079e+02,
    1.21628369e+03, 3.23554474e+02 ]
