%YAML:1.0
points: [ 1.91320328e+02, 1.89514526e+02, 1.87354187e+02, 1.84305267e+02,
    1.83234467e+02, 1.79174484e+02, 1.79427246e+02, 1.74201401e+02,
    1.75619293e+02, 1.69330612e+02, 1.95292023e+02, 1.82877243e+02,
    1.91133118e+02, 1.77706711e+02, 1.86978607e+02, 1.72629654e+02,
    1.83128006e+02, 1.67651382e+02, 1.79278931e+02, 1.62753021e+02,
    1.99384262e+02, 1.76103516e+02, 1.95002182e+02, 1.70901886e+02,
    1.90950150e+02, 1.65906326e+02, 1.86895706e+02, 1.60916672e+02,
    1.82907104e+02, 1.56083282e+02, 2.03539383e+02, 1.69189651e+02,
    1.98915253e+02, 1.64010666e+02, 1.94941345e+02, 1.59054657e+02,
    1.90745270e+02, 1.54125854e+02, 1.86682465e+02, 1.49311188e+02,
    2.07622269e+02, 1.62186752e+02, 2.03000809e+02, 1.57010284e+02,
    1.98871979e+02, 1.52049881e+02, 1.94686676e+02, 1.47211121e+02,
    1.90472122e+02, 1.42426819e+02, 2.11823334e+02, 1.54979980e+02,
    2.07128830e+02, 1.49900528e+02, 2.02849838e+02, 1.44938065e+02,
    1.98631119e+02, 1.40151093e+02, 1.94350143e+02, 1.35394958e+02,
    2.16133682e+02, 1.47709808e+02, 2.11309723e+02, 1.42652710e+02,
    2.06931641e+02, 1.37729019e+02, 2.02626038e+02, 1.32920639e+02,
    1.98159500e+02, 1.28181671e+02 ]
