%YAML:1.0
points: [ 7.33291626e+02, 3.64963715e+02, 7.25150208e+02, 3.46124786e+02,
    7.16960938e+02, 3.27389130e+02, 7.09218262e+02, 3.09241272e+02,
    7.01451294e+02, 2.91191528e+02, 7.49259888e+02, 3.49090546e+02,
    7.40800842e+02, 3.30033020e+02, 7.32367126e+02, 3.11401215e+02,
    7.24462463e+02, 2.93270508e+02, 7.16585388e+02, 2.75066254e+02,
    7.65563843e+02, 3.32801697e+02, 7.56639832e+02, 3.13690765e+02,
    7.48457458e+02, 2.94982300e+02, 7.40016479e+02, 2.76787262e+02,
    7.31879517e+02, 2.58598511e+02, 7.82180908e+02, 3.16177338e+02,
    7.72775146e+02, 2.97057770e+02, 7.64577209e+02, 2.78362976e+02,
    7.55875488e+02, 2.59988129e+02, 7.47414795e+02, 2.41842163e+02,
    7.99026001e+02, 2.99193207e+02, 7.89562622e+02, 2.80021362e+02,
    7.80928040e+02, 2.61311890e+02, 7.72063782e+02, 2.42833084e+02,
    7.63247864e+02, 2.24713806e+02, 8.16330261e+02, 2.81855835e+02,
    8.06547363e+02, 2.62753448e+02, 7.97524170e+02, 2.43918289e+02,
    7.88530212e+02, 2.25309967e+02, 7.79464539e+02, 2.07156631e+02,
    8.33932312e+02, 2.64155334e+02, 8.23877075e+02, 2.44932541e+02,
    8.14585083e+02, 2.26030792e+02, 8.05115479e+02, 2.07413757e+02,
    7.95734192e+02, 1.89089981e+02 ]
