%YAML:1.0
points: [ 1.40038269e+03, 5.62859497e+02, 1.36604822e+03, 5.70261475e+02,
    1.33247034e+03, 5.77818237e+02, 1.29953308e+03, 5.84631653e+02,
    1.26736560e+03, 5.91681335e+02, 1.39575110e+03, 5.39651245e+02,
    1.36092615e+03, 5.47448425e+02, 1.32672168e+03, 5.55459167e+02,
    1.29331689e+03, 5.62658020e+02, 1.26062268e+03, 5.69925598e+02,
    1.39115369e+03, 5.15518921e+02, 1.35565955e+03, 5.24089661e+02,
    1.32094421e+03, 5.31874939e+02, 1.28696899e+03, 5.39785339e+02,
    1.25381421e+03, 5.47546204e+02, 1.38636279e+03, 4.90498199e+02,
    1.35027393e+03, 4.99856567e+02, 1.31489136e+03, 5.07646027e+02,
    1.28034485e+03, 5.16058594e+02, 1.24663916e+03, 5.24332825e+02,
    1.38140295e+03, 4.64643402e+02, 1.34478015e+03, 4.74347778e+02,
    1.30866650e+03, 4.82791595e+02, 1.27352795e+03, 4.91481110e+02,
    1.23928735e+03, 5.00293213e+02, 1.37627429e+03, 4.37694550e+02,
    1.33900305e+03, 4.47806702e+02, 1.30230212e+03, 4.56936310e+02,
    1.26655457e+03, 4.66003571e+02, 1.23165649e+03, 4.75292603e+02,
    1.37096326e+03, 4.09517975e+02, 1.33298999e+03, 4.20309875e+02,
    1.29561560e+03, 4.29902832e+02, 1.25921680e+03, 4.39717987e+02,
    1.22388757e+03, 4.49544159e+02 ]
