%YAML:1.0
points: [ 3.37360382e+02, 2.13380341e+02, 3.28107056e+02, 2.12171967e+02,
    3.19071777e+02, 2.11117523e+02, 3.10626129e+02, 2.09928436e+02,
    3.02497101e+02, 2.08875732e+02, 3.33048401e+02, 2.05748962e+02,
    3.23612579e+02, 2.04653824e+02, 3.14544250e+02, 2.03750763e+02,
    3.06092499e+02, 2.02690659e+02, 2.97951874e+02, 2.01722122e+02,
    3.28554474e+02, 1.97717056e+02, 3.19025085e+02, 1.96987534e+02,
    3.10056915e+02, 1.96000183e+02, 3.01414215e+02, 1.95236786e+02,
    2.93238373e+02, 1.94378876e+02, 3.23872284e+02, 1.89496475e+02,
    3.14175446e+02, 1.89043396e+02, 3.05309692e+02, 1.88094467e+02,
    2.96595093e+02, 1.87539932e+02, 2.88349823e+02, 1.86869629e+02,
    3.19017029e+02, 1.80997650e+02, 3.09276978e+02, 1.80722488e+02,
    3.00347412e+02, 1.80034286e+02, 2.91706238e+02, 1.79580338e+02,
    2.83377228e+02, 1.79174850e+02, 3.13969055e+02, 1.72156967e+02,
    3.04213837e+02, 1.72096909e+02, 2.95181458e+02, 1.71673950e+02,
    2.86554260e+02, 1.71300964e+02, 2.78205261e+02, 1.71144058e+02,
    3.08767883e+02, 1.62971054e+02, 2.99009644e+02, 1.63188309e+02,
    2.89887756e+02, 1.62951004e+02, 2.81183685e+02, 1.62889725e+02,
    2.72776489e+02, 1.62946259e+02 ]
