%YAML:1.0
points: [ 1.89510513e+02, 1.42095810e+02, 1.86576614e+02, 1.35529617e+02,
    1.83511200e+02, 1.28916687e+02, 1.80679398e+02, 1.22626137e+02,
    1.77831573e+02, 1.16360207e+02, 1.95160034e+02, 1.36594406e+02,
    1.92111084e+02, 1.29935699e+02, 1.88969620e+02, 1.23389526e+02,
    1.86095078e+02, 1.16974861e+02, 1.83201981e+02, 1.10761040e+02,
    2.01014526e+02, 1.30851791e+02, 1.97763718e+02, 1.24200775e+02,
    1.94731812e+02, 1.17736801e+02, 1.91664612e+02, 1.11277573e+02,
    1.88654602e+02, 1.04960594e+02, 2.06919022e+02, 1.25103378e+02,
    2.03470428e+02, 1.18335960e+02, 2.00493729e+02, 1.11888817e+02,
    1.97324112e+02, 1.05448112e+02, 1.94216309e+02, 9.90204468e+01,
    2.12944733e+02, 1.19157684e+02, 2.09404129e+02, 1.12402771e+02,
    2.06317001e+02, 1.05906158e+02, 2.03098434e+02, 9.95133667e+01,
    1.99855713e+02, 9.30322266e+01, 2.19120758e+02, 1.13087112e+02,
    2.15456268e+02, 1.06338226e+02, 2.12196091e+02, 9.97699432e+01,
    2.08982361e+02, 9.33397064e+01, 2.05645889e+02, 8.69350281e+01,
    2.25308517e+02, 1.06917587e+02, 2.21645340e+02, 1.00063828e+02,
    2.18291992e+02, 9.35284500e+01, 2.14923340e+02, 8.70168304e+01,
    2.11472748e+02, 8.06265793e+01 ]
