%YAML:1.0
points: [ 1.45478540e+03, 5.80007629e+02, 1.41771948e+03, 5.87760559e+02,
    1.38167395e+03, 5.95543213e+02, 1.34623157e+03, 6.02771484e+02,
    1.31164514e+03, 6.10070068e+02, 1.45094653e+03, 5.55815918e+02,
    1.41345081e+03, 5.63928040e+02, 1.37658423e+03, 5.72370056e+02,
    1.34055969e+03, 5.79780884e+02, 1.30542224e+03, 5.87406006e+02,
    1.44718274e+03, 5.30540100e+02, 1.40898157e+03, 5.39552795e+02,
    1.37143640e+03, 5.47678528e+02, 1.33475317e+03, 5.55949524e+02,
    1.29900659e+03, 5.63983337e+02, 1.44335840e+03, 5.04301422e+02,
    1.40433936e+03, 5.14153625e+02, 1.36611890e+03, 5.22262695e+02,
    1.32876550e+03, 5.31125916e+02, 1.29233496e+03, 5.39757263e+02,
    1.43941089e+03, 4.77064117e+02, 1.39959363e+03, 4.87371857e+02,
    1.36059033e+03, 4.96170349e+02, 1.32255408e+03, 5.05335724e+02,
    1.28558105e+03, 5.14653137e+02, 1.43522937e+03, 4.48626740e+02,
    1.39465649e+03, 4.59421509e+02, 1.35496057e+03, 4.69037811e+02,
    1.31621472e+03, 4.78590271e+02, 1.27839490e+03, 4.88380005e+02,
    1.43089832e+03, 4.18851471e+02, 1.38958887e+03, 4.30315552e+02,
    1.34899841e+03, 4.40511597e+02, 1.30952112e+03, 4.50821289e+02,
    1.27122375e+03, 4.61301727e+02 ]
