%YAML:1.0
points: [ 1.89627548e+02, 1.72221405e+02, 1.86266586e+02, 1.67089401e+02,
    1.82768982e+02, 1.61989502e+02, 1.79596832e+02, 1.57078827e+02,
    1.76354813e+02, 1.52255783e+02, 1.93683563e+02, 1.65732376e+02,
    1.90197525e+02, 1.60579330e+02, 1.86671585e+02, 1.55504074e+02,
    1.83427902e+02, 1.50607483e+02, 1.80170914e+02, 1.45811279e+02,
    1.97900772e+02, 1.58987030e+02, 1.94200165e+02, 1.53836533e+02,
    1.90792160e+02, 1.48883331e+02, 1.87343582e+02, 1.43983353e+02,
    1.83986099e+02, 1.39242325e+02, 2.02164825e+02, 1.52176849e+02,
    1.98263519e+02, 1.47001602e+02, 1.94875900e+02, 1.42153046e+02,
    1.91318756e+02, 1.37297714e+02, 1.87856033e+02, 1.32537415e+02,
    2.06480286e+02, 1.45234924e+02, 2.02492203e+02, 1.40118500e+02,
    1.98966202e+02, 1.35286713e+02, 1.95377747e+02, 1.30487335e+02,
    1.91736404e+02, 1.25799957e+02, 2.10793213e+02, 1.38176346e+02,
    2.06748581e+02, 1.33104935e+02, 2.03079315e+02, 1.28245926e+02,
    1.99487167e+02, 1.23500381e+02, 1.95800629e+02, 1.18806572e+02,
    2.15284805e+02, 1.30890518e+02, 2.11091934e+02, 1.25885513e+02,
    2.07335556e+02, 1.21042923e+02, 2.03623505e+02, 1.16342331e+02,
    1.99773438e+02, 1.11660309e+02 ]
