%YAML:1.0
points: [ 4.19031677e+02, 2.19949951e+02, 4.05958008e+02, 2.19600296e+02,
    3.93133820e+02, 2.19415863e+02, 3.80565033e+02, 2.19092896e+02,
    3.68291504e+02, 2.18790405e+02, 4.19615326e+02, 2.12418549e+02,
    4.06250885e+02, 2.12259628e+02, 3.93168243e+02, 2.12225357e+02,
    3.80261383e+02, 2.11917862e+02, 3.67709381e+02, 2.11620300e+02,
    4.20330139e+02, 2.04582916e+02, 4.06583191e+02, 2.04648605e+02,
    3.93129059e+02, 2.04413147e+02, 3.79962036e+02, 2.04307327e+02,
    3.67081390e+02, 2.04180786e+02, 4.20999115e+02, 1.96353882e+02,
    4.06927063e+02, 1.96641006e+02, 3.93112335e+02, 1.96344086e+02,
    3.79620544e+02, 1.96388000e+02, 3.66432159e+02, 1.96359695e+02,
    4.21740845e+02, 1.87718323e+02, 4.07292694e+02, 1.88072662e+02,
    3.93131378e+02, 1.87958481e+02, 3.79278900e+02, 1.88087769e+02,
    3.65798004e+02, 1.88281082e+02, 4.22535156e+02, 1.78631546e+02,
    4.07681274e+02, 1.79074081e+02, 3.93135956e+02, 1.79171387e+02,
    3.78953857e+02, 1.79380341e+02, 3.65097656e+02, 1.79688248e+02,
    4.23330231e+02, 1.69038193e+02, 4.08057648e+02, 1.69635361e+02,
    3.93159241e+02, 1.69844040e+02, 3.78580505e+02, 1.70255676e+02,
    3.64389771e+02, 1.70785156e+02 ]
