%YAML:1.0
points: [ 7.34771240e+02, 4.51289429e+02, 7.25518188e+02, 4.36433594e+02,
    7.16185242e+02, 4.21906372e+02, 7.07464783e+02, 4.07707611e+02,
    6.98731750e+02, 3.93967346e+02, 7.46216797e+02, 4.32455841e+02,
    7.36667419e+02, 4.17526062e+02, 7.27116150e+02, 4.03281708e+02,
    7.18241028e+02, 3.89293640e+02, 7.09363831e+02, 3.75390717e+02,
    7.57980713e+02, 4.13202179e+02, 7.47854797e+02, 3.98459167e+02,
    7.38485291e+02, 3.84207703e+02, 7.29189270e+02, 3.70386017e+02,
    7.20003662e+02, 3.56686829e+02, 7.69809143e+02, 3.93640045e+02,
    7.59273560e+02, 3.79100830e+02, 7.49969055e+02, 3.64825073e+02,
    7.40307068e+02, 3.51079651e+02, 7.30837708e+02, 3.37507416e+02,
    7.81741577e+02, 3.73760773e+02, 7.71072083e+02, 3.59291199e+02,
    7.61388977e+02, 3.45283295e+02, 7.51611694e+02, 3.31459045e+02,
    7.41813171e+02, 3.18019684e+02, 7.94058350e+02, 3.53446777e+02,
    7.83106506e+02, 3.39158173e+02, 7.73083069e+02, 3.25246704e+02,
    7.63064758e+02, 3.11471344e+02, 7.52987244e+02, 2.98266785e+02,
    8.06566650e+02, 3.32715210e+02, 7.95338562e+02, 3.18531738e+02,
    7.84968140e+02, 3.04641937e+02, 7.74501038e+02, 2.91048187e+02,
    7.64183533e+02, 2.77927032e+02 ]
