%YAML:1.0
points: [ 7.31032471e+02, 4.40915741e+02, 7.21495911e+02, 4.26376007e+02,
    7.11940308e+02, 4.12104706e+02, 7.02954224e+02, 3.98472717e+02,
    6.93985840e+02, 3.84942017e+02, 7.43483826e+02, 4.21607300e+02,
    7.33612854e+02, 4.07032043e+02, 7.23784790e+02, 3.93234100e+02,
    7.14701294e+02, 3.79541962e+02, 7.05619019e+02, 3.66090454e+02,
    7.56188354e+02, 4.01881226e+02, 7.45758728e+02, 3.87600067e+02,
    7.36184509e+02, 3.73750916e+02, 7.26663513e+02, 3.60270905e+02,
    7.17224365e+02, 3.47039642e+02, 7.69067749e+02, 3.81912872e+02,
    7.58200195e+02, 3.67817474e+02, 7.48651855e+02, 3.53978027e+02,
    7.38664734e+02, 3.40752045e+02, 7.28956116e+02, 3.27523651e+02,
    7.81946411e+02, 3.61676941e+02, 7.70957825e+02, 3.47629486e+02,
    7.61024841e+02, 3.34056580e+02, 7.50908386e+02, 3.20755615e+02,
    7.40914490e+02, 3.07783203e+02, 7.95243530e+02, 3.40980652e+02,
    7.84056885e+02, 3.27104950e+02, 7.73699341e+02, 3.13692261e+02,
    7.63371582e+02, 3.00455200e+02, 7.53076965e+02, 2.87767395e+02,
    8.08651245e+02, 3.19969940e+02, 7.97127808e+02, 3.06178162e+02,
    7.86427063e+02, 2.92954956e+02, 7.75722778e+02, 2.79888977e+02,
    7.65132568e+02, 2.67215149e+02 ]
