%YAML:1.0
points: [ 1.12712537e+03, 6.41274231e+02, 1.08977905e+03, 6.49459045e+02,
    1.05331677e+03, 6.57817444e+02, 1.01768378e+03, 6.65357117e+02,
    9.82821533e+02, 6.73176392e+02, 1.11533252e+03, 6.15469971e+02,
    1.07730481e+03, 6.24264954e+02, 1.04016028e+03, 6.33203308e+02,
    1.00395758e+03, 6.41177490e+02, 9.68480713e+02, 6.49202942e+02,
    1.10314722e+03, 5.88423523e+02, 1.06426599e+03, 5.98215454e+02,
    1.02649280e+03, 6.06962280e+02, 9.89600342e+02, 6.15787598e+02,
    9.53567566e+02, 6.24469299e+02, 1.09024487e+03, 5.60273132e+02,
    1.05074097e+03, 5.71016113e+02, 1.01218726e+03, 5.79744080e+02,
    9.74600159e+02, 5.89249817e+02, 9.37844482e+02, 5.98566589e+02,
    1.07681030e+03, 5.30810547e+02, 1.03657214e+03, 5.42052979e+02,
    9.97281982e+02, 5.51577759e+02, 9.58950256e+02, 5.61507629e+02,
    9.21561157e+02, 5.71606750e+02, 1.06273901e+03, 4.99815887e+02,
    1.02172876e+03, 5.11681183e+02, 9.81646240e+02, 5.22200745e+02,
    9.42573914e+02, 5.32598877e+02, 9.04485657e+02, 5.43308350e+02,
    1.04791467e+03, 4.67225006e+02, 1.00605994e+03, 4.79859253e+02,
    9.65075562e+02, 4.91082703e+02, 9.25199280e+02, 5.02484467e+02,
    8.86544678e+02, 5.13934998e+02 ]
