%YAML:1.0
points: [ 3.51510895e+02, 2.12097687e+02, 3.40638214e+02, 2.07389236e+02,
    3.29941467e+02, 2.02916763e+02, 3.19518402e+02, 1.98330429e+02,
    3.09266327e+02, 1.93945038e+02, 3.54257141e+02, 2.05205276e+02,
    3.43057190e+02, 2.00504410e+02, 3.32052063e+02, 1.95990982e+02,
    3.21327759e+02, 1.91370056e+02, 3.10863495e+02, 1.86887619e+02,
    3.57155640e+02, 1.97927078e+02, 3.45577820e+02, 1.93320389e+02,
    3.34355804e+02, 1.88588364e+02, 3.23287109e+02, 1.84014877e+02,
    3.12507141e+02, 1.79503738e+02, 3.60234711e+02, 1.90323288e+02,
    3.48229492e+02, 1.85753052e+02, 3.36773926e+02, 1.80815582e+02,
    3.25356598e+02, 1.76251266e+02, 3.14236511e+02, 1.71714264e+02,
    3.63440918e+02, 1.82297089e+02, 3.51125732e+02, 1.77661514e+02,
    3.39283081e+02, 1.72735077e+02, 3.27564087e+02, 1.68054611e+02,
    3.16080658e+02, 1.63580948e+02, 3.66884430e+02, 1.73792938e+02,
    3.54180420e+02, 1.69098297e+02, 3.41908783e+02, 1.64197662e+02,
    3.29870941e+02, 1.59445496e+02, 3.17998871e+02, 1.54905075e+02,
    3.70476257e+02, 1.64765839e+02, 3.57425262e+02, 1.60094772e+02,
    3.44743713e+02, 1.55095505e+02, 3.32257172e+02, 1.50337738e+02,
    3.20021515e+02, 1.45856705e+02 ]
