%YAML:1.0
points: [ 1.88554642e+02, 1.68610947e+02, 1.85043915e+02, 1.63575668e+02,
    1.81500046e+02, 1.58536377e+02, 1.78221054e+02, 1.53791092e+02,
    1.74930389e+02, 1.49090439e+02, 1.92893707e+02, 1.61919678e+02,
    1.89360840e+02, 1.56880310e+02, 1.85727524e+02, 1.51934967e+02,
    1.82379074e+02, 1.47220047e+02, 1.79011902e+02, 1.42574738e+02,
    1.97495316e+02, 1.55009949e+02, 1.93685211e+02, 1.50010742e+02,
    1.90154678e+02, 1.45235748e+02, 1.86615936e+02, 1.40458710e+02,
    1.83169235e+02, 1.35853714e+02, 2.02067307e+02, 1.48040482e+02,
    1.98044083e+02, 1.43039169e+02, 1.94609665e+02, 1.38364761e+02,
    1.90891861e+02, 1.33615494e+02, 1.87376923e+02, 1.29044861e+02,
    2.06687454e+02, 1.41009201e+02, 2.02611481e+02, 1.36054581e+02,
    1.98962326e+02, 1.31383987e+02, 1.95305038e+02, 1.26760475e+02,
    1.91575729e+02, 1.22189049e+02, 2.11391647e+02, 1.33798477e+02,
    2.07184586e+02, 1.28884399e+02, 2.03460251e+02, 1.24193901e+02,
    1.99717194e+02, 1.19636162e+02, 1.95926239e+02, 1.15125595e+02,
    2.16150558e+02, 1.26433571e+02, 2.11853958e+02, 1.21577324e+02,
    2.07969147e+02, 1.16903748e+02, 2.04123077e+02, 1.12447792e+02,
    2.00216843e+02, 1.07925056e+02 ]
