%YAML:1.0
points: [ 3.20532562e+02, 2.29141861e+02, 3.09623352e+02, 2.24160706e+02,
    2.98992279e+02, 2.19356277e+02, 2.88692871e+02, 2.14577255e+02,
    2.78605713e+02, 2.10026917e+02, 3.24158600e+02, 2.18764130e+02,
    3.13029663e+02, 2.13838638e+02, 3.02182953e+02, 2.09146271e+02,
    2.91693878e+02, 2.04409134e+02, 2.81414368e+02, 1.99868225e+02,
    3.27903351e+02, 2.08072800e+02, 3.16480865e+02, 2.03283035e+02,
    3.05499084e+02, 1.98537354e+02, 2.94784821e+02, 1.93974854e+02,
    2.84322662e+02, 1.89486237e+02, 3.31744232e+02, 1.97040756e+02,
    3.20052429e+02, 1.92408035e+02, 3.08968384e+02, 1.87677719e+02,
    2.98022919e+02, 1.83191299e+02, 2.87326324e+02, 1.78767410e+02,
    3.35725769e+02, 1.85728699e+02, 3.23830963e+02, 1.81129547e+02,
    3.12474579e+02, 1.76528412e+02, 3.01305664e+02, 1.72065430e+02,
    2.90395752e+02, 1.67754013e+02, 3.39845154e+02, 1.74027008e+02,
    3.27726807e+02, 1.69533813e+02, 3.16084503e+02, 1.64985687e+02,
    3.04732269e+02, 1.60630341e+02, 2.93592438e+02, 1.56396286e+02,
    3.44108521e+02, 1.61928726e+02, 3.31728271e+02, 1.57525070e+02,
    3.19857269e+02, 1.53048737e+02, 3.08233826e+02, 1.48791565e+02,
    2.96860229e+02, 1.44687988e+02 ]
