%YAML:1.0
points: [ 1.16810669e+03, 6.10824402e+02, 1.13411792e+03, 6.26706726e+02,
    1.10129065e+03, 6.42365051e+02, 1.06962976e+03, 6.56941406e+02,
    1.03906665e+03, 6.71336548e+02, 1.14571631e+03, 5.87457825e+02,
    1.11140845e+03, 6.04190613e+02, 1.07854187e+03, 6.20693237e+02,
    1.04676343e+03, 6.35814514e+02, 1.01597449e+03, 6.50687683e+02,
    1.12251721e+03, 5.63171509e+02, 1.08802441e+03, 5.81187500e+02,
    1.05491187e+03, 5.97630188e+02, 1.02304132e+03, 6.13804016e+02,
    9.92219238e+02, 6.29457825e+02, 1.09838574e+03, 5.38090942e+02,
    1.06379504e+03, 5.57254761e+02, 1.03043970e+03, 5.73963745e+02,
    9.98408691e+02, 5.91051086e+02, 9.67384766e+02, 6.07538696e+02,
    1.07333240e+03, 5.12155457e+02, 1.03867871e+03, 5.32006653e+02,
    1.00511609e+03, 5.49747253e+02, 9.72830444e+02, 5.67415894e+02,
    9.41805115e+02, 5.84832153e+02, 1.04731604e+03, 4.85004211e+02,
    1.01243164e+03, 5.05691772e+02, 9.78764038e+02, 5.24616211e+02,
    9.46350830e+02, 5.43054504e+02, 9.15267029e+02, 5.61283386e+02,
    1.02016333e+03, 4.56730621e+02, 9.85143860e+02, 4.78458679e+02,
    9.51287170e+02, 4.98391907e+02, 9.18736328e+02, 5.18039246e+02,
    8.87639954e+02, 5.37155334e+02 ]
