%YAML:1.0
points: [ 7.00038269e+02, 4.07219666e+02, 6.99751221e+02, 3.85377594e+02,
    6.99216736e+02, 3.63759003e+02, 6.99149231e+02, 3.42343719e+02,
    6.98808594e+02, 3.21168671e+02, 7.14951660e+02, 3.99917542e+02,
    7.14565613e+02, 3.77718079e+02, 7.13886169e+02, 3.55875824e+02,
    7.13764099e+02, 3.34294525e+02, 7.13405151e+02, 3.12884552e+02,
    7.30393677e+02, 3.92435120e+02, 7.29565857e+02, 3.69853485e+02,
    7.29320618e+02, 3.47810211e+02, 7.28787476e+02, 3.26070648e+02,
    7.28323181e+02, 3.04363068e+02, 7.46145935e+02, 3.84608978e+02,
    7.44909058e+02, 3.61912140e+02, 7.44982910e+02, 3.39534241e+02,
    7.44261963e+02, 3.17379547e+02, 7.43572754e+02, 2.95415375e+02,
    7.62268555e+02, 3.76583344e+02, 7.61035400e+02, 3.53673096e+02,
    7.60789734e+02, 3.31033752e+02, 7.60118103e+02, 3.08567902e+02,
    7.59222961e+02, 2.86377319e+02, 7.78922180e+02, 3.68391632e+02,
    7.77576660e+02, 3.45311279e+02, 7.77043213e+02, 3.22295197e+02,
    7.76363586e+02, 2.99574829e+02, 7.75267273e+02, 2.77111816e+02,
    7.96013062e+02, 3.59980103e+02, 7.94552917e+02, 3.36523071e+02,
    7.93847778e+02, 3.13178772e+02, 7.92778931e+02, 2.90100037e+02,
    7.91535522e+02, 2.67477905e+02 ]
