%YAML:1.0
points: [ 1.77181763e+02, 1.56842041e+02, 1.77016907e+02, 1.49258743e+02,
    1.76732468e+02, 1.41640472e+02, 1.76585617e+02, 1.34203201e+02,
    1.76380310e+02, 1.26865074e+02, 1.82564301e+02, 1.54308380e+02,
    1.82348557e+02, 1.46592896e+02, 1.82005920e+02, 1.38941513e+02,
    1.81863907e+02, 1.31384476e+02, 1.81628845e+02, 1.23934387e+02,
    1.88100815e+02, 1.51729340e+02, 1.87752213e+02, 1.43853333e+02,
    1.87575623e+02, 1.36158005e+02, 1.87269989e+02, 1.28522049e+02,
    1.86975800e+02, 1.20903236e+02, 1.93804718e+02, 1.48989716e+02,
    1.93310196e+02, 1.40980011e+02, 1.93181915e+02, 1.33296387e+02,
    1.92819366e+02, 1.25499329e+02, 1.92508957e+02, 1.17777634e+02,
    1.99617737e+02, 1.46221329e+02, 1.99047073e+02, 1.38149536e+02,
    1.98866226e+02, 1.30297760e+02, 1.98552750e+02, 1.22448982e+02,
    1.98100174e+02, 1.14664001e+02, 2.05596603e+02, 1.43375534e+02,
    2.04993698e+02, 1.35199051e+02, 2.04724899e+02, 1.27211525e+02,
    2.04377396e+02, 1.19290283e+02, 2.03902344e+02, 1.11411621e+02,
    2.11703217e+02, 1.40458679e+02, 2.11050842e+02, 1.32145355e+02,
    2.10736908e+02, 1.24010162e+02, 2.10312500e+02, 1.15989685e+02,
    2.09735550e+02, 1.07945671e+02 ]
