%YAML:1.0
points: [ 1.53927078e+02, 1.83039398e+02, 1.51531738e+02, 1.73551239e+02,
    1.49045624e+02, 1.64202133e+02, 1.46762360e+02, 1.54918686e+02,
    1.44371521e+02, 1.45700363e+02, 1.61365585e+02, 1.79398605e+02,
    1.58903152e+02, 1.69886078e+02, 1.56331299e+02, 1.60393951e+02,
    1.53997910e+02, 1.51036179e+02, 1.51586456e+02, 1.41735214e+02,
    1.68988022e+02, 1.75759613e+02, 1.66345428e+02, 1.66125092e+02,
    1.63917206e+02, 1.56573242e+02, 1.61383759e+02, 1.47099213e+02,
    1.58900818e+02, 1.37621826e+02, 1.76758102e+02, 1.72008652e+02,
    1.73961823e+02, 1.62259277e+02, 1.71609772e+02, 1.52637131e+02,
    1.68977478e+02, 1.43015991e+02, 1.66408752e+02, 1.33472031e+02,
    1.84700928e+02, 1.68189697e+02, 1.81843155e+02, 1.58310074e+02,
    1.79385818e+02, 1.48553955e+02, 1.76741196e+02, 1.38878983e+02,
    1.74014145e+02, 1.29207779e+02, 1.92821609e+02, 1.64245316e+02,
    1.89913361e+02, 1.54251511e+02, 1.87321167e+02, 1.44386612e+02,
    1.84655563e+02, 1.34593872e+02, 1.81882828e+02, 1.24791031e+02,
    2.01204407e+02, 1.60174591e+02, 1.98194565e+02, 1.50115677e+02,
    1.95511780e+02, 1.40127258e+02, 1.92696289e+02, 1.30177841e+02,
    1.89803345e+02, 1.20272179e+02 ]
