%YAML:1.0
points: [ 6.25247620e+02, 4.82296143e+02, 6.18691162e+02, 4.55236511e+02,
    6.11891602e+02, 4.28328186e+02, 6.05591797e+02, 4.01704834e+02,
    5.99001831e+02, 3.75239868e+02, 6.46040405e+02, 4.71943420e+02,
    6.39284302e+02, 4.44520355e+02, 6.32214722e+02, 4.17429077e+02,
    6.25804626e+02, 3.90620789e+02, 6.19240356e+02, 3.63922668e+02,
    6.67443237e+02, 4.61438934e+02, 6.60113647e+02, 4.33704620e+02,
    6.53452576e+02, 4.06328888e+02, 6.46540649e+02, 3.79253448e+02,
    6.39722229e+02, 3.52264709e+02, 6.89197693e+02, 4.50591248e+02,
    6.81441040e+02, 4.22646545e+02, 6.74961975e+02, 3.94946381e+02,
    6.67813049e+02, 3.67545502e+02, 6.60691345e+02, 3.40248932e+02,
    7.11374084e+02, 4.39516724e+02, 7.03561035e+02, 4.11387146e+02,
    6.96761658e+02, 3.83347534e+02, 6.89487793e+02, 3.55581604e+02,
    6.82047546e+02, 3.28079895e+02, 7.34225830e+02, 4.28233459e+02,
    7.26198914e+02, 3.99720428e+02, 7.19006958e+02, 3.71498962e+02,
    7.11646484e+02, 3.43411865e+02, 7.03964600e+02, 3.15532440e+02,
    7.57547974e+02, 4.16656616e+02, 7.49343872e+02, 3.87828857e+02,
    7.41836731e+02, 3.59221619e+02, 7.34159302e+02, 3.30663544e+02,
    7.26191406e+02, 3.02619049e+02 ]
