%YAML:1.0
points: [ 2.96951782e+02, 2.24781631e+02, 2.87375549e+02, 2.19898636e+02,
    2.77983704e+02, 2.15156738e+02, 2.69042267e+02, 2.10525864e+02,
    2.60319824e+02, 2.06059128e+02, 2.99719574e+02, 2.14666412e+02,
    2.89931854e+02, 2.09881500e+02, 2.80417755e+02, 2.05263062e+02,
    2.71298950e+02, 2.00700287e+02, 2.62426727e+02, 1.96310303e+02,
    3.02596924e+02, 2.04280716e+02, 2.92527710e+02, 1.99600479e+02,
    2.82951172e+02, 1.95020142e+02, 2.73599609e+02, 1.90611099e+02,
    2.64564117e+02, 1.86322830e+02, 3.05544281e+02, 1.93580276e+02,
    2.95218414e+02, 1.89079117e+02, 2.85569977e+02, 1.84522614e+02,
    2.75982056e+02, 1.80223358e+02, 2.66743774e+02, 1.76029190e+02,
    3.08588287e+02, 1.82595337e+02, 2.98071411e+02, 1.78174942e+02,
    2.88190704e+02, 1.73735672e+02, 2.78483917e+02, 1.69524353e+02,
    2.68959106e+02, 1.65443802e+02, 3.11741821e+02, 1.71229904e+02,
    3.01018677e+02, 1.66892883e+02, 2.90874542e+02, 1.62646393e+02,
    2.80983215e+02, 1.58505630e+02, 2.71336823e+02, 1.54534637e+02,
    3.14997253e+02, 1.59506393e+02, 3.04051880e+02, 1.55294144e+02,
    2.93666565e+02, 1.51134552e+02, 2.83518372e+02, 1.47141281e+02,
    2.73654907e+02, 1.43312805e+02 ]
