%YAML:1.0
points: [ 1.16662622e+03, 5.37898010e+02, 1.12467505e+03, 5.51689026e+02,
    1.08348865e+03, 5.65439697e+02, 1.04296899e+03, 5.78598267e+02,
    1.00322211e+03, 5.91729614e+02, 1.15354395e+03, 5.00819275e+02,
    1.11102783e+03, 5.15194763e+02, 1.06924963e+03, 5.29614990e+02,
    1.02821948e+03, 5.43160950e+02, 9.87870605e+02, 5.56812012e+02,
    1.13999329e+03, 4.62401489e+02, 1.09692554e+03, 4.77640076e+02,
    1.05457007e+03, 4.92106232e+02, 1.01290320e+03, 5.06524323e+02,
    9.72021667e+02, 5.20764954e+02, 1.12614404e+03, 4.22535370e+02,
    1.08233203e+03, 4.38731689e+02, 1.03932764e+03, 4.53448486e+02,
    9.97109131e+02, 4.68576324e+02, 9.55602600e+02, 4.83485962e+02,
    1.11174487e+03, 3.81372162e+02, 1.06730725e+03, 3.98079987e+02,
    1.02361261e+03, 4.13698578e+02, 9.80794922e+02, 4.29342773e+02,
    9.38692139e+02, 4.44955383e+02, 1.09680957e+03, 3.38552002e+02,
    1.05171094e+03, 3.55924683e+02, 1.00732294e+03, 3.72393585e+02,
    9.63898376e+02, 3.88654419e+02, 9.21135193e+02, 4.04937866e+02,
    1.08131421e+03, 2.94001648e+02, 1.03546790e+03, 3.12224060e+02,
    9.90433960e+02, 3.29434174e+02, 9.46236572e+02, 3.46591248e+02,
    9.02883057e+02, 3.63669495e+02 ]
