%YAML:1.0
points: [ 6.27537964e+02, 3.11974030e+02, 6.27016235e+02, 2.83292023e+02,
    6.26350647e+02, 2.54852753e+02, 6.25938477e+02, 2.26618500e+02,
    6.25402222e+02, 1.98496933e+02, 6.51940796e+02, 3.05724426e+02,
    6.51307861e+02, 2.76627106e+02, 6.50359802e+02, 2.47901184e+02,
    6.49998413e+02, 2.19507294e+02, 6.49388245e+02, 1.91225113e+02,
    6.76902954e+02, 2.99382080e+02, 6.75775696e+02, 2.69954742e+02,
    6.75263733e+02, 2.40990463e+02, 6.74403748e+02, 2.12295776e+02,
    6.73727539e+02, 1.83619934e+02, 7.02256042e+02, 2.92873352e+02,
    7.00747742e+02, 2.63083008e+02, 7.00502869e+02, 2.33862335e+02,
    6.99512085e+02, 2.04833374e+02, 6.98517029e+02, 1.75781616e+02,
    7.28100708e+02, 2.86145660e+02, 7.26586853e+02, 2.56145233e+02,
    7.26032349e+02, 2.26663330e+02, 7.25062256e+02, 1.97189743e+02,
    7.23886780e+02, 1.67846390e+02, 7.54591187e+02, 2.79362671e+02,
    7.52991882e+02, 2.49072922e+02, 7.52150757e+02, 2.19154312e+02,
    7.51158569e+02, 1.89396225e+02, 7.49706482e+02, 1.59690796e+02,
    7.81739685e+02, 2.72350372e+02, 7.79944458e+02, 2.41701874e+02,
    7.78868164e+02, 2.11429871e+02, 7.77573303e+02, 1.81167648e+02,
    7.76027710e+02, 1.51274002e+02 ]
