%YAML:1.0
points: [ 1.55100861e+02, 1.23585625e+02, 1.54856293e+02, 1.13583878e+02,
    1.54564621e+02, 1.03570778e+02, 1.54383224e+02, 9.38278427e+01,
    1.54124573e+02, 8.40726318e+01, 1.63769531e+02, 1.21414581e+02,
    1.63508728e+02, 1.11281044e+02, 1.63059402e+02, 1.01225990e+02,
    1.62878693e+02, 9.12894669e+01, 1.62650650e+02, 8.14361572e+01,
    1.72670731e+02, 1.19182190e+02, 1.72195114e+02, 1.08948586e+02,
    1.71931824e+02, 9.88309860e+01, 1.71614304e+02, 8.87700653e+01,
    1.71260941e+02, 7.88181381e+01, 1.81713806e+02, 1.16917221e+02,
    1.81103287e+02, 1.06469025e+02, 1.80899628e+02, 9.63779144e+01,
    1.80496597e+02, 8.61823273e+01, 1.80090240e+02, 7.60709915e+01,
    1.90890930e+02, 1.14593056e+02, 1.90307861e+02, 1.04043640e+02,
    1.90006149e+02, 9.37993546e+01, 1.89593292e+02, 8.34860458e+01,
    1.89073624e+02, 7.32730103e+01, 2.00320984e+02, 1.12231476e+02,
    1.99688782e+02, 1.01553314e+02, 1.99303680e+02, 9.11291122e+01,
    1.98887756e+02, 8.07363434e+01, 1.98329895e+02, 7.04223175e+01,
    2.09942291e+02, 1.09760963e+02, 2.09239899e+02, 9.89795303e+01,
    2.08831635e+02, 8.84435654e+01, 2.08268646e+02, 7.79029541e+01,
    2.07685760e+02, 6.74299469e+01 ]
