%YAML:1.0
points: [ 1.11940552e+03, 6.28584167e+02, 1.08197083e+03, 6.31216370e+02,
    1.04500891e+03, 6.34140381e+02, 1.00864502e+03, 6.36447571e+02,
    9.72684570e+02, 6.39028076e+02, 1.11568713e+03, 6.02933899e+02,
    1.07749048e+03, 6.05856628e+02, 1.03960913e+03, 6.09160217e+02,
    1.00244629e+03, 6.11597961e+02, 9.65756104e+02, 6.14339966e+02,
    1.11201392e+03, 5.75942261e+02, 1.07274878e+03, 5.79605530e+02,
    1.03415051e+03, 5.82436951e+02, 9.96022888e+02, 5.85496216e+02,
    9.58484741e+02, 5.88610901e+02, 1.10809644e+03, 5.47690796e+02,
    1.06776587e+03, 5.52039429e+02, 1.02834290e+03, 5.54629333e+02,
    9.89276917e+02, 5.58138184e+02, 9.50819214e+02, 5.61588806e+02,
    1.10398291e+03, 5.18110962e+02, 1.06275122e+03, 5.22684875e+02,
    1.02219672e+03, 5.25724609e+02, 9.82235352e+02, 5.29399658e+02,
    9.42803528e+02, 5.33426392e+02, 1.09967664e+03, 4.86853241e+02,
    1.05745251e+03, 4.91682434e+02, 1.01580243e+03, 4.95415009e+02,
    9.74833435e+02, 4.99237976e+02, 9.34386841e+02, 5.03597015e+02,
    1.09511816e+03, 4.53830322e+02, 1.05175513e+03, 4.59190552e+02,
    1.00895673e+03, 4.63241669e+02, 9.66858154e+02, 4.67734009e+02,
    9.25539001e+02, 4.72560730e+02 ]
