%YAML:1.0
points: [ 2.92468353e+02, 1.96806488e+02, 2.84924011e+02, 1.90594040e+02,
    2.77368652e+02, 1.84538910e+02, 2.70189178e+02, 1.78533371e+02,
    2.63073608e+02, 1.72693375e+02, 2.93312134e+02, 1.90659302e+02,
    2.85503876e+02, 1.84338242e+02, 2.77775940e+02, 1.78255280e+02,
    2.70342102e+02, 1.72095322e+02, 2.63177948e+02, 1.66245697e+02,
    2.94210510e+02, 1.84072815e+02, 2.86043121e+02, 1.77789642e+02,
    2.78315094e+02, 1.71483719e+02, 2.70630707e+02, 1.65376877e+02,
    2.63224030e+02, 1.59431534e+02, 2.95110382e+02, 1.77204132e+02,
    2.86607788e+02, 1.70921768e+02, 2.78823547e+02, 1.64460861e+02,
    2.70910736e+02, 1.58286728e+02, 2.63255585e+02, 1.52269012e+02,
    2.96024109e+02, 1.70000977e+02, 2.87318756e+02, 1.63617920e+02,
    2.79251434e+02, 1.57086426e+02, 2.71235199e+02, 1.50874802e+02,
    2.63260559e+02, 1.44826004e+02, 2.97013031e+02, 1.62368576e+02,
    2.88077026e+02, 1.55932877e+02, 2.79686981e+02, 1.49363007e+02,
    2.71478699e+02, 1.43006195e+02, 2.63317596e+02, 1.36912582e+02,
    2.98049133e+02, 1.54309753e+02, 2.88807465e+02, 1.47805679e+02,
    2.80222015e+02, 1.41170944e+02, 2.71666016e+02, 1.34768738e+02,
    2.63208893e+02, 1.28720108e+02 ]
