%YAML:1.0
points: [ 3.32467682e+02, 2.03478851e+02, 3.22728790e+02, 1.97075150e+02,
    3.13097321e+02, 1.90917175e+02, 3.03707001e+02, 1.84691589e+02,
    2.94347382e+02, 1.78605423e+02, 3.36690521e+02, 1.96846146e+02,
    3.26679871e+02, 1.90443954e+02, 3.16705414e+02, 1.84136719e+02,
    3.07036011e+02, 1.77788925e+02, 2.97492096e+02, 1.71571289e+02,
    3.41205322e+02, 1.89900742e+02, 3.30810516e+02, 1.83483459e+02,
    3.20649750e+02, 1.76890686e+02, 3.10629730e+02, 1.70515305e+02,
    3.00768768e+02, 1.64175369e+02, 3.45945251e+02, 1.82604874e+02,
    3.35093567e+02, 1.76089828e+02, 3.24794556e+02, 1.69295685e+02,
    3.14412689e+02, 1.62806900e+02, 3.04238251e+02, 1.56359238e+02,
    3.50917114e+02, 1.74886337e+02, 3.39784576e+02, 1.68250458e+02,
    3.29101349e+02, 1.61322021e+02, 3.18426483e+02, 1.54668182e+02,
    3.07898651e+02, 1.48160248e+02, 3.56247955e+02, 1.66713898e+02,
    3.44749725e+02, 1.59938004e+02, 3.33661041e+02, 1.52953400e+02,
    3.22696075e+02, 1.46098633e+02, 3.11745331e+02, 1.39432785e+02,
    3.61883362e+02, 1.58050262e+02, 3.49951691e+02, 1.51093201e+02,
    3.38521698e+02, 1.43974945e+02, 3.27095703e+02, 1.37031601e+02,
    3.15797638e+02, 1.30346207e+02 ]
