%YAML:1.0
points: [ 6.63667542e+02, 3.16166290e+02, 6.59118530e+02, 2.81917236e+02,
    6.54434998e+02, 2.47780487e+02, 6.50086548e+02, 2.14082779e+02,
    6.45583313e+02, 1.80539612e+02, 6.97446655e+02, 3.08696381e+02,
    6.92781433e+02, 2.74320892e+02, 6.87855896e+02, 2.40023560e+02,
    6.83437378e+02, 2.06318787e+02, 6.78890198e+02, 1.72594086e+02,
    7.31614563e+02, 3.01262939e+02, 7.26550537e+02, 2.66494690e+02,
    7.21943665e+02, 2.32373871e+02, 7.17116699e+02, 1.98378586e+02,
    7.12344055e+02, 1.64525085e+02, 7.65984253e+02, 2.93685242e+02,
    7.60623779e+02, 2.58700043e+02, 7.56062866e+02, 2.24580826e+02,
    7.51008362e+02, 1.90358292e+02, 7.46017639e+02, 1.56201950e+02,
    8.00649353e+02, 2.85959930e+02, 7.95230347e+02, 2.50941879e+02,
    7.90418274e+02, 2.16597290e+02, 7.85308899e+02, 1.82155518e+02,
    7.80086121e+02, 1.47924149e+02, 8.35734375e+02, 2.78174042e+02,
    8.30172424e+02, 2.43080841e+02, 8.25047302e+02, 2.08440552e+02,
    8.19825989e+02, 1.73937393e+02, 8.14439514e+02, 1.39470825e+02,
    8.71247498e+02, 2.70171539e+02, 8.65401489e+02, 2.35006073e+02,
    8.60073547e+02, 2.00176010e+02, 8.54570984e+02, 1.65370087e+02,
    8.49094055e+02, 1.30732864e+02 ]
