%YAML:1.0
points: [ 1.26989795e+03, 6.47142761e+02, 1.23062976e+03, 6.52307983e+02,
    1.19173914e+03, 6.57805054e+02, 1.15259290e+03, 6.62688660e+02,
    1.11365698e+03, 6.67935730e+02, 1.27434363e+03, 6.21078796e+02,
    1.23433398e+03, 6.26433105e+02, 1.19414026e+03, 6.32167908e+02,
    1.15402869e+03, 6.37128601e+02, 1.11414636e+03, 6.42419434e+02,
    1.27929053e+03, 5.93453308e+02, 1.23820300e+03, 5.99485840e+02,
    1.19698218e+03, 6.04661743e+02, 1.15567651e+03, 6.10178711e+02,
    1.11468896e+03, 6.15716431e+02, 1.28457922e+03, 5.64484558e+02,
    1.24226038e+03, 5.71070374e+02, 1.19980908e+03, 5.75840515e+02,
    1.15744287e+03, 5.81640747e+02, 1.11522412e+03, 5.87466370e+02,
    1.29021875e+03, 5.33949097e+02, 1.24668970e+03, 5.40568298e+02,
    1.20287024e+03, 5.45709290e+02, 1.15939148e+03, 5.51520935e+02,
    1.11600842e+03, 5.57817200e+02, 1.29618921e+03, 5.01413177e+02,
    1.25135815e+03, 5.08271149e+02, 1.20626123e+03, 5.13916321e+02,
    1.16148145e+03, 5.19741272e+02, 1.11667163e+03, 5.26202087e+02,
    1.30256946e+03, 4.66882599e+02, 1.25634436e+03, 4.74093079e+02,
    1.20991162e+03, 4.79878143e+02, 1.16371948e+03, 4.86257233e+02,
    1.11768481e+03, 4.93119904e+02 ]
