%YAML:1.0
points: [ 1.70712402e+02, 1.25031471e+02, 1.69039581e+02, 1.13059944e+02,
    1.67345139e+02, 1.01147148e+02, 1.65741928e+02, 8.94659271e+01,
    1.64134079e+02, 7.77530289e+01, 1.82614883e+02, 1.22490479e+02,
    1.80826660e+02, 1.10449722e+02, 1.79046646e+02, 9.84860382e+01,
    1.77454102e+02, 8.66715240e+01, 1.75764511e+02, 7.49374847e+01,
    1.94619003e+02, 1.19860046e+02, 1.92737503e+02, 1.07701477e+02,
    1.90993011e+02, 9.57610092e+01, 1.89267578e+02, 8.38702240e+01,
    1.87549759e+02, 7.20693741e+01, 2.06695999e+02, 1.17186768e+02,
    2.04716431e+02, 1.04918793e+02, 2.02996033e+02, 9.30181732e+01,
    2.01193375e+02, 8.10297470e+01, 1.99407745e+02, 6.91759491e+01,
    2.18847870e+02, 1.14536484e+02, 2.16865097e+02, 1.02224777e+02,
    2.15063416e+02, 9.02295837e+01, 2.13228104e+02, 7.82096024e+01,
    2.11365158e+02, 6.62295151e+01, 2.31197968e+02, 1.11805565e+02,
    2.29173828e+02, 9.94669952e+01, 2.27283493e+02, 8.73544769e+01,
    2.25414688e+02, 7.53076782e+01, 2.23466766e+02, 6.32880859e+01,
    2.43662277e+02, 1.09025009e+02, 2.41590729e+02, 9.66130142e+01,
    2.39628937e+02, 8.44581604e+01, 2.37642792e+02, 7.22913437e+01,
    2.35650864e+02, 6.01765366e+01 ]
