%YAML:1.0
points: [ 3.15513824e+02, 2.01026703e+02, 3.06495422e+02, 1.94682022e+02,
    2.97570526e+02, 1.88521454e+02, 2.88883179e+02, 1.82306381e+02,
    2.80365295e+02, 1.76344879e+02, 3.18348083e+02, 1.94627777e+02,
    3.09039703e+02, 1.88204956e+02, 2.99829681e+02, 1.81947906e+02,
    2.90949890e+02, 1.75670990e+02, 2.82217346e+02, 1.69548660e+02,
    3.21403778e+02, 1.87815002e+02, 3.11709961e+02, 1.81418594e+02,
    3.02390808e+02, 1.74907761e+02, 2.93147461e+02, 1.68596558e+02,
    2.84148102e+02, 1.62409241e+02, 3.24589844e+02, 1.80669373e+02,
    3.14483032e+02, 1.74217072e+02, 3.05018982e+02, 1.67508728e+02,
    2.95498657e+02, 1.61135117e+02, 2.86184753e+02, 1.54831238e+02,
    3.27941254e+02, 1.73144150e+02, 3.17541748e+02, 1.66570282e+02,
    3.07753418e+02, 1.59803421e+02, 2.97966614e+02, 1.53253082e+02,
    2.88316467e+02, 1.46930923e+02, 3.31479706e+02, 1.65163223e+02,
    3.20799744e+02, 1.58464661e+02, 3.10572418e+02, 1.51603455e+02,
    3.00554932e+02, 1.44968445e+02, 2.90564758e+02, 1.38464371e+02,
    3.35266632e+02, 1.56701294e+02, 3.24219421e+02, 1.49904053e+02,
    3.13657623e+02, 1.42935074e+02, 3.03202850e+02, 1.36195389e+02,
    2.92886200e+02, 1.29714645e+02 ]
