%YAML:1.0
points: [ 1.67794785e+02, 1.86408539e+02, 1.63898712e+02, 1.75048279e+02,
    1.59952759e+02, 1.63823730e+02, 1.56104645e+02, 1.52706070e+02,
    1.52217331e+02, 1.41575989e+02, 1.78382797e+02, 1.81981689e+02,
    1.74415802e+02, 1.70661835e+02, 1.70372101e+02, 1.59367371e+02,
    1.66505356e+02, 1.48138916e+02, 1.62604355e+02, 1.36890762e+02,
    1.89106567e+02, 1.77600677e+02, 1.85006866e+02, 1.66146042e+02,
    1.81061707e+02, 1.54814484e+02, 1.77078217e+02, 1.43543961e+02,
    1.73080338e+02, 1.32245926e+02, 1.99948029e+02, 1.73099380e+02,
    1.95722458e+02, 1.61616379e+02, 1.91831207e+02, 1.50233734e+02,
    1.87750244e+02, 1.38830521e+02, 1.83697647e+02, 1.27512833e+02,
    2.10902222e+02, 1.68588028e+02, 2.06665009e+02, 1.56985748e+02,
    2.02661514e+02, 1.45571960e+02, 1.98577316e+02, 1.34085495e+02,
    1.94453278e+02, 1.22648506e+02, 2.21971588e+02, 1.63982071e+02,
    2.17714111e+02, 1.52328018e+02, 2.13617447e+02, 1.40789261e+02,
    2.09503494e+02, 1.29266647e+02, 2.05341110e+02, 1.17761696e+02,
    2.33245163e+02, 1.59295425e+02, 2.28909271e+02, 1.47579025e+02,
    2.24772415e+02, 1.35942886e+02, 2.20583145e+02, 1.24356163e+02,
    2.16324249e+02, 1.12736076e+02 ]
