%YAML:1.0
points: [ 1.27477979e+03, 5.13868713e+02, 1.23421094e+03, 5.12822083e+02,
    1.19370764e+03, 5.12109192e+02, 1.15299377e+03, 5.10826141e+02,
    1.11232642e+03, 5.09827515e+02, 1.28419580e+03, 4.79160828e+02,
    1.24291235e+03, 4.78122101e+02, 1.20132007e+03, 4.77360748e+02,
    1.15967065e+03, 4.75976929e+02, 1.11809033e+03, 4.74807556e+02,
    1.29427466e+03, 4.42674988e+02, 1.25197949e+03, 4.41960785e+02,
    1.20941296e+03, 4.40618317e+02, 1.16678040e+03, 4.39418457e+02,
    1.12413013e+03, 4.38279053e+02, 1.30490894e+03, 4.04610840e+02,
    1.26161829e+03, 4.04024841e+02, 1.21790137e+03, 4.02149963e+02,
    1.17427783e+03, 4.01007782e+02, 1.13053589e+03, 3.99876556e+02,
    1.31623193e+03, 3.64579773e+02, 1.27176123e+03, 3.63841949e+02,
    1.22690564e+03, 3.62141632e+02, 1.18212976e+03, 3.60754059e+02,
    1.13735193e+03, 3.59666290e+02, 1.32808142e+03, 3.22390839e+02,
    1.28250745e+03, 3.21517639e+02, 1.23653601e+03, 3.19891144e+02,
    1.19060022e+03, 3.18407104e+02, 1.14453955e+03, 3.17182526e+02,
    1.34071167e+03, 2.77804688e+02, 1.29394202e+03, 2.76893433e+02,
    1.24675415e+03, 2.75193268e+02, 1.19959436e+03, 2.73724731e+02,
    1.15234692e+03, 2.72563110e+02 ]
