%YAML:1.0
points: [ 6.56489563e+02, 4.91787872e+02, 6.45621948e+02, 4.59486206e+02,
    6.34491089e+02, 4.27323456e+02, 6.23830200e+02, 3.95303375e+02,
    6.12924255e+02, 3.63459045e+02, 6.86527771e+02, 4.79234528e+02,
    6.75422302e+02, 4.46649536e+02, 6.64157166e+02, 4.14404022e+02,
    6.53341858e+02, 3.82263489e+02, 6.42466370e+02, 3.50180878e+02,
    7.16990601e+02, 4.66510712e+02, 7.05479126e+02, 4.33781128e+02,
    6.94482178e+02, 4.01306274e+02, 6.83247253e+02, 3.69055634e+02,
    6.72099792e+02, 3.36783966e+02, 7.47711731e+02, 4.53622742e+02,
    7.35864990e+02, 4.20709564e+02, 7.24956970e+02, 3.88052032e+02,
    7.13536926e+02, 3.55562073e+02, 7.02155518e+02, 3.23121796e+02,
    7.78779907e+02, 4.40538513e+02, 7.66865356e+02, 4.07562561e+02,
    7.55649780e+02, 3.74660767e+02, 7.44224365e+02, 3.41931183e+02,
    7.32641541e+02, 3.09307831e+02, 8.10315369e+02, 4.27333160e+02,
    7.98288208e+02, 3.94169678e+02, 7.86836609e+02, 3.61103638e+02,
    7.75266113e+02, 3.28100037e+02, 7.63489868e+02, 2.95305511e+02,
    8.42283508e+02, 4.13918396e+02, 8.30120911e+02, 3.80549469e+02,
    8.18399719e+02, 3.47180695e+02, 8.06543579e+02, 3.13963013e+02,
    7.94643127e+02, 2.80977844e+02 ]
