%YAML:1.0
points: [ 3.17529602e+02, 1.64698196e+02, 3.08741760e+02, 1.58384659e+02,
    3.00081696e+02, 1.52304565e+02, 2.91794800e+02, 1.46268555e+02,
    2.83603973e+02, 1.40388580e+02, 3.21337769e+02, 1.55778702e+02,
    3.12264740e+02, 1.49431747e+02, 3.03410370e+02, 1.43346558e+02,
    2.94862335e+02, 1.37251724e+02, 2.86517395e+02, 1.31325424e+02,
    3.25355774e+02, 1.46391693e+02, 3.15933807e+02, 1.40111435e+02,
    3.06938629e+02, 1.33843979e+02, 2.98096405e+02, 1.27803940e+02,
    2.89519806e+02, 1.21859230e+02, 3.29552429e+02, 1.36570602e+02,
    3.19771820e+02, 1.30307022e+02, 3.10651855e+02, 1.23974655e+02,
    3.01520050e+02, 1.17880165e+02, 2.92633728e+02, 1.11913315e+02,
    3.33955475e+02, 1.26303734e+02, 3.23913666e+02, 1.19989021e+02,
    3.14431061e+02, 1.13638878e+02, 3.05050568e+02, 1.07517166e+02,
    2.95854004e+02, 1.01572701e+02, 3.38553680e+02, 1.15503418e+02,
    3.28222351e+02, 1.09128456e+02, 3.18381195e+02, 1.02799767e+02,
    3.08807190e+02, 9.66347504e+01, 2.99282471e+02, 9.06913452e+01,
    3.43427948e+02, 1.04123848e+02, 3.32722778e+02, 9.77766342e+01,
    3.22587006e+02, 9.13849411e+01, 3.12582001e+02, 8.52336960e+01,
    3.02790863e+02, 7.93078461e+01 ]
