%YAML:1.0
points: [ 1.53341064e+02, 1.75437576e+02, 1.51203354e+02, 1.65911392e+02,
    1.48937317e+02, 1.56318527e+02, 1.46878647e+02, 1.46952988e+02,
    1.44744247e+02, 1.37533035e+02, 1.61016113e+02, 1.72051147e+02,
    1.58807281e+02, 1.62344315e+02, 1.56477188e+02, 1.52729401e+02,
    1.54369736e+02, 1.43189606e+02, 1.52175125e+02, 1.33728500e+02,
    1.68905441e+02, 1.68472321e+02, 1.66525360e+02, 1.58705780e+02,
    1.64323547e+02, 1.49067795e+02, 1.62031021e+02, 1.39352692e+02,
    1.59772171e+02, 1.29817688e+02, 1.76931961e+02, 1.64912491e+02,
    1.74359558e+02, 1.54987366e+02, 1.72254852e+02, 1.45259186e+02,
    1.69887650e+02, 1.35459000e+02, 1.67562408e+02, 1.25799538e+02,
    1.85131012e+02, 1.61281906e+02, 1.82534485e+02, 1.51163956e+02,
    1.80284973e+02, 1.41327057e+02, 1.77870331e+02, 1.31474609e+02,
    1.75429840e+02, 1.21668854e+02, 1.93561783e+02, 1.57470306e+02,
    1.90857468e+02, 1.47309250e+02, 1.88496552e+02, 1.37313629e+02,
    1.86054886e+02, 1.27386032e+02, 1.83580719e+02, 1.17476746e+02,
    2.02167175e+02, 1.53587357e+02, 1.99426804e+02, 1.43357483e+02,
    1.96929108e+02, 1.33208313e+02, 1.94421646e+02, 1.23133858e+02,
    1.91775879e+02, 1.13096931e+02 ]
