%YAML:1.0
points: [ 1.28968921e+03, 3.89369263e+02, 1.24639307e+03, 3.85384338e+02,
    1.20321655e+03, 3.81658600e+02, 1.16005847e+03, 3.77570190e+02,
    1.11698828e+03, 3.73617493e+02, 1.29990466e+03, 3.46919067e+02,
    1.25583484e+03, 3.43025635e+02, 1.21184912e+03, 3.39207703e+02,
    1.16781116e+03, 3.35048065e+02, 1.12390308e+03, 3.31014740e+02,
    1.31064111e+03, 3.02795166e+02, 1.26582349e+03, 2.98946106e+02,
    1.22085657e+03, 2.94869934e+02, 1.17592883e+03, 2.90809296e+02,
    1.13115125e+03, 2.86719208e+02, 1.32187744e+03, 2.56891510e+02,
    1.27622949e+03, 2.53117477e+02, 1.23018945e+03, 2.48812897e+02,
    1.18446838e+03, 2.44690033e+02, 1.13876624e+03, 2.40531433e+02,
    1.33370569e+03, 2.09159027e+02, 1.28707727e+03, 2.05208374e+02,
    1.24008508e+03, 2.00873367e+02, 1.19339502e+03, 1.96690536e+02,
    1.14677991e+03, 1.92497086e+02, 1.34600671e+03, 1.59309738e+02,
    1.29842297e+03, 1.55201965e+02, 1.25050659e+03, 1.50871277e+02,
    1.20277783e+03, 1.46559128e+02, 1.15513965e+03, 1.42202484e+02,
    1.35880933e+03, 1.07324364e+02, 1.31028491e+03, 1.03066422e+02,
    1.26141699e+03, 9.86111984e+01, 1.21272900e+03, 9.41988831e+01,
    1.16404773e+03, 8.97869034e+01 ]
