%YAML:1.0
points: [ 6.23315857e+02, 4.60573395e+02, 6.17408630e+02, 4.33094513e+02,
    6.11266235e+02, 4.05816132e+02, 6.05623474e+02, 3.78764465e+02,
    5.99717346e+02, 3.51901184e+02, 6.44862244e+02, 4.50664093e+02,
    6.38758423e+02, 4.22852814e+02, 6.32349426e+02, 3.95346283e+02,
    6.26605774e+02, 3.68096405e+02, 6.20649475e+02, 3.41009796e+02,
    6.66962830e+02, 4.40575867e+02, 6.60329285e+02, 4.12444763e+02,
    6.54354675e+02, 3.84675720e+02, 6.48071594e+02, 3.57198914e+02,
    6.41918640e+02, 3.29782349e+02, 6.89442871e+02, 4.30208618e+02,
    6.82375977e+02, 4.01842194e+02, 6.76646484e+02, 3.73732666e+02,
    6.70079224e+02, 3.45932617e+02, 6.63569763e+02, 3.18198212e+02,
    7.12391724e+02, 4.19571289e+02, 7.05198303e+02, 3.91064758e+02,
    6.99121643e+02, 3.62612457e+02, 6.92574158e+02, 3.34422241e+02,
    6.85784790e+02, 3.06521362e+02, 7.35946838e+02, 4.08784241e+02,
    7.28693420e+02, 3.79922607e+02, 7.22113647e+02, 3.51168427e+02,
    7.15490845e+02, 3.22714600e+02, 7.08510132e+02, 2.94407745e+02,
    7.60086365e+02, 3.97645538e+02, 7.52523743e+02, 3.68486877e+02,
    7.45797546e+02, 3.39383453e+02, 7.38788513e+02, 3.10452881e+02,
    7.31527466e+02, 2.81997345e+02 ]
