%YAML:1.0
points: [ 6.36023315e+02, 5.22436401e+02, 6.27903320e+02, 4.97354004e+02,
    6.19459412e+02, 4.72695007e+02, 6.11673279e+02, 4.48254089e+02,
    6.03595154e+02, 4.24160126e+02, 6.53384216e+02, 5.09582703e+02,
    6.44811890e+02, 4.84267151e+02, 6.36164490e+02, 4.59455322e+02,
    6.28176697e+02, 4.34862122e+02, 6.20020813e+02, 4.10496185e+02,
    6.71040466e+02, 4.96487274e+02, 6.62011902e+02, 4.70944336e+02,
    6.53697937e+02, 4.45788208e+02, 6.45109436e+02, 4.21038116e+02,
    6.36730713e+02, 3.96399200e+02, 6.89187927e+02, 4.83036133e+02,
    6.79599121e+02, 4.57328827e+02, 6.71410339e+02, 4.31810120e+02,
    6.62598511e+02, 4.06758453e+02, 6.53827332e+02, 3.81906097e+02,
    7.07677185e+02, 4.69175354e+02, 6.97962708e+02, 4.43348480e+02,
    6.89411621e+02, 4.17610168e+02, 6.80423035e+02, 3.92202393e+02,
    6.71250793e+02, 3.67165741e+02, 7.26722595e+02, 4.55061859e+02,
    7.16856445e+02, 4.28926361e+02, 7.07805725e+02, 4.02905609e+02,
    6.98684753e+02, 3.77221954e+02, 6.89217773e+02, 3.51893921e+02,
    7.46352844e+02, 4.40516205e+02, 7.36118591e+02, 4.14067078e+02,
    7.26730957e+02, 3.87710052e+02, 7.17138062e+02, 3.61714478e+02,
    7.07453186e+02, 3.36297882e+02 ]
