%YAML:1.0
points: [ 1.57210617e+02, 1.96980484e+02, 1.54282471e+02, 1.88306091e+02,
    1.51194687e+02, 1.79671722e+02, 1.48331177e+02, 1.71212097e+02,
    1.45423035e+02, 1.62756424e+02, 1.63406281e+02, 1.92520828e+02,
    1.60348007e+02, 1.83760681e+02, 1.57215866e+02, 1.75106842e+02,
    1.54297699e+02, 1.66468948e+02, 1.51296509e+02, 1.58018448e+02,
    1.69848801e+02, 1.88010269e+02, 1.66521133e+02, 1.79125885e+02,
    1.63510712e+02, 1.70353012e+02, 1.60393188e+02, 1.61684875e+02,
    1.57297913e+02, 1.53109802e+02, 1.76307693e+02, 1.83299057e+02,
    1.72869278e+02, 1.74331711e+02, 1.69905777e+02, 1.65518250e+02,
    1.66674789e+02, 1.56738297e+02, 1.63481186e+02, 1.48095978e+02,
    1.83006790e+02, 1.78544052e+02, 1.79448425e+02, 1.69434799e+02,
    1.76328995e+02, 1.60505554e+02, 1.73105911e+02, 1.51706024e+02,
    1.69758102e+02, 1.42914551e+02, 1.89842621e+02, 1.73602783e+02,
    1.86219666e+02, 1.64402206e+02, 1.82953903e+02, 1.55372482e+02,
    1.79644867e+02, 1.46436493e+02, 1.76249496e+02, 1.37551590e+02,
    1.96870621e+02, 1.68530304e+02, 1.93117661e+02, 1.59278244e+02,
    1.89761215e+02, 1.50097992e+02, 1.86307678e+02, 1.41069244e+02,
    1.82781433e+02, 1.32081802e+02 ]
