%YAML:1.0
points: [ 1.15138660e+03, 3.84212250e+02, 1.10975037e+03, 3.79892853e+02,
    1.06860071e+03, 3.75779694e+02, 1.02811755e+03, 3.71478333e+02,
    9.87985046e+02, 3.67375549e+02, 1.15703772e+03, 3.43597809e+02,
    1.11466272e+03, 3.39509186e+02, 1.07271277e+03, 3.35639099e+02,
    1.03140308e+03, 3.31449585e+02, 9.90560913e+02, 3.27372589e+02,
    1.16304993e+03, 3.01362061e+02, 1.11972119e+03, 2.97651123e+02,
    1.07708704e+03, 2.93694641e+02, 1.03491736e+03, 2.89825531e+02,
    9.93222046e+02, 2.86002441e+02, 1.16929614e+03, 2.57478424e+02,
    1.12507117e+03, 2.54109268e+02, 1.08153870e+03, 2.50173141e+02,
    1.03849976e+03, 2.46576492e+02, 9.96014465e+02, 2.43003555e+02,
    1.17583228e+03, 2.11905838e+02, 1.13074121e+03, 2.08595276e+02,
    1.08620532e+03, 2.05007996e+02, 1.04234216e+03, 2.01598358e+02,
    9.98924866e+02, 1.98242355e+02, 1.18270386e+03, 1.64269791e+02,
    1.13663330e+03, 1.61187057e+02, 1.09113965e+03, 1.57928085e+02,
    1.04633740e+03, 1.54728241e+02, 1.00200342e+03, 1.51555161e+02,
    1.18994714e+03, 1.14546242e+02, 1.14281763e+03, 1.11749550e+02,
    1.09634314e+03, 1.08747932e+02, 1.05044824e+03, 1.05835243e+02,
    1.00517267e+03, 1.02970596e+02 ]
