%YAML:1.0
points: [ 3.82109711e+02, 1.68866943e+02, 3.71240021e+02, 1.62404831e+02,
    3.60480957e+02, 1.56096268e+02, 3.49748688e+02, 1.49663803e+02,
    3.39115082e+02, 1.43356216e+02, 3.89632385e+02, 1.59207870e+02,
    3.78501862e+02, 1.52649033e+02, 3.67509003e+02, 1.46213531e+02,
    3.56574219e+02, 1.39677444e+02, 3.45694794e+02, 1.33239136e+02,
    3.97450104e+02, 1.49112045e+02, 3.86131165e+02, 1.42532257e+02,
    3.74866821e+02, 1.35824295e+02, 3.63650635e+02, 1.29301590e+02,
    3.52516663e+02, 1.22726410e+02, 4.05601501e+02, 1.38626648e+02,
    3.94031067e+02, 1.31926468e+02, 3.82480408e+02, 1.25078171e+02,
    3.71086792e+02, 1.18404808e+02, 3.59637329e+02, 1.11741989e+02,
    4.14034943e+02, 1.27718582e+02, 4.02225220e+02, 1.20903107e+02,
    3.90449799e+02, 1.13941307e+02, 3.78735626e+02, 1.07125473e+02,
    3.67105652e+02, 1.00324707e+02, 4.22807861e+02, 1.16381729e+02,
    4.10728790e+02, 1.09379845e+02, 3.98718536e+02, 1.02306435e+02,
    3.86732971e+02, 9.52939377e+01, 3.74804138e+02, 8.84179153e+01,
    4.31791840e+02, 1.04604607e+02, 4.19538727e+02, 9.74315109e+01,
    4.07244232e+02, 9.02460632e+01, 3.94926697e+02, 8.31172867e+01,
    3.82744843e+02, 7.61340866e+01 ]
