%YAML:1.0
points: [ 4.16239166e+02, 1.70079178e+02, 4.05608490e+02, 1.63738358e+02,
    3.95033661e+02, 1.57459457e+02, 3.84255371e+02, 1.50952118e+02,
    3.73463470e+02, 1.44607132e+02, 4.24990692e+02, 1.60237625e+02,
    4.14251007e+02, 1.53741425e+02, 4.03450317e+02, 1.47307266e+02,
    3.92560364e+02, 1.40686798e+02, 3.81606262e+02, 1.34057892e+02,
    4.33972626e+02, 1.50008545e+02, 4.23157532e+02, 1.43456528e+02,
    4.12200439e+02, 1.36719208e+02, 4.01203674e+02, 1.29998108e+02,
    3.90072388e+02, 1.23278709e+02, 4.43186890e+02, 1.39546982e+02,
    4.32296478e+02, 1.32804764e+02, 4.21189636e+02, 1.25809166e+02,
    4.10026947e+02, 1.18971252e+02, 3.98751617e+02, 1.12080429e+02,
    4.52652771e+02, 1.28698029e+02, 4.41776276e+02, 1.21752296e+02,
    4.30431366e+02, 1.14630966e+02, 4.19123077e+02, 1.07506454e+02,
    4.07767090e+02, 1.00449867e+02, 4.62367065e+02, 1.17487305e+02,
    4.51317535e+02, 1.10369492e+02, 4.39977814e+02, 1.03072502e+02,
    4.28499023e+02, 9.57664413e+01, 4.16926697e+02, 8.85154114e+01,
    4.72017578e+02, 1.06089455e+02, 4.61078644e+02, 9.87269669e+01,
    4.49599548e+02, 9.12066803e+01, 4.38052155e+02, 8.36095581e+01,
    4.26486389e+02, 7.62809219e+01 ]
