%YAML:1.0
points: [ 1.08383069e+03, 4.43476318e+02, 1.04620349e+03, 4.34314789e+02,
    1.00879633e+03, 4.25434021e+02, 9.71990112e+02, 4.16302460e+02,
    9.35459229e+02, 4.07493683e+02, 1.09169873e+03, 4.09179932e+02,
    1.05313501e+03, 4.00018921e+02, 1.01486035e+03, 3.91226868e+02,
    9.77338867e+02, 3.82040131e+02, 9.39941833e+02, 3.73096741e+02,
    1.09993298e+03, 3.73271210e+02, 1.06033459e+03, 3.64398468e+02,
    1.02137787e+03, 3.55146179e+02, 9.82887024e+02, 3.46224731e+02,
    9.44626160e+02, 3.37335083e+02, 1.10859143e+03, 3.35817413e+02,
    1.06788440e+03, 3.27123413e+02, 1.02819128e+03, 3.17568298e+02,
    9.88636841e+02, 3.08694916e+02, 9.49473083e+02, 2.99852325e+02,
    1.11765051e+03, 2.96569550e+02, 1.07608545e+03, 2.87841919e+02,
    1.03522913e+03, 2.78426270e+02, 9.94695801e+02, 2.69415710e+02,
    9.54564636e+02, 2.60713745e+02, 1.12724048e+03, 2.55267120e+02,
    1.08458826e+03, 2.46554092e+02, 1.04261597e+03, 2.37292068e+02,
    1.00113300e+03, 2.28274002e+02, 9.59969116e+02, 2.19545776e+02,
    1.13735046e+03, 2.11861237e+02, 1.09352991e+03, 2.03159302e+02,
    1.05045288e+03, 1.93979065e+02, 1.00771381e+03, 1.85110458e+02,
    9.65449463e+02, 1.76468430e+02 ]
