%YAML:1.0
points: [ 1.71253983e+02, 1.52567490e+02, 1.65986938e+02, 1.45152481e+02,
    1.60767654e+02, 1.37837158e+02, 1.56020386e+02, 1.30951981e+02,
    1.51224930e+02, 1.24143066e+02, 1.81002792e+02, 1.44911728e+02,
    1.75631042e+02, 1.37523804e+02, 1.70303650e+02, 1.30333206e+02,
    1.65313934e+02, 1.23543556e+02, 1.60391068e+02, 1.16957909e+02,
    1.90759659e+02, 1.37227829e+02, 1.85103851e+02, 1.29911285e+02,
    1.79809875e+02, 1.23050819e+02, 1.74556595e+02, 1.16200073e+02,
    1.69551239e+02, 1.09655762e+02, 2.00509796e+02, 1.29521149e+02,
    1.94628662e+02, 1.22164024e+02, 1.89261398e+02, 1.15596283e+02,
    1.83844711e+02, 1.08899338e+02, 1.78618881e+02, 1.02387787e+02,
    2.10232544e+02, 1.21794037e+02, 2.04214951e+02, 1.14607475e+02,
    1.98662323e+02, 1.08079315e+02, 1.93178757e+02, 1.01521263e+02,
    1.87757721e+02, 9.50701904e+01, 2.19941269e+02, 1.14042892e+02,
    2.13786469e+02, 1.07003777e+02, 2.08009384e+02, 1.00461311e+02,
    2.02443771e+02, 9.41436615e+01, 1.96886017e+02, 8.77823257e+01,
    2.29661499e+02, 1.06296394e+02, 2.23349503e+02, 9.93282623e+01,
    2.17441177e+02, 9.29528198e+01, 2.11656494e+02, 8.65994568e+01,
    2.05955215e+02, 8.03020325e+01 ]
