%YAML:1.0
points: [ 6.65393494e+02, 3.94903107e+02, 6.51341919e+02, 3.73597565e+02,
    6.37557190e+02, 3.52774841e+02, 6.24515625e+02, 3.32911011e+02,
    6.11587524e+02, 3.13507263e+02, 6.93412048e+02, 3.72939606e+02,
    6.78869812e+02, 3.51737000e+02, 6.64565613e+02, 3.31518860e+02,
    6.51192749e+02, 3.12040588e+02, 6.37961731e+02, 2.92854156e+02,
    7.21554260e+02, 3.50847504e+02, 7.06230957e+02, 3.29948181e+02,
    6.91899597e+02, 3.10164062e+02, 6.77828857e+02, 2.91007233e+02,
    6.64219421e+02, 2.72094543e+02, 7.49478638e+02, 3.28796722e+02,
    7.33586792e+02, 3.08191132e+02, 7.19024048e+02, 2.88848419e+02,
    7.04481873e+02, 2.69842621e+02, 6.90281616e+02, 2.51274124e+02,
    7.77308350e+02, 3.06649872e+02, 7.61127441e+02, 2.86472290e+02,
    7.46040649e+02, 2.67436249e+02, 7.31110229e+02, 2.48684326e+02,
    7.16453979e+02, 2.30394745e+02, 8.05299072e+02, 2.84548950e+02,
    7.88710632e+02, 2.64694641e+02, 7.72998413e+02, 2.45941376e+02,
    7.57697449e+02, 2.27495132e+02, 7.42565613e+02, 2.09571716e+02,
    8.33209717e+02, 2.62403229e+02, 8.16206665e+02, 2.42815048e+02,
    7.99922119e+02, 2.24346024e+02, 7.84010254e+02, 2.06117310e+02,
    7.68560120e+02, 1.88335205e+02 ]
