%YAML:1.0
points: [ 6.56123108e+02, 2.53919098e+02, 6.52120178e+02, 2.27422592e+02,
    6.48006287e+02, 2.01254456e+02, 6.44268311e+02, 1.76025589e+02,
    6.40397827e+02, 1.51113281e+02, 6.85917664e+02, 2.41841904e+02,
    6.81499939e+02, 2.15084122e+02, 6.76900085e+02, 1.89094284e+02,
    6.72911316e+02, 1.63849380e+02, 6.68859375e+02, 1.38892746e+02,
    7.16166992e+02, 2.29518372e+02, 7.11095154e+02, 2.02573013e+02,
    7.06577087e+02, 1.76776779e+02, 7.01920898e+02, 1.51508987e+02,
    6.97432373e+02, 1.26509064e+02, 7.46587646e+02, 2.17031876e+02,
    7.40908020e+02, 1.89979843e+02, 7.36389709e+02, 1.64286362e+02,
    7.31310974e+02, 1.38826126e+02, 7.26313965e+02, 1.13761543e+02,
    7.77243713e+02, 2.04271347e+02, 7.71337402e+02, 1.77354767e+02,
    7.66268188e+02, 1.51600723e+02, 7.60888428e+02, 1.26086143e+02,
    7.55547302e+02, 1.00954994e+02, 8.08390198e+02, 1.91491379e+02,
    8.02136841e+02, 1.64533722e+02, 7.96514221e+02, 1.38645920e+02,
    7.90911011e+02, 1.13065720e+02, 7.85057251e+02, 8.79906540e+01,
    8.39891663e+02, 1.78409210e+02, 8.33276001e+02, 1.51394440e+02,
    8.27137634e+02, 1.25432953e+02, 8.20923462e+02, 9.97055130e+01,
    8.14843750e+02, 7.44832306e+01 ]
