%YAML:1.0
points: [ 1.09600513e+03, 3.68491974e+02, 1.05873096e+03, 3.56607697e+02,
    1.02175305e+03, 3.45037201e+02, 9.85398315e+02, 3.33265167e+02,
    9.49242615e+02, 3.21784851e+02, 1.10733313e+03, 3.31762482e+02,
    1.06919385e+03, 3.19924316e+02, 1.03147229e+03, 3.08356689e+02,
    9.94322327e+02, 2.96504547e+02, 9.57469849e+02, 2.84893188e+02,
    1.11922815e+03, 2.93497284e+02, 1.08012878e+03, 2.81731995e+02,
    1.04167761e+03, 2.69788422e+02, 1.00368762e+03, 2.58133453e+02,
    9.65967896e+02, 2.46567963e+02, 1.13156799e+03, 2.53520035e+02,
    1.09154895e+03, 2.41943924e+02, 1.05234180e+03, 2.29771317e+02,
    1.01340393e+03, 2.18111816e+02, 9.74758972e+02, 2.06473389e+02,
    1.14455322e+03, 2.11860062e+02, 1.10364343e+03, 2.00173355e+02,
    1.06340344e+03, 1.88069778e+02, 1.02356982e+03, 1.76325912e+02,
    9.83983093e+02, 1.64716736e+02, 1.15818396e+03, 1.68219315e+02,
    1.11629736e+03, 1.56422333e+02, 1.07502173e+03, 1.44464279e+02,
    1.03421362e+03, 1.32610748e+02, 9.93688782e+02, 1.20974739e+02,
    1.17247253e+03, 1.22511864e+02, 1.12948950e+03, 1.10698715e+02,
    1.08714844e+03, 9.86744461e+01, 1.04524512e+03, 8.69058456e+01,
    1.00374078e+03, 7.52614517e+01 ]
