%YAML:1.0
points: [ 1.66827438e+02, 1.03298538e+02, 1.65197220e+02, 9.40789795e+01,
    1.63523209e+02, 8.49631271e+01, 1.62158920e+02, 7.62375870e+01,
    1.60666351e+02, 6.76301727e+01, 1.77295517e+02, 9.90956879e+01,
    1.75516785e+02, 8.98228607e+01, 1.73771667e+02, 8.06258850e+01,
    1.72218353e+02, 7.19619675e+01, 1.70580719e+02, 6.33654251e+01,
    1.87918304e+02, 9.47799911e+01, 1.85943420e+02, 8.53523636e+01,
    1.84183472e+02, 7.64250031e+01, 1.82385895e+02, 6.75721893e+01,
    1.80629318e+02, 5.89718323e+01, 1.98619568e+02, 9.04140091e+01,
    1.96461456e+02, 8.08796234e+01, 1.94684967e+02, 7.21155853e+01,
    1.92733429e+02, 6.31621780e+01, 1.90850235e+02, 5.45103569e+01,
    2.09478531e+02, 8.59590530e+01, 2.07156616e+02, 7.64112015e+01,
    2.05207932e+02, 6.75884781e+01, 2.03172318e+02, 5.87950516e+01,
    2.01102783e+02, 5.00383644e+01, 2.20452271e+02, 8.14709167e+01,
    2.17983902e+02, 7.19557953e+01, 2.15832535e+02, 6.29833412e+01,
    2.13719559e+02, 5.42683792e+01, 2.11549454e+02, 4.54753418e+01,
    2.31541580e+02, 7.68995056e+01, 2.28979996e+02, 6.72854919e+01,
    2.26660538e+02, 5.83938980e+01, 2.24374039e+02, 4.95416336e+01,
    2.22020538e+02, 4.07715034e+01 ]
