%YAML:1.0
points: [ 4.40739899e+02, 1.70234970e+02, 4.27662170e+02, 1.67525940e+02,
    4.14706207e+02, 1.64889832e+02, 4.01726868e+02, 1.62224884e+02,
    3.88879181e+02, 1.59651123e+02, 4.45612518e+02, 1.58623611e+02,
    4.32384674e+02, 1.55843597e+02, 4.19229431e+02, 1.53280914e+02,
    4.06055542e+02, 1.50574310e+02, 3.92952911e+02, 1.47898026e+02,
    4.50621185e+02, 1.46565536e+02, 4.37254608e+02, 1.43845032e+02,
    4.23835114e+02, 1.41106415e+02, 4.10432617e+02, 1.38494461e+02,
    3.97144135e+02, 1.35836853e+02, 4.55784973e+02, 1.34056183e+02,
    4.42256012e+02, 1.31440994e+02, 4.28582306e+02, 1.28562286e+02,
    4.15007416e+02, 1.25921097e+02, 4.01434570e+02, 1.23320786e+02,
    4.61059357e+02, 1.21243668e+02, 4.47365570e+02, 1.18509003e+02,
    4.33460541e+02, 1.15666153e+02, 4.19683350e+02, 1.12982819e+02,
    4.05904816e+02, 1.10340279e+02, 4.66410492e+02, 1.08037537e+02,
    4.52497742e+02, 1.05238647e+02, 4.38487671e+02, 1.02328011e+02,
    4.24551117e+02, 9.95038528e+01, 4.10544312e+02, 9.69613953e+01,
    4.71639099e+02, 9.42840271e+01, 4.57822601e+02, 9.14808884e+01,
    4.43566193e+02, 8.85600281e+01, 4.29374054e+02, 8.56891556e+01,
    4.15270508e+02, 8.30449142e+01 ]
