%YAML:1.0
points: [ 2.08068222e+02, 1.00761559e+02, 2.03054474e+02, 8.93023453e+01,
    1.98122971e+02, 7.79589920e+01, 1.93265289e+02, 6.71781921e+01,
    1.88564011e+02, 5.64192429e+01, 2.21372940e+02, 9.57441711e+01,
    2.16246964e+02, 8.43848724e+01, 2.11175461e+02, 7.31596069e+01,
    2.06304459e+02, 6.24196625e+01, 2.01460587e+02, 5.17714691e+01,
    2.34646774e+02, 9.07813950e+01, 2.29333862e+02, 7.93799210e+01,
    2.24278732e+02, 6.83915787e+01, 2.19261353e+02, 5.76664200e+01,
    2.14304886e+02, 4.70421295e+01, 2.47902527e+02, 8.57753296e+01,
    2.42393158e+02, 7.44049301e+01, 2.37245346e+02, 6.36624222e+01,
    2.32120438e+02, 5.29311981e+01, 2.27065125e+02, 4.23944778e+01,
    2.61026062e+02, 8.07829971e+01, 2.55429962e+02, 6.94961777e+01,
    2.50141953e+02, 5.88185501e+01, 2.44885895e+02, 4.82169952e+01,
    2.39731613e+02, 3.77520065e+01, 2.74039581e+02, 7.58235397e+01,
    2.68397034e+02, 6.46723251e+01, 2.63001038e+02, 5.39596024e+01,
    2.57547028e+02, 4.35170250e+01, 2.52282822e+02, 3.31702652e+01,
    2.87009979e+02, 7.08653488e+01, 2.81304138e+02, 5.97814789e+01,
    2.75670258e+02, 4.92482948e+01, 2.70163849e+02, 3.87804489e+01,
    2.64842316e+02, 2.84186478e+01 ]
