%YAML:1.0
points: [ 7.63083313e+02, 2.46775681e+02, 7.49403625e+02, 2.14038300e+02,
    7.35860657e+02, 1.81622330e+02, 7.22755920e+02, 1.50351028e+02,
    7.09796265e+02, 1.19335022e+02, 8.01572205e+02, 2.32544647e+02,
    7.87550598e+02, 1.99844254e+02, 7.73599792e+02, 1.67808853e+02,
    7.60275757e+02, 1.36816299e+02, 7.47018250e+02, 1.06043076e+02,
    8.39909180e+02, 2.18304565e+02, 8.25361755e+02, 1.85621964e+02,
    8.11352722e+02, 1.54230652e+02, 7.97584045e+02, 1.23309326e+02,
    7.84010742e+02, 9.26349792e+01, 8.77862610e+02, 2.04051712e+02,
    8.63007141e+02, 1.71539032e+02, 8.48704407e+02, 1.40541458e+02,
    8.34587158e+02, 1.09692604e+02, 8.20570984e+02, 7.92507782e+01,
    9.15476929e+02, 1.89860733e+02, 9.00491028e+02, 1.57636871e+02,
    8.85809082e+02, 1.26879921e+02, 8.71298950e+02, 9.62217331e+01,
    8.57141235e+02, 6.58456268e+01, 9.53036926e+02, 1.75788330e+02,
    9.37773743e+02, 1.43828598e+02, 9.22695740e+02, 1.13079170e+02,
    9.07924316e+02, 8.26142883e+01, 8.93345886e+02, 5.25969772e+01,
    9.90364868e+02, 1.61693405e+02, 9.74805725e+02, 1.29870071e+02,
    9.59305725e+02, 9.92857666e+01, 9.44121277e+02, 6.89282074e+01,
    9.29494934e+02, 3.89142685e+01 ]
