%YAML:1.0
points: [ 1.09255396e+03, 6.88031067e+02, 1.05634729e+03, 6.88051025e+02,
    1.02054987e+03, 6.88354797e+02, 9.85296875e+02, 6.88085388e+02,
    9.50387451e+02, 6.88200012e+02, 1.08992249e+03, 6.67360962e+02,
    1.05284570e+03, 6.67575623e+02, 1.01598584e+03, 6.68187805e+02,
    9.80001526e+02, 6.67984619e+02, 9.44417969e+02, 6.68079102e+02,
    1.08739453e+03, 6.45559875e+02, 1.04920886e+03, 6.46443359e+02,
    1.01165765e+03, 6.46423706e+02, 9.74645142e+02, 6.46764099e+02,
    9.38102478e+02, 6.47131714e+02, 1.08464917e+03, 6.22622986e+02,
    1.04539648e+03, 6.24175781e+02, 1.00697424e+03, 6.23691589e+02,
    9.68859070e+02, 6.24390564e+02, 9.31319275e+02, 6.25077026e+02,
    1.08177222e+03, 5.98614990e+02, 1.04152283e+03, 6.00173523e+02,
    1.00198334e+03, 6.00131836e+02, 9.62829468e+02, 6.00758606e+02,
    9.24384949e+02, 6.01891296e+02, 1.07875269e+03, 5.73053650e+02,
    1.03741382e+03, 5.74768066e+02, 9.96685608e+02, 5.75254761e+02,
    9.56619934e+02, 5.75977478e+02, 9.16868347e+02, 5.77414185e+02,
    1.07557947e+03, 5.45921509e+02, 1.03304419e+03, 5.48074280e+02,
    9.91030029e+02, 5.48783875e+02, 9.49647217e+02, 5.50075073e+02,
    9.09102051e+02, 5.51871033e+02 ]
