%YAML:1.0
points: [ 3.32545013e+02, 1.81799011e+02, 3.21459076e+02, 1.79628006e+02,
    3.10810303e+02, 1.77605545e+02, 3.00784729e+02, 1.75611862e+02,
    2.91121765e+02, 1.73760178e+02, 3.31981049e+02, 1.69711746e+02,
    3.20665283e+02, 1.67779404e+02, 3.09871063e+02, 1.66072037e+02,
    2.99727295e+02, 1.64281616e+02, 2.89948212e+02, 1.62568253e+02,
    3.31355499e+02, 1.57135773e+02, 3.19803680e+02, 1.55603729e+02,
    3.08985901e+02, 1.53975052e+02, 2.98620850e+02, 1.52521194e+02,
    2.88732147e+02, 1.51091110e+02, 3.30725220e+02, 1.44152847e+02,
    3.18906738e+02, 1.42973801e+02, 3.08082092e+02, 1.41573364e+02,
    2.97505432e+02, 1.40377441e+02, 2.87431793e+02, 1.39204910e+02,
    3.30035614e+02, 1.30777084e+02, 3.18088745e+02, 1.29867538e+02,
    3.07046417e+02, 1.28765289e+02, 2.96327087e+02, 1.27808472e+02,
    2.86064453e+02, 1.26902031e+02, 3.29401123e+02, 1.16870087e+02,
    3.17212311e+02, 1.16237457e+02, 3.05944031e+02, 1.15489716e+02,
    2.95146545e+02, 1.14832916e+02, 2.84705841e+02, 1.14213356e+02,
    3.28666565e+02, 1.02426643e+02, 3.16284973e+02, 1.02156563e+02,
    3.04828064e+02, 1.01747528e+02, 2.93773743e+02, 1.01409714e+02,
    2.83166687e+02, 1.01133553e+02 ]
