%YAML:1.0
points: [ 4.65022491e+02, 1.88261871e+02, 4.50221100e+02, 1.86767227e+02,
    4.35592255e+02, 1.85422653e+02, 4.20834045e+02, 1.83870071e+02,
    4.06270142e+02, 1.82635162e+02, 4.68812714e+02, 1.75520798e+02,
    4.53823853e+02, 1.74100632e+02, 4.38864685e+02, 1.72795456e+02,
    4.23844086e+02, 1.71433060e+02, 4.09057739e+02, 1.69962952e+02,
    4.72708038e+02, 1.62287369e+02, 4.57563049e+02, 1.60991318e+02,
    4.42268951e+02, 1.59577621e+02, 4.27022766e+02, 1.58304031e+02,
    4.11940735e+02, 1.57070450e+02, 4.76659729e+02, 1.48598373e+02,
    4.61302734e+02, 1.47369812e+02, 4.45835785e+02, 1.45930450e+02,
    4.30354797e+02, 1.44754822e+02, 4.14918823e+02, 1.43521729e+02,
    4.80610626e+02, 1.34496399e+02, 4.65165497e+02, 1.33255524e+02,
    4.49402283e+02, 1.31892349e+02, 4.33719086e+02, 1.30608002e+02,
    4.18092163e+02, 1.29590408e+02, 4.84581543e+02, 1.19913345e+02,
    4.69037506e+02, 1.18610588e+02, 4.53148010e+02, 1.17293076e+02,
    4.37135468e+02, 1.16113800e+02, 4.21322876e+02, 1.15118912e+02,
    4.88580078e+02, 1.04875542e+02, 4.72918152e+02, 1.03529999e+02,
    4.56857117e+02, 1.02174248e+02, 4.40670044e+02, 1.00942543e+02,
    4.24594299e+02, 1.00058273e+02 ]
