%YAML:1.0
points: [ 2.76683319e+02, 1.35032578e+02, 2.69048431e+02, 1.20705406e+02,
    2.47524048e+02, 1.12977974e+02, 2.39823669e+02, 9.85954666e+01,
    2.32298080e+02, 8.42005539e+01, 2.90686951e+02, 1.28460419e+02,
    2.83130188e+02, 1.14097969e+02, 2.61693207e+02, 1.06374771e+02,
    2.54134155e+02, 9.22064590e+01, 2.46690460e+02, 7.79314575e+01,
    3.04484833e+02, 1.21821243e+02, 2.96977051e+02, 1.07521942e+02,
    2.75673523e+02, 1.00072533e+02, 2.68206573e+02, 8.58605042e+01,
    2.60763763e+02, 7.17331314e+01, 3.17964142e+02, 1.15340012e+02,
    2.96977051e+02, 1.07521942e+02, 2.89605927e+02, 9.37434540e+01,
    2.82040039e+02, 7.96380920e+01, 2.74714691e+02, 6.56617584e+01,
    3.17964142e+02, 1.15340012e+02, 3.10713959e+02, 1.01168976e+02,
    3.03124237e+02, 8.74139938e+01, 2.95808319e+02, 7.34578552e+01,
    2.88540039e+02, 5.96104584e+01, 3.31470795e+02, 1.08869530e+02,
    3.24073151e+02, 9.48287201e+01, 3.16680725e+02, 8.11481934e+01,
    3.09279541e+02, 6.73496399e+01, 3.01944183e+02, 5.36610298e+01,
    3.44701813e+02, 1.02560318e+02, 3.37494202e+02, 8.86259766e+01,
    3.29913788e+02, 7.50136337e+01, 3.22666504e+02, 6.14035378e+01,
    3.15454102e+02, 4.77342148e+01 ]
