%YAML:1.0
points: [ 9.10675964e+02, 3.64326141e+02, 8.89137878e+02, 3.23105804e+02,
    8.67606873e+02, 2.81801758e+02, 8.46104126e+02, 2.40916397e+02,
    8.24675842e+02, 1.99892593e+02, 9.51779663e+02, 3.45098358e+02,
    9.30271545e+02, 3.04029114e+02, 9.08948181e+02, 2.63292755e+02,
    8.87566956e+02, 2.22761124e+02, 8.66289124e+02, 1.81956055e+02,
    9.92245300e+02, 3.26039459e+02, 9.70973206e+02, 2.85279785e+02,
    9.49600220e+02, 2.44965714e+02, 9.28456055e+02, 2.04708755e+02,
    9.07284241e+02, 1.64247025e+02, 1.03217004e+03, 3.07269714e+02,
    1.01117792e+03, 2.66828674e+02, 9.89683594e+02, 2.26892288e+02,
    9.68679810e+02, 1.86854568e+02, 9.47648743e+02, 1.46716156e+02,
    1.07148840e+03, 2.88749695e+02, 1.05069910e+03, 2.48660172e+02,
    1.02929541e+03, 2.09002640e+02, 1.00823218e+03, 1.69252747e+02,
    9.87437805e+02, 1.29308075e+02, 1.11030457e+03, 2.70495941e+02,
    1.08965039e+03, 2.30760117e+02, 1.06845996e+03, 1.91411835e+02,
    1.04748547e+03, 1.51785965e+02, 1.02691162e+03, 1.12298599e+02,
    1.14870105e+03, 2.52476791e+02, 1.12830469e+03, 2.13022369e+02,
    1.10702783e+03, 1.73786163e+02, 1.08614636e+03, 1.34418991e+02,
    1.06570654e+03, 9.49619141e+01 ]
