%YAML:1.0
points: [ 1.20411902e+03, 5.30810303e+02, 1.16194836e+03, 5.46718872e+02,
    1.12073572e+03, 5.62635864e+02, 1.08031824e+03, 5.77773682e+02,
    1.04077612e+03, 5.92856689e+02, 1.18881042e+03, 4.93773254e+02,
    1.14614185e+03, 5.10456818e+02, 1.10441614e+03, 5.27050049e+02,
    1.06354712e+03, 5.42709839e+02, 1.02352722e+03, 5.58331299e+02,
    1.17304663e+03, 4.55449677e+02, 1.12982739e+03, 4.73150848e+02,
    1.08755212e+03, 4.89888885e+02, 1.04621948e+03, 5.06492889e+02,
    1.00573041e+03, 5.22790771e+02, 1.15675818e+03, 4.15890778e+02,
    1.11297351e+03, 4.34554108e+02, 1.07018408e+03, 4.51682526e+02,
    1.02833887e+03, 4.69040161e+02, 9.87253601e+02, 4.86105164e+02,
    1.13996985e+03, 3.74998383e+02, 1.09568298e+03, 3.94281891e+02,
    1.05227332e+03, 4.12377686e+02, 1.00983350e+03, 4.30361328e+02,
    9.68307068e+02, 4.48203125e+02, 1.12259387e+03, 3.32518524e+02,
    1.07766272e+03, 3.52589722e+02, 1.03364282e+03, 3.71659241e+02,
    9.90719299e+02, 3.90388031e+02, 9.48640930e+02, 4.08948273e+02,
    1.10456592e+03, 2.88360046e+02, 1.05900256e+03, 3.09360657e+02,
    1.01437775e+03, 3.29305634e+02, 9.70839600e+02, 3.49077087e+02,
    9.28248901e+02, 3.68504608e+02 ]
