%YAML:1.0
points: [ 4.11512360e+02, 1.86836182e+02, 3.96577148e+02, 1.84898483e+02,
    3.82203247e+02, 1.83228973e+02, 3.68202271e+02, 1.81447739e+02,
    3.54613922e+02, 1.79726410e+02, 4.13548920e+02, 1.74075638e+02,
    3.98381317e+02, 1.72380676e+02, 3.83646637e+02, 1.70786865e+02,
    3.69401306e+02, 1.69118622e+02, 3.55582886e+02, 1.67625320e+02,
    4.15639435e+02, 1.60821945e+02, 4.00149841e+02, 1.59336990e+02,
    3.85241852e+02, 1.57833282e+02, 3.70661316e+02, 1.56440155e+02,
    3.56517761e+02, 1.54980896e+02, 4.17839355e+02, 1.47055267e+02,
    4.02029602e+02, 1.45856476e+02, 3.86836212e+02, 1.44340775e+02,
    3.72059418e+02, 1.43170486e+02, 3.57563629e+02, 1.41938065e+02,
    4.20112823e+02, 1.32734573e+02, 4.04034851e+02, 1.31644699e+02,
    3.88585358e+02, 1.30415421e+02, 3.73406738e+02, 1.29341171e+02,
    3.58668182e+02, 1.28416245e+02, 4.22355560e+02, 1.17876877e+02,
    4.06070374e+02, 1.16969398e+02, 3.90226166e+02, 1.16047478e+02,
    3.74793884e+02, 1.15182762e+02, 3.59832031e+02, 1.14311371e+02,
    4.24780579e+02, 1.02547386e+02, 4.08138031e+02, 1.01741356e+02,
    3.91986786e+02, 1.00914055e+02, 3.76271606e+02, 1.00379219e+02,
    3.60926422e+02, 9.98340607e+01 ]
