%YAML:1.0
points: [ 7.84934998e+02, 4.88132843e+02, 7.52561829e+02, 4.75210846e+02,
    7.20458557e+02, 4.62460846e+02, 6.89174011e+02, 4.49957947e+02,
    6.58119507e+02, 4.37624054e+02, 7.98546753e+02, 4.53203705e+02,
    7.65971558e+02, 4.40520111e+02, 7.33835693e+02, 4.28089233e+02,
    7.02408691e+02, 4.15885773e+02, 6.71276550e+02, 4.03644531e+02,
    8.12247742e+02, 4.18181610e+02, 7.79362671e+02, 4.05689575e+02,
    7.47337463e+02, 3.93566833e+02, 7.15754700e+02, 3.81584503e+02,
    6.84417053e+02, 3.69665619e+02, 8.25867737e+02, 3.83112915e+02,
    7.92863647e+02, 3.70882080e+02, 7.60779846e+02, 3.59009613e+02,
    7.28946411e+02, 3.47233185e+02, 6.97442627e+02, 3.35544281e+02,
    8.39501099e+02, 3.47975189e+02, 8.06462402e+02, 3.35965973e+02,
    7.74215637e+02, 3.24396240e+02, 7.42219116e+02, 3.12861572e+02,
    7.10581848e+02, 3.01282288e+02, 8.53216553e+02, 3.12796753e+02,
    8.20055969e+02, 3.00934814e+02, 7.87586731e+02, 2.89665070e+02,
    7.55443237e+02, 2.78300385e+02, 7.23653870e+02, 2.67056000e+02,
    8.66952942e+02, 2.77485291e+02, 8.33649902e+02, 2.65855255e+02,
    8.00930603e+02, 2.54753937e+02, 7.68583923e+02, 2.43637009e+02,
    7.36667725e+02, 2.32416611e+02 ]
