%YAML:1.0
points: [ 2.14018860e+02, 1.85119659e+02, 2.02540848e+02, 1.80626205e+02,
    1.91241425e+02, 1.76165863e+02, 1.80138672e+02, 1.71817215e+02,
    1.69114349e+02, 1.67483841e+02, 2.18753555e+02, 1.72948685e+02,
    2.07278015e+02, 1.68544022e+02, 1.95859192e+02, 1.64132828e+02,
    1.84733902e+02, 1.59852783e+02, 1.73691010e+02, 1.55644501e+02,
    2.23529648e+02, 1.60749756e+02, 2.11869888e+02, 1.56399643e+02,
    2.00576355e+02, 1.52128189e+02, 1.89351486e+02, 1.47909576e+02,
    1.78261902e+02, 1.43747437e+02, 2.28265564e+02, 1.48554276e+02,
    2.16551895e+02, 1.44158005e+02, 2.05258530e+02, 1.40083755e+02,
    1.93938293e+02, 1.35915253e+02, 1.82789307e+02, 1.31834183e+02,
    2.32982742e+02, 1.36223694e+02, 2.21275558e+02, 1.31961868e+02,
    2.09870987e+02, 1.27963593e+02, 1.98575043e+02, 1.23897476e+02,
    1.87368103e+02, 1.19842880e+02, 2.37748169e+02, 1.23899902e+02,
    2.25960358e+02, 1.19757843e+02, 2.14540039e+02, 1.15784439e+02,
    2.03160080e+02, 1.11824493e+02, 1.91897751e+02, 1.07865387e+02,
    2.42541306e+02, 1.11519203e+02, 2.30705887e+02, 1.07453491e+02,
    2.19176544e+02, 1.03582245e+02, 2.07738159e+02, 9.96835480e+01,
    1.96465897e+02, 9.57747955e+01 ]
