%YAML:1.0
points: [ 9.24786926e+02, 6.08950928e+02, 8.90859802e+02, 6.07458984e+02,
    8.57982971e+02, 6.06320435e+02, 8.26681824e+02, 6.04674316e+02,
    7.96228394e+02, 6.03427734e+02, 9.13589294e+02, 5.74462463e+02,
    8.78974487e+02, 5.73626160e+02, 8.45835938e+02, 5.73253296e+02,
    8.14356689e+02, 5.72161194e+02, 7.83700806e+02, 5.71361877e+02,
    9.01881897e+02, 5.38584351e+02, 8.66691589e+02, 5.38866882e+02,
    8.33563843e+02, 5.38518555e+02, 8.01585449e+02, 5.38494446e+02,
    7.70602661e+02, 5.38413452e+02, 8.89667175e+02, 5.01499542e+02,
    8.54030518e+02, 5.02940735e+02, 8.20726135e+02, 5.02845764e+02,
    7.88278564e+02, 5.03569489e+02, 7.56909180e+02, 5.04295868e+02,
    8.77008667e+02, 4.63223206e+02, 8.41133240e+02, 4.65229279e+02,
    8.07350220e+02, 4.66173340e+02, 7.74504944e+02, 4.67472321e+02,
    7.42830017e+02, 4.69012695e+02, 8.63907898e+02, 4.23280823e+02,
    8.27624573e+02, 4.26087280e+02, 7.93372437e+02, 4.28080475e+02,
    7.60251404e+02, 4.30100830e+02, 7.28163086e+02, 4.32449768e+02,
    8.50293579e+02, 3.81762115e+02, 8.13550537e+02, 3.85553894e+02,
    7.78730103e+02, 3.88495697e+02, 7.45057983e+02, 3.91584015e+02,
    7.12598328e+02, 3.94656403e+02 ]
