%YAML:1.0
points: [ 9.23058716e+02, 6.69643738e+02, 8.89873840e+02, 6.58867493e+02,
    8.56411865e+02, 6.48187378e+02, 8.22665771e+02, 6.37058228e+02,
    7.88649780e+02, 6.26074463e+02, 9.34875488e+02, 6.38877380e+02,
    9.01458618e+02, 6.27931030e+02, 8.67648926e+02, 6.17005432e+02,
    8.33732910e+02, 6.05715698e+02, 7.99435059e+02, 5.94368469e+02,
    9.46908325e+02, 6.07567261e+02, 9.13240784e+02, 5.96543396e+02,
    8.79258240e+02, 5.85120483e+02, 8.44981812e+02, 5.73693848e+02,
    8.10457214e+02, 5.62194763e+02, 9.59247864e+02, 5.75683655e+02,
    9.25222656e+02, 5.64559570e+02, 8.91015015e+02, 5.52693970e+02,
    8.56534180e+02, 5.41106445e+02, 8.21636475e+02, 5.29407043e+02,
    9.71757385e+02, 5.43323303e+02, 9.37548523e+02, 5.31909607e+02,
    9.03038452e+02, 5.19842957e+02, 8.68198303e+02, 5.07954010e+02,
    8.33100647e+02, 4.96066833e+02, 9.84573364e+02, 5.10334442e+02,
    9.50115540e+02, 4.98582764e+02, 9.15257019e+02, 4.86424286e+02,
    8.80206238e+02, 4.74181641e+02, 8.44787537e+02, 4.62023438e+02,
    9.97645691e+02, 4.76606506e+02, 9.62872864e+02, 4.64669800e+02,
    9.27818848e+02, 4.52226440e+02, 8.92413147e+02, 4.39860016e+02,
    8.56693604e+02, 4.27413879e+02 ]
