%YAML:1.0
points: [ 3.59925903e+02, 1.84922531e+02, 3.46974487e+02, 1.84364624e+02,
    3.34596375e+02, 1.83858734e+02, 3.22846893e+02, 1.83259491e+02,
    3.11476776e+02, 1.82754272e+02, 3.58566620e+02, 1.72623703e+02,
    3.45443176e+02, 1.72305725e+02, 3.32873108e+02, 1.72082886e+02,
    3.20994080e+02, 1.71722153e+02, 3.09509674e+02, 1.71387024e+02,
    3.57157135e+02, 1.59819168e+02, 3.43758087e+02, 1.59864197e+02,
    3.31170898e+02, 1.59808243e+02, 3.19085968e+02, 1.59802109e+02,
    3.07499390e+02, 1.59749603e+02, 3.55673248e+02, 1.46656723e+02,
    3.42081207e+02, 1.47077499e+02, 3.29443695e+02, 1.47198532e+02,
    3.17120056e+02, 1.47498795e+02, 3.05366699e+02, 1.47718979e+02,
    3.54175140e+02, 1.33065933e+02, 3.40430237e+02, 1.33781647e+02,
    3.27572479e+02, 1.34201141e+02, 3.15097717e+02, 1.34767181e+02,
    3.03213074e+02, 1.35332489e+02, 3.52569061e+02, 1.19030487e+02,
    3.38707062e+02, 1.20045128e+02, 3.25621277e+02, 1.20831360e+02,
    3.12990814e+02, 1.21642471e+02, 3.00939667e+02, 1.22520676e+02,
    3.51005310e+02, 1.04354698e+02, 3.36904144e+02, 1.05767365e+02,
    3.23620667e+02, 1.06953140e+02, 3.10810699e+02, 1.08120689e+02,
    2.98590363e+02, 1.09274529e+02 ]
