%YAML:1.0
points: [ 2.60873810e+02, 2.48190460e+02, 2.49378830e+02, 2.44410919e+02,
    2.37845657e+02, 2.40748398e+02, 2.26221527e+02, 2.36941971e+02,
    2.14416565e+02, 2.33104019e+02, 2.65108856e+02, 2.37478180e+02,
    2.53591019e+02, 2.33666245e+02, 2.41925079e+02, 2.29939316e+02,
    2.30219223e+02, 2.26026352e+02, 2.18333710e+02, 2.22088562e+02,
    2.69457153e+02, 2.26613449e+02, 2.57811768e+02, 2.22793152e+02,
    2.46101196e+02, 2.18824249e+02, 2.34293686e+02, 2.14853607e+02,
    2.22340912e+02, 2.10881027e+02, 2.73847382e+02, 2.15532455e+02,
    2.62163788e+02, 2.11697784e+02, 2.50355118e+02, 2.07562195e+02,
    2.38449387e+02, 2.03546768e+02, 2.26407562e+02, 1.99484650e+02,
    2.78377228e+02, 2.04266251e+02, 2.66615082e+02, 2.00330185e+02,
    2.54690857e+02, 1.96131424e+02, 2.42685349e+02, 1.91982056e+02,
    2.30544281e+02, 1.87870026e+02, 2.82958893e+02, 1.92793518e+02,
    2.71115326e+02, 1.88739487e+02, 2.59117798e+02, 1.84570587e+02,
    2.46957809e+02, 1.80285446e+02, 2.34785461e+02, 1.76038040e+02,
    2.87707275e+02, 1.81078552e+02, 2.75772583e+02, 1.76925705e+02,
    2.63658569e+02, 1.72659943e+02, 2.51372711e+02, 1.68323822e+02,
    2.39076996e+02, 1.63989151e+02 ]
