%YAML:1.0
points: [ 8.64241028e+02, 5.94185852e+02, 8.34985474e+02, 5.92266602e+02,
    8.06687561e+02, 5.90735413e+02, 7.79881592e+02, 5.88778687e+02,
    7.53900208e+02, 5.87262634e+02, 8.51783142e+02, 5.60778442e+02,
    8.22069275e+02, 5.59585205e+02, 7.93746948e+02, 5.58929016e+02,
    7.66903625e+02, 5.57480042e+02, 7.40763367e+02, 5.56357788e+02,
    8.38896362e+02, 5.26162170e+02, 8.08695740e+02, 5.26090088e+02,
    7.80486450e+02, 5.25378906e+02, 7.53407349e+02, 5.25050049e+02,
    7.27080566e+02, 5.24626160e+02, 8.25392273e+02, 4.90502319e+02,
    7.95004089e+02, 4.91599670e+02, 7.66800293e+02, 4.91167542e+02,
    7.39390198e+02, 4.91661407e+02, 7.12831848e+02, 4.92076538e+02,
    8.11454468e+02, 4.53766632e+02, 7.80965210e+02, 4.55489105e+02,
    7.52574219e+02, 4.56140900e+02, 7.24861816e+02, 4.57149170e+02,
    6.98135010e+02, 4.58405365e+02, 7.97118164e+02, 4.15668945e+02,
    7.66425720e+02, 4.18141235e+02, 7.37688232e+02, 4.19898590e+02,
    7.09855469e+02, 4.21538574e+02, 6.82989929e+02, 4.23668701e+02,
    7.82201172e+02, 3.76082245e+02, 7.51182800e+02, 3.79523834e+02,
    7.22164734e+02, 3.82218475e+02, 6.93988708e+02, 3.85036163e+02,
    6.66910400e+02, 3.87859924e+02 ]
