%YAML:1.0
points: [ 9.25904175e+02, 5.16917969e+02, 8.91371033e+02, 5.12147400e+02,
    8.57335144e+02, 5.07657166e+02, 8.24174011e+02, 5.02831879e+02,
    7.91521729e+02, 4.98367523e+02, 9.23889893e+02, 4.84922607e+02,
    8.88590576e+02, 4.80356720e+02, 8.53929932e+02, 4.76234619e+02,
    8.20216675e+02, 4.71538177e+02, 7.87027527e+02, 4.67200531e+02,
    9.21768555e+02, 4.51504852e+02, 8.85641113e+02, 4.47534302e+02,
    8.50585144e+02, 4.43105804e+02, 8.16212097e+02, 4.39024170e+02,
    7.82219788e+02, 4.34950409e+02, 9.19563904e+02, 4.16882812e+02,
    8.82608215e+02, 4.13443573e+02, 8.47023254e+02, 4.08874847e+02,
    8.11879639e+02, 4.05106964e+02, 7.77173767e+02, 4.01360474e+02,
    9.17198120e+02, 3.80841644e+02, 8.79615417e+02, 3.77612671e+02,
    8.43206787e+02, 3.73493164e+02, 8.07319092e+02, 3.69824982e+02,
    7.71931396e+02, 3.66479523e+02, 9.14848450e+02, 3.43185455e+02,
    8.76507507e+02, 3.40213928e+02, 8.39255066e+02, 3.36574463e+02,
    8.02597351e+02, 3.33055878e+02, 7.66487061e+02, 3.30076935e+02,
    9.12340820e+02, 3.03792236e+02, 8.73098389e+02, 3.01092651e+02,
    8.35019714e+02, 2.97855133e+02, 7.97397583e+02, 2.94912384e+02,
    7.60545044e+02, 2.92186981e+02 ]
