%YAML:1.0
points: [ 2.86673218e+02, 2.55575455e+02, 2.74877716e+02, 2.52187622e+02,
    2.63010162e+02, 2.48819717e+02, 2.50883240e+02, 2.45268570e+02,
    2.38548233e+02, 2.41768250e+02, 2.91381866e+02, 2.44172180e+02,
    2.79568756e+02, 2.40674927e+02, 2.67634949e+02, 2.37190887e+02,
    2.55448578e+02, 2.33538406e+02, 2.43053818e+02, 2.29827011e+02,
    2.96124542e+02, 2.32607452e+02, 2.84348206e+02, 2.29021500e+02,
    2.72277771e+02, 2.25300720e+02, 2.60064850e+02, 2.21610703e+02,
    2.47626617e+02, 2.17778732e+02, 3.01005768e+02, 2.20818909e+02,
    2.89211548e+02, 2.17209839e+02, 2.77036530e+02, 2.13260635e+02,
    2.64763214e+02, 2.09435074e+02, 2.52267395e+02, 2.05485901e+02,
    3.06005463e+02, 2.08889328e+02, 2.94138641e+02, 2.05087906e+02,
    2.81914429e+02, 2.01040634e+02, 2.69569550e+02, 1.97023010e+02,
    2.57052765e+02, 1.93004105e+02, 3.11127960e+02, 1.96736847e+02,
    2.99173065e+02, 1.92802689e+02, 2.86933167e+02, 1.88708710e+02,
    2.74476624e+02, 1.84497849e+02, 2.61896576e+02, 1.80310730e+02,
    3.16355682e+02, 1.84363937e+02, 3.04351471e+02, 1.80287262e+02,
    2.92018311e+02, 1.76023682e+02, 2.79509155e+02, 1.71741669e+02,
    2.66880188e+02, 1.67388596e+02 ]
