%YAML:1.0
points: [ 9.94434753e+02, 6.90902100e+02, 9.60221069e+02, 6.81152954e+02,
    9.25474976e+02, 6.71463745e+02, 8.90068909e+02, 6.61236694e+02,
    8.54152100e+02, 6.51081238e+02, 1.00759344e+03, 6.58079285e+02,
    9.73262146e+02, 6.48070618e+02, 9.38329346e+02, 6.37974121e+02,
    9.02786926e+02, 6.27448425e+02, 8.66633240e+02, 6.16796448e+02,
    1.02098022e+03, 6.24737244e+02, 9.86590698e+02, 6.14522766e+02,
    9.51435364e+02, 6.03819031e+02, 9.15667847e+02, 5.93023071e+02,
    8.79352844e+02, 5.82070129e+02, 1.03463806e+03, 5.90919434e+02,
    1.00012756e+03, 5.80458313e+02, 9.64717407e+02, 5.69137329e+02,
    9.28900513e+02, 5.58037476e+02, 8.92389038e+02, 5.46715149e+02,
    1.04857410e+03, 5.56644348e+02, 1.01389679e+03, 5.45737671e+02,
    9.78320740e+02, 5.34098328e+02, 9.42223938e+02, 5.22501282e+02,
    9.05563843e+02, 5.10860168e+02, 1.06273328e+03, 5.21700806e+02,
    1.02790845e+03, 5.10378967e+02, 9.92213013e+02, 4.98471069e+02,
    9.55984802e+02, 4.86409485e+02, 9.19073608e+02, 4.74230835e+02,
    1.07717859e+03, 4.86212006e+02, 1.04215283e+03, 4.74433655e+02,
    1.00634674e+03, 4.62154388e+02, 9.69941833e+02, 4.49701996e+02,
    9.32892822e+02, 4.37224213e+02 ]
