%YAML:1.0
points: [ 3.10891693e+02, 1.87623764e+02, 3.01499664e+02, 1.88122559e+02,
    2.92447906e+02, 1.88649872e+02, 2.84062866e+02, 1.89009995e+02,
    2.75987152e+02, 1.89424301e+02, 3.06709320e+02, 1.76401184e+02,
    2.97246246e+02, 1.77197968e+02, 2.88269196e+02, 1.78034760e+02,
    2.79857727e+02, 1.78644394e+02, 2.71849945e+02, 1.79298828e+02,
    3.02409210e+02, 1.64858780e+02, 2.92883850e+02, 1.66091537e+02,
    2.84049622e+02, 1.67045303e+02, 2.75607452e+02, 1.68067123e+02,
    2.67616364e+02, 1.68986176e+02, 2.98045105e+02, 1.53063675e+02,
    2.88388214e+02, 1.54694336e+02, 2.79732513e+02, 1.55891602e+02,
    2.71260284e+02, 1.57207596e+02, 2.63226105e+02, 1.58410446e+02,
    2.93515381e+02, 1.40996124e+02, 2.83947449e+02, 1.42932816e+02,
    2.75238312e+02, 1.44511337e+02, 2.66801666e+02, 1.46101639e+02,
    2.58727142e+02, 1.47637527e+02, 2.88949768e+02, 1.28633347e+02,
    2.79379852e+02, 1.30886673e+02, 2.70608551e+02, 1.32843033e+02,
    2.62221954e+02, 1.34714630e+02, 2.54138733e+02, 1.36577057e+02,
    2.84185608e+02, 1.15905029e+02, 2.74651978e+02, 1.18559731e+02,
    2.65863617e+02, 1.20848465e+02, 2.57446655e+02, 1.23107674e+02,
    2.49361908e+02, 1.25317642e+02 ]
