%YAML:1.0
points: [ 3.29899261e+02, 1.55143341e+02, 3.17535156e+02, 1.57648972e+02,
    3.05688965e+02, 1.59977188e+02, 2.94520233e+02, 1.62182709e+02,
    2.83828003e+02, 1.64328003e+02, 3.26641846e+02, 1.41337006e+02,
    3.14116760e+02, 1.44222610e+02, 3.02282043e+02, 1.46944733e+02,
    2.91180054e+02, 1.49523071e+02, 2.80421600e+02, 1.51877609e+02,
    3.23264618e+02, 1.27319206e+02, 3.10720612e+02, 1.30598801e+02,
    2.99012085e+02, 1.33675339e+02, 2.87734283e+02, 1.36583405e+02,
    2.77062653e+02, 1.39314865e+02, 3.19831116e+02, 1.13105850e+02,
    3.07164490e+02, 1.16783928e+02, 2.95585052e+02, 1.20145668e+02,
    2.84243073e+02, 1.23369987e+02, 2.73465057e+02, 1.26477737e+02,
    3.16308960e+02, 9.86465912e+01, 3.03710114e+02, 1.02600113e+02,
    2.91955841e+02, 1.06349808e+02, 2.80694031e+02, 1.09999092e+02,
    2.69955566e+02, 1.13419418e+02, 3.12775391e+02, 8.38265076e+01,
    3.00071533e+02, 8.82471619e+01, 2.88397980e+02, 9.23459473e+01,
    2.77121399e+02, 9.63251419e+01, 2.66258057e+02, 1.00127525e+02,
    3.09143341e+02, 6.87984314e+01, 2.96534393e+02, 7.36249619e+01,
    2.84697754e+02, 7.81100616e+01, 2.73306427e+02, 8.24408646e+01,
    2.62400879e+02, 8.65458374e+01 ]
