%YAML:1.0
points: [ 9.22629700e+02, 3.12847046e+02, 8.84431396e+02, 3.05572815e+02,
    8.46671875e+02, 2.98502045e+02, 8.09986633e+02, 2.91432373e+02,
    7.73643127e+02, 2.84504700e+02, 9.28127686e+02, 2.70678192e+02,
    8.89206909e+02, 2.63660339e+02, 8.51024292e+02, 2.56917053e+02,
    8.13840393e+02, 2.50104553e+02, 7.76976135e+02, 2.43349335e+02,
    9.33815613e+02, 2.27161880e+02, 8.94066956e+02, 2.20521378e+02,
    8.55604980e+02, 2.13885971e+02, 8.17675476e+02, 2.07478592e+02,
    7.80213928e+02, 2.01080368e+02, 9.39560791e+02, 1.82331284e+02,
    8.99161133e+02, 1.76083282e+02, 8.60200378e+02, 1.69800171e+02,
    8.21547974e+02, 1.63626328e+02, 7.83528015e+02, 1.57503677e+02,
    9.45499084e+02, 1.36199158e+02, 9.04552917e+02, 1.30166245e+02,
    8.64847839e+02, 1.24319962e+02, 8.25582825e+02, 1.18487411e+02,
    7.86966553e+02, 1.12676163e+02, 9.51705750e+02, 8.85592194e+01,
    9.10071594e+02, 8.28262863e+01, 8.69565796e+02, 7.73854904e+01,
    8.29779602e+02, 7.18736343e+01, 7.90479614e+02, 6.64620895e+01,
    9.58093750e+02, 3.93941345e+01, 9.15675659e+02, 3.40416183e+01,
    8.74486023e+02, 2.90232620e+01, 8.33884644e+02, 2.39437656e+01,
    7.93875610e+02, 1.87848225e+01 ]
