%YAML:1.0
points: [ 2.41156799e+02, 2.50965149e+02, 2.30305054e+02, 2.47653687e+02,
    2.19518372e+02, 2.44412582e+02, 2.08760452e+02, 2.41107437e+02,
    1.97943512e+02, 2.37842926e+02, 2.44088196e+02, 2.41043732e+02,
    2.33145355e+02, 2.37701065e+02, 2.22228745e+02, 2.34439331e+02,
    2.11375443e+02, 2.31117065e+02, 2.00448044e+02, 2.27773102e+02,
    2.47065384e+02, 2.30904617e+02, 2.36007660e+02, 2.27600494e+02,
    2.25048965e+02, 2.24233810e+02, 2.14034927e+02, 2.20907394e+02,
    2.03008347e+02, 2.17534302e+02, 2.50086517e+02, 2.20541412e+02,
    2.38924454e+02, 2.17312256e+02, 2.27875092e+02, 2.13812531e+02,
    2.16724030e+02, 2.10443436e+02, 2.05590073e+02, 2.07109207e+02,
    2.53207474e+02, 2.10085846e+02, 2.41907501e+02, 2.06729355e+02,
    2.30728790e+02, 2.03238846e+02, 2.19490845e+02, 1.99839417e+02,
    2.08252655e+02, 1.96469604e+02, 2.56385590e+02, 1.99295303e+02,
    2.44988327e+02, 1.95963593e+02, 2.33653717e+02, 1.92462479e+02,
    2.22324081e+02, 1.89037369e+02, 2.10952454e+02, 1.85614349e+02,
    2.59624237e+02, 1.88321426e+02, 2.48114395e+02, 1.84973053e+02,
    2.36668503e+02, 1.81452423e+02, 2.25177490e+02, 1.77981110e+02,
    2.13628830e+02, 1.74555389e+02 ]
