%YAML:1.0
points: [ 8.69974487e+02, 6.77609802e+02, 8.38954224e+02, 6.68024292e+02,
    8.07869934e+02, 6.58693359e+02, 7.76979919e+02, 6.49095154e+02,
    7.46023804e+02, 6.39617920e+02, 8.77927673e+02, 6.49056458e+02,
    8.46550110e+02, 6.39403992e+02, 8.15208496e+02, 6.30026489e+02,
    7.84060913e+02, 6.20262146e+02, 7.52876404e+02, 6.10703613e+02,
    8.86101440e+02, 6.19820496e+02, 8.54319885e+02, 6.10332275e+02,
    8.22760681e+02, 6.00592102e+02, 7.91233093e+02, 5.91004395e+02,
    7.59672302e+02, 5.81364746e+02, 8.94384583e+02, 5.90119202e+02,
    8.62221863e+02, 5.80743042e+02, 8.30458618e+02, 5.70612061e+02,
    7.98543152e+02, 5.60962341e+02, 7.66630493e+02, 5.51291870e+02,
    9.02828064e+02, 5.59862366e+02, 8.70389160e+02, 5.50300110e+02,
    8.38298767e+02, 5.40223083e+02, 8.06073914e+02, 5.30437805e+02,
    7.73790833e+02, 5.20772278e+02, 9.11582825e+02, 5.28929749e+02,
    8.78783997e+02, 5.19241760e+02, 8.46207214e+02, 5.09228821e+02,
    8.13663696e+02, 4.99285339e+02, 7.81038635e+02, 4.89585205e+02,
    9.20397400e+02, 4.97320740e+02, 8.87270081e+02, 4.87612732e+02,
    8.54355042e+02, 4.77500214e+02, 8.21385376e+02, 4.67570770e+02,
    7.88391602e+02, 4.57831085e+02 ]
