%YAML:1.0
points: [ 1.14217224e+03, 3.41408020e+02, 1.10206445e+03, 3.37567383e+02,
    1.06173621e+03, 3.33873993e+02, 1.02113275e+03, 3.30003326e+02,
    9.80350708e+02, 3.26110260e+02, 1.14897327e+03, 2.99792236e+02,
    1.10832092e+03, 2.95902435e+02, 1.06746399e+03, 2.92033600e+02,
    1.02627795e+03, 2.87959259e+02, 9.84924622e+02, 2.83866516e+02,
    1.15596094e+03, 2.57008484e+02, 1.11485657e+03, 2.52991760e+02,
    1.07333240e+03, 2.48861267e+02, 1.03161572e+03, 2.44640320e+02,
    9.89647766e+02, 2.40378372e+02, 1.16325330e+03, 2.13008530e+02,
    1.12169470e+03, 2.08742065e+02, 1.07944116e+03, 2.04377060e+02,
    1.03715234e+03, 2.00006760e+02, 9.94628601e+02, 1.95575562e+02,
    1.17089380e+03, 1.67611710e+02, 1.12862878e+03, 1.63125610e+02,
    1.08577429e+03, 1.58624420e+02, 1.04287830e+03, 1.54035461e+02,
    9.99762268e+02, 1.49340744e+02, 1.17875208e+03, 1.20785187e+02,
    1.13586304e+03, 1.16058586e+02, 1.09245972e+03, 1.11304062e+02,
    1.04888232e+03, 1.06496498e+02, 1.00510614e+03, 1.01511902e+02,
    1.18683911e+03, 7.24718399e+01, 1.14338953e+03, 6.74216690e+01,
    1.09934888e+03, 6.24436722e+01, 1.05512598e+03, 5.73579826e+01,
    1.01063739e+03, 5.21176262e+01 ]
