%YAML:1.0
points: [ 8.47775635e+02, 6.55906982e+02, 8.17403992e+02, 6.43534424e+02,
    7.86917542e+02, 6.31315491e+02, 7.56536804e+02, 6.18817078e+02,
    7.26041931e+02, 6.06546631e+02, 8.58712524e+02, 6.27984131e+02,
    8.28004639e+02, 6.15423157e+02, 7.97195862e+02, 6.03165222e+02,
    7.66602173e+02, 5.90547913e+02, 7.35883911e+02, 5.77943481e+02,
    8.69874329e+02, 5.99363831e+02, 8.38784058e+02, 5.86933350e+02,
    8.07896484e+02, 5.74222595e+02, 7.76879395e+02, 5.61584412e+02,
    7.45845032e+02, 5.48977112e+02, 8.81242432e+02, 5.70328735e+02,
    8.49788330e+02, 5.57918335e+02, 8.18689941e+02, 5.44798157e+02,
    7.87412537e+02, 5.32161072e+02, 7.55973389e+02, 5.19353394e+02,
    8.92847351e+02, 5.40691589e+02, 8.61163879e+02, 5.28149597e+02,
    8.29724426e+02, 5.14956665e+02, 7.98070618e+02, 5.02082825e+02,
    7.66351685e+02, 4.89275360e+02, 9.04803833e+02, 5.10528290e+02,
    8.72795532e+02, 4.97717590e+02, 8.40965149e+02, 4.84592987e+02,
    8.09020752e+02, 4.71423492e+02, 7.76901917e+02, 4.58496368e+02,
    9.16925415e+02, 4.79674896e+02, 8.84655762e+02, 4.66717926e+02,
    8.52413208e+02, 4.53422852e+02, 8.20055237e+02, 4.40219788e+02,
    7.87649292e+02, 4.27147552e+02 ]
