%YAML:1.0
points: [ 3.11271820e+02, 1.54108536e+02, 3.00185608e+02, 1.56494461e+02,
    2.89526520e+02, 1.58736343e+02, 2.79639740e+02, 1.60825058e+02,
    2.70063568e+02, 1.62859406e+02, 3.07883118e+02, 1.40669830e+02,
    2.96730774e+02, 1.43401672e+02, 2.86145203e+02, 1.46044418e+02,
    2.76251984e+02, 1.48495117e+02, 2.66729675e+02, 1.50767242e+02,
    3.04456360e+02, 1.27047585e+02, 2.93214539e+02, 1.30172745e+02,
    2.82778442e+02, 1.33083527e+02, 2.72788330e+02, 1.35875595e+02,
    2.63286774e+02, 1.38541962e+02, 3.00905090e+02, 1.13159050e+02,
    2.89625671e+02, 1.16720093e+02, 2.79319611e+02, 1.19957466e+02,
    2.69297577e+02, 1.23109009e+02, 2.59800415e+02, 1.26084419e+02,
    2.97386963e+02, 9.90692978e+01, 2.86108856e+02, 1.03016640e+02,
    2.75757294e+02, 1.06632881e+02, 2.65762909e+02, 1.10123672e+02,
    2.56199951e+02, 1.13444038e+02, 2.93730560e+02, 8.47236176e+01,
    2.82451111e+02, 8.90368958e+01, 2.72121918e+02, 9.30943069e+01,
    2.62154877e+02, 9.69461670e+01, 2.52603699e+02, 1.00620392e+02,
    2.89971344e+02, 7.01490402e+01, 2.78792542e+02, 7.48551331e+01,
    2.68357056e+02, 7.93190765e+01, 2.58377747e+02, 8.35262680e+01,
    2.48773727e+02, 8.75580215e+01 ]
