%YAML:1.0
points: [ 2.33499512e+02, 2.43428925e+02, 2.22985016e+02, 2.39180664e+02,
    2.12379150e+02, 2.34929901e+02, 2.01782745e+02, 2.30589417e+02,
    1.91165573e+02, 2.26329361e+02, 2.37474030e+02, 2.33712601e+02,
    2.26831955e+02, 2.29368896e+02, 2.16143005e+02, 2.25154465e+02,
    2.05463806e+02, 2.20744934e+02, 1.94752045e+02, 2.16374161e+02,
    2.41533432e+02, 2.23804031e+02, 2.30737503e+02, 2.19472717e+02,
    2.20023163e+02, 2.15071182e+02, 2.09208984e+02, 2.10686096e+02,
    1.98367569e+02, 2.06263733e+02, 2.45640030e+02, 2.13687881e+02,
    2.34721634e+02, 2.09381546e+02, 2.23936630e+02, 2.04841553e+02,
    2.13010406e+02, 2.00394623e+02, 2.02077332e+02, 1.96010101e+02,
    2.49835098e+02, 2.03390640e+02, 2.38842682e+02, 1.99026108e+02,
    2.27917038e+02, 1.94448639e+02, 2.16900818e+02, 1.89985779e+02,
    2.05814774e+02, 1.85499359e+02, 2.54117676e+02, 1.92930771e+02,
    2.43014877e+02, 1.88471939e+02, 2.31953613e+02, 1.83897369e+02,
    2.20834396e+02, 1.79332916e+02, 2.09672592e+02, 1.74773254e+02,
    2.58534119e+02, 1.82196167e+02, 2.47307236e+02, 1.77688660e+02,
    2.36135361e+02, 1.73053375e+02, 2.24851654e+02, 1.68452255e+02,
    2.13532059e+02, 1.63851456e+02 ]
