%YAML:1.0
points: [ 2.39470520e+02, 2.39277878e+02, 2.28489594e+02, 2.34975098e+02,
    2.17513229e+02, 2.30678696e+02, 2.06492661e+02, 2.26340149e+02,
    1.95423523e+02, 2.22042343e+02, 2.43663284e+02, 2.28917343e+02,
    2.32588684e+02, 2.24536957e+02, 2.21516006e+02, 2.20271851e+02,
    2.10452271e+02, 2.15879715e+02, 1.99297699e+02, 2.11454468e+02,
    2.47912262e+02, 2.18388184e+02, 2.36751999e+02, 2.14040085e+02,
    2.25615250e+02, 2.09599274e+02, 2.14446106e+02, 2.05183517e+02,
    2.03221069e+02, 2.00761780e+02, 2.52233948e+02, 2.07678497e+02,
    2.40988083e+02, 2.03329269e+02, 2.29793579e+02, 1.98785858e+02,
    2.18527725e+02, 1.94346161e+02, 2.07212967e+02, 1.89845291e+02,
    2.56648865e+02, 1.96811661e+02, 2.45337982e+02, 1.92405533e+02,
    2.33995148e+02, 1.87836914e+02, 2.22657974e+02, 1.83334061e+02,
    2.11233124e+02, 1.78792099e+02, 2.61109924e+02, 1.85782394e+02,
    2.49696152e+02, 1.81309326e+02, 2.38338425e+02, 1.76718948e+02,
    2.26842529e+02, 1.72116943e+02, 2.15354813e+02, 1.67573196e+02,
    2.65685608e+02, 1.74540085e+02, 2.54186310e+02, 1.69963974e+02,
    2.42711456e+02, 1.65380203e+02, 2.31161575e+02, 1.60727966e+02,
    2.19466721e+02, 1.56068375e+02 ]
