%YAML:1.0
points: [ 1.41105847e+03, 3.87896118e+02, 1.37684131e+03, 3.87884033e+02,
    1.34204785e+03, 3.88041321e+02, 1.30553784e+03, 3.87896790e+02,
    1.26836475e+03, 3.87869171e+02, 1.42170752e+03, 3.43791412e+02,
    1.38745776e+03, 3.43191254e+02, 1.35215210e+03, 3.42511627e+02,
    1.31518457e+03, 3.41697540e+02, 1.27747485e+03, 3.40965881e+02,
    1.43273499e+03, 2.98404755e+02, 1.39859692e+03, 2.97118195e+02,
    1.36237292e+03, 2.95669830e+02, 1.32521729e+03, 2.94071747e+02,
    1.28715051e+03, 2.92548462e+02, 1.44427600e+03, 2.51680878e+02,
    1.41011926e+03, 2.49442627e+02, 1.37302954e+03, 2.47185699e+02,
    1.33574536e+03, 2.44776810e+02, 1.29736340e+03, 2.42325439e+02,
    1.45638953e+03, 2.03436737e+02, 1.42159424e+03, 2.00368973e+02,
    1.38436548e+03, 1.97203781e+02, 1.34662183e+03, 1.93907013e+02,
    1.30789233e+03, 1.90485611e+02, 1.46869763e+03, 1.53616180e+02,
    1.43363623e+03, 1.49609116e+02, 1.39625598e+03, 1.45485138e+02,
    1.35799316e+03, 1.41250595e+02, 1.31888672e+03, 1.36629700e+02,
    1.48139502e+03, 1.02167297e+02, 1.44611670e+03, 9.71370163e+01,
    1.40861877e+03, 9.19107971e+01, 1.37026843e+03, 8.65396347e+01,
    1.33063196e+03, 8.10139389e+01 ]
