%YAML:1.0
points: [ 3.14784882e+02, 1.14009613e+02, 3.03386444e+02, 1.18225288e+02,
    2.92493164e+02, 1.22211349e+02, 2.82283936e+02, 1.25992516e+02,
    2.72479706e+02, 1.29656250e+02, 3.11741821e+02, 1.00305412e+02,
    3.00345367e+02, 1.04858688e+02, 2.89494843e+02, 1.09216759e+02,
    2.79346252e+02, 1.13321640e+02, 2.69585480e+02, 1.17242508e+02,
    3.08664978e+02, 8.65279312e+01, 2.97241852e+02, 9.14520187e+01,
    2.86577301e+02, 9.61585464e+01, 2.76385223e+02, 1.00558502e+02,
    2.66652374e+02, 1.04768890e+02, 3.05550781e+02, 7.27327499e+01,
    2.94102325e+02, 7.79450760e+01, 2.83580841e+02, 8.29884720e+01,
    2.73396545e+02, 8.77363510e+01, 2.63703094e+02, 9.22605896e+01,
    3.02396820e+02, 5.88382683e+01, 2.91046234e+02, 6.43856964e+01,
    2.80532928e+02, 6.97303085e+01, 2.70388947e+02, 7.48260727e+01,
    2.60688080e+02, 7.96051788e+01, 2.99179352e+02, 4.49413605e+01,
    2.87936737e+02, 5.07828522e+01, 2.77410156e+02, 5.64806976e+01,
    2.67340820e+02, 6.18449745e+01, 2.57675964e+02, 6.69842300e+01,
    2.95945129e+02, 3.10161572e+01, 2.84731537e+02, 3.71269188e+01,
    2.74311401e+02, 4.31103172e+01, 2.64256927e+02, 4.88520012e+01,
    2.54537186e+02, 5.42154732e+01 ]
