%YAML:1.0
points: [ 8.63275574e+02, 6.43951294e+02, 8.31720459e+02, 6.31494385e+02,
    7.99997437e+02, 6.19153748e+02, 7.68426453e+02, 6.06651855e+02,
    7.36593567e+02, 5.94153809e+02, 8.74894409e+02, 6.14075745e+02,
    8.43078857e+02, 6.01603577e+02, 8.11202087e+02, 5.89161377e+02,
    7.79336609e+02, 5.76494385e+02, 7.47335449e+02, 5.63851074e+02,
    8.86790466e+02, 5.83811646e+02, 8.54654541e+02, 5.71264465e+02,
    8.22596313e+02, 5.58495117e+02, 7.90515808e+02, 5.45767639e+02,
    7.58210083e+02, 5.33079407e+02, 8.98865967e+02, 5.53026184e+02,
    8.66400574e+02, 5.40437866e+02, 8.34200745e+02, 5.27414429e+02,
    8.01769287e+02, 5.14575684e+02, 7.69238403e+02, 5.01766754e+02,
    9.11164429e+02, 5.21794250e+02, 8.78509644e+02, 5.09049133e+02,
    8.45933594e+02, 4.95927307e+02, 8.13282593e+02, 4.82908234e+02,
    7.80442383e+02, 4.69982178e+02, 9.23663879e+02, 4.90002716e+02,
    8.90773315e+02, 4.77068634e+02, 8.57957275e+02, 4.63915222e+02,
    8.24984009e+02, 4.50681091e+02, 7.91879089e+02, 4.37627655e+02,
    9.36450134e+02, 4.57645966e+02, 9.03282288e+02, 4.44575500e+02,
    8.70119385e+02, 4.31263916e+02, 8.36857361e+02, 4.17999603e+02,
    8.03412659e+02, 4.04729584e+02 ]
