%YAML:1.0
points: [ 9.55238464e+02, 6.74913025e+02, 9.20990906e+02, 6.63443176e+02,
    8.86391418e+02, 6.52094299e+02, 8.51280334e+02, 6.40239990e+02,
    8.15692932e+02, 6.28456970e+02, 9.68704712e+02, 6.41997498e+02,
    9.34433777e+02, 6.30361511e+02, 8.99579529e+02, 6.18654358e+02,
    8.64332581e+02, 6.06567993e+02, 8.28642273e+02, 5.94348328e+02,
    9.82454895e+02, 6.08721924e+02, 9.48001831e+02, 5.96877686e+02,
    9.13077942e+02, 5.84665283e+02, 8.77638123e+02, 5.72342896e+02,
    8.41735168e+02, 5.59867920e+02, 9.96327515e+02, 5.74965576e+02,
    9.61813843e+02, 5.62974487e+02, 9.26679443e+02, 5.50243164e+02,
    8.91132568e+02, 5.37663940e+02, 8.55140564e+02, 5.24904480e+02,
    1.01045056e+03, 5.40876282e+02, 9.75857117e+02, 5.28509949e+02,
    9.40543640e+02, 5.15507446e+02, 9.04827332e+02, 5.02554504e+02,
    8.68571655e+02, 4.89503265e+02, 1.02487292e+03, 5.06253754e+02,
    9.90051270e+02, 4.93503967e+02, 9.54662659e+02, 4.80243866e+02,
    9.18782898e+02, 4.66980774e+02, 8.82463196e+02, 4.53489777e+02,
    1.03942566e+03, 4.71146942e+02, 1.00453223e+03, 4.58045715e+02,
    9.68925903e+02, 4.44466522e+02, 9.32969910e+02, 4.30885834e+02,
    8.96435791e+02, 4.17100616e+02 ]
