%YAML:1.0
points: [ 2.84772430e+02, 1.29729691e+02, 2.74730988e+02, 1.25934326e+02,
    2.64923126e+02, 1.22260368e+02, 2.55631683e+02, 1.18703232e+02,
    2.46561005e+02, 1.15223969e+02, 2.87990021e+02, 1.16945129e+02,
    2.77661438e+02, 1.13293243e+02, 2.67672516e+02, 1.09814110e+02,
    2.58194183e+02, 1.06404472e+02, 2.48920578e+02, 1.03097359e+02,
    2.91244690e+02, 1.03755966e+02, 2.80601471e+02, 1.00297386e+02,
    2.70599152e+02, 9.69806595e+01, 2.60821411e+02, 9.37509995e+01,
    2.51393127e+02, 9.06212234e+01, 2.94616791e+02, 9.01730347e+01,
    2.83646637e+02, 8.69142990e+01, 2.73532471e+02, 8.37733078e+01,
    2.63538940e+02, 8.07235641e+01, 2.53885132e+02, 7.77837143e+01,
    2.98040558e+02, 7.61613159e+01, 2.86958313e+02, 7.30872574e+01,
    2.76506073e+02, 7.01805801e+01, 2.66322296e+02, 6.73298569e+01,
    2.56442291e+02, 6.45495911e+01, 3.01644684e+02, 6.17360039e+01,
    2.90262909e+02, 5.88760910e+01, 2.79565460e+02, 5.61960678e+01,
    2.69214203e+02, 5.35425453e+01, 2.59131927e+02, 5.10129509e+01,
    3.05262543e+02, 4.68857727e+01, 2.93654327e+02, 4.41939316e+01,
    2.82722137e+02, 4.16979599e+01, 2.72107544e+02, 3.93157310e+01,
    2.61728699e+02, 3.69365692e+01 ]
