%YAML:1.0
points: [ 1.66797375e+03, 5.35639465e+02, 1.63513782e+03, 5.48718201e+02,
    1.60189478e+03, 5.62412354e+02, 1.56651294e+03, 5.76043701e+02,
    1.53054382e+03, 5.90381470e+02, 1.67918518e+03, 4.91327911e+02,
    1.64642896e+03, 5.03895966e+02, 1.61235242e+03, 5.17195190e+02,
    1.57623914e+03, 5.30397400e+02, 1.53955920e+03, 5.44331360e+02,
    1.69095679e+03, 4.45229462e+02, 1.65834314e+03, 4.57412476e+02,
    1.62300476e+03, 4.69784027e+02, 1.58657080e+03, 4.82723755e+02,
    1.54931250e+03, 4.96230408e+02, 1.70352258e+03, 3.97027283e+02,
    1.67071802e+03, 4.08748810e+02, 1.63429065e+03, 4.20322449e+02,
    1.59761523e+03, 4.32641998e+02, 1.55984375e+03, 4.45491302e+02,
    1.71688318e+03, 3.46550049e+02, 1.68324622e+03, 3.57764496e+02,
    1.64645557e+03, 3.68650146e+02, 1.60922388e+03, 3.80250519e+02,
    1.57088574e+03, 3.92710785e+02, 1.73050928e+03, 2.93746277e+02,
    1.69644263e+03, 3.04207642e+02, 1.65944690e+03, 3.14499023e+02,
    1.62152197e+03, 3.25360168e+02, 1.58253723e+03, 3.36643738e+02,
    1.74472839e+03, 2.38411789e+02, 1.71034985e+03, 2.48080231e+02,
    1.67319189e+03, 2.57255707e+02, 1.63515796e+03, 2.67183228e+02,
    1.59554919e+03, 2.78227203e+02 ]
