%YAML:1.0
points: [ 2.72896454e+02, 2.49974243e+02, 2.61107452e+02, 2.46021423e+02,
    2.49241470e+02, 2.42082413e+02, 2.37163483e+02, 2.37979309e+02,
    2.24929489e+02, 2.33867035e+02, 2.77706573e+02, 2.38584686e+02,
    2.65876404e+02, 2.34510300e+02, 2.53966110e+02, 2.30493149e+02,
    2.41851425e+02, 2.26272430e+02, 2.29547333e+02, 2.22023712e+02,
    2.82568451e+02, 2.26998962e+02, 2.70739960e+02, 2.22890350e+02,
    2.58722900e+02, 2.18673584e+02, 2.46595428e+02, 2.14398590e+02,
    2.34227905e+02, 2.10072083e+02, 2.87513123e+02, 2.15261200e+02,
    2.75696655e+02, 2.11120026e+02, 2.63560699e+02, 2.06681015e+02,
    2.51361984e+02, 2.02317642e+02, 2.38999893e+02, 1.97892822e+02,
    2.92562439e+02, 2.03407959e+02, 2.80681915e+02, 1.99104248e+02,
    2.68506744e+02, 1.94626205e+02, 2.56233429e+02, 1.90105469e+02,
    2.43848450e+02, 1.85604614e+02, 2.97667847e+02, 1.91381927e+02,
    2.85756226e+02, 1.86961166e+02, 2.73573120e+02, 1.82401596e+02,
    2.61180054e+02, 1.77760223e+02, 2.48751129e+02, 1.73085556e+02,
    3.02875885e+02, 1.79106735e+02, 2.90949371e+02, 1.74636810e+02,
    2.78680389e+02, 1.69916840e+02, 2.66244751e+02, 1.65163605e+02,
    2.53819763e+02, 1.60423523e+02 ]
