%YAML:1.0
points: [ 2.94267700e+02, 1.76828964e+02, 2.84035156e+02, 1.72284134e+02,
    2.74060883e+02, 1.67926666e+02, 2.64540283e+02, 1.63589157e+02,
    2.55134079e+02, 1.59413025e+02, 2.96703949e+02, 1.65856842e+02,
    2.86234467e+02, 1.61391937e+02, 2.76022736e+02, 1.57153854e+02,
    2.66280731e+02, 1.52875275e+02, 2.56755951e+02, 1.48739975e+02,
    2.99264801e+02, 1.54477905e+02, 2.88437622e+02, 1.50149414e+02,
    2.78173798e+02, 1.45847046e+02, 2.68130829e+02, 1.41744034e+02,
    2.58377258e+02, 1.37724228e+02, 3.01898987e+02, 1.42629379e+02,
    2.90764923e+02, 1.38452164e+02, 2.80346832e+02, 1.34179092e+02,
    2.70025818e+02, 1.30168030e+02, 2.60066223e+02, 1.26249207e+02,
    3.04637329e+02, 1.30287277e+02, 2.93250580e+02, 1.26184105e+02,
    2.82537903e+02, 1.22085533e+02, 2.72077637e+02, 1.18148804e+02,
    2.61789551e+02, 1.14364929e+02, 3.07525360e+02, 1.17454948e+02,
    2.95878845e+02, 1.13465607e+02, 2.84856781e+02, 1.09507652e+02,
    2.74128326e+02, 1.05676369e+02, 2.63584686e+02, 1.01992317e+02,
    3.10482452e+02, 1.04111435e+02, 2.98531586e+02, 1.00233383e+02,
    2.87237762e+02, 9.63579559e+01, 2.76195862e+02, 9.26999283e+01,
    2.65340637e+02, 8.91463928e+01 ]
