%YAML:1.0
points: [ 1.51991553e+03, 5.35673401e+02, 1.46580615e+03, 5.43402710e+02,
    1.41182690e+03, 5.51537903e+02, 1.35717346e+03, 5.59128784e+02,
    1.30273328e+03, 5.67072327e+02, 1.52464844e+03, 4.83009338e+02,
    1.46980811e+03, 4.90864563e+02, 1.41460303e+03, 4.99026611e+02,
    1.35880359e+03, 5.06709229e+02, 1.30329907e+03, 5.14721680e+02,
    1.52972827e+03, 4.28237549e+02, 1.47414392e+03, 4.36375610e+02,
    1.41744556e+03, 4.44226929e+02, 1.36073743e+03, 4.52193054e+02,
    1.30406018e+03, 4.60298126e+02, 1.53522668e+03, 3.71293304e+02,
    1.47874048e+03, 3.79503021e+02, 1.42056177e+03, 3.87260040e+02,
    1.36280359e+03, 3.95359039e+02, 1.30504089e+03, 4.03450684e+02,
    1.54116589e+03, 3.11937134e+02, 1.48340662e+03, 3.20137756e+02,
    1.42406641e+03, 3.28029877e+02, 1.36515344e+03, 3.36086121e+02,
    1.30622363e+03, 3.44394989e+02, 1.54725488e+03, 2.49907059e+02,
    1.48833374e+03, 2.58090240e+02, 1.42800806e+03, 2.66075439e+02,
    1.36779492e+03, 2.74200043e+02, 1.30751050e+03, 2.82382324e+02,
    1.55360474e+03, 1.85179520e+02, 1.49363257e+03, 1.93247681e+02,
    1.43217261e+03, 2.01158920e+02, 1.37086621e+03, 2.09307526e+02,
    1.30935449e+03, 2.17655197e+02 ]
