%YAML:1.0
points: [ 1.17415039e+03, 7.20694214e+02, 1.14240613e+03, 7.12422791e+02,
    1.10981335e+03, 7.04239380e+02, 1.07576453e+03, 6.95261536e+02,
    1.04064282e+03, 6.86250549e+02, 1.18888904e+03, 6.82854736e+02,
    1.15750708e+03, 6.74068359e+02, 1.12507568e+03, 6.64939209e+02,
    1.09104553e+03, 6.55367798e+02, 1.05610681e+03, 6.45542542e+02,
    1.20377234e+03, 6.44805298e+02, 1.17290625e+03, 6.35434326e+02,
    1.14019958e+03, 6.25468506e+02, 1.10655188e+03, 6.15157898e+02,
    1.07176111e+03, 6.04584167e+02, 1.21891040e+03, 6.06547241e+02,
    1.18840845e+03, 5.96462585e+02, 1.15555225e+03, 5.85650085e+02,
    1.12221106e+03, 5.74642090e+02, 1.08770447e+03, 5.63230225e+02,
    1.23432056e+03, 5.68078552e+02, 1.20379749e+03, 5.57288879e+02,
    1.17125293e+03, 5.45702637e+02, 1.13801978e+03, 5.33938354e+02,
    1.10375427e+03, 5.21744446e+02, 1.24983423e+03, 5.29275330e+02,
    1.21946545e+03, 5.17644287e+02, 1.18719104e+03, 5.05441803e+02,
    1.15405981e+03, 4.92867462e+02, 1.12001782e+03, 4.79763947e+02,
    1.26550305e+03, 4.90096802e+02, 1.23537671e+03, 4.77789642e+02,
    1.20338452e+03, 4.64793182e+02, 1.17062976e+03, 4.51425323e+02,
    1.13666504e+03, 4.37658936e+02 ]
