%YAML:1.0
points: [ 3.51480652e+02, 2.66069885e+02, 3.40735199e+02, 2.63183167e+02,
    3.29768463e+02, 2.60282410e+02, 3.18188934e+02, 2.57167389e+02,
    3.06369263e+02, 2.53993423e+02, 3.56701874e+02, 2.52866455e+02,
    3.46079834e+02, 2.49777832e+02, 3.35134430e+02, 2.46632446e+02,
    3.23625183e+02, 2.43239227e+02, 3.11768768e+02, 2.39820633e+02,
    3.61983826e+02, 2.39579071e+02, 3.51523956e+02, 2.36342239e+02,
    3.40451172e+02, 2.32847610e+02, 3.29073883e+02, 2.29286026e+02,
    3.17317932e+02, 2.25567429e+02, 3.67340942e+02, 2.26262009e+02,
    3.57088806e+02, 2.22767563e+02, 3.45873840e+02, 2.18989899e+02,
    3.34641541e+02, 2.15120712e+02, 3.22948090e+02, 2.11166473e+02,
    3.72798004e+02, 2.12806168e+02, 3.62556580e+02, 2.09065186e+02,
    3.51478851e+02, 2.05009415e+02, 3.40242279e+02, 2.00901215e+02,
    3.28686188e+02, 1.96674820e+02, 3.78331268e+02, 1.99202759e+02,
    3.68126373e+02, 1.95219666e+02, 3.57215515e+02, 1.90954391e+02,
    3.45954041e+02, 1.86593445e+02, 3.34467865e+02, 1.82039719e+02,
    3.83923462e+02, 1.85547211e+02, 3.73817810e+02, 1.81271912e+02,
    3.62977142e+02, 1.76738312e+02, 3.51877441e+02, 1.72096069e+02,
    3.40515259e+02, 1.67300720e+02 ]
