%YAML:1.0
points: [ 1.38828088e+03, 7.44154724e+02, 1.36673096e+03, 7.39310364e+02,
    1.34456653e+03, 7.34426392e+02, 1.32038757e+03, 7.28972900e+02,
    1.29541370e+03, 7.23385498e+02, 1.40162488e+03, 7.03196716e+02,
    1.38069849e+03, 6.97534668e+02, 1.35880139e+03, 6.91294434e+02,
    1.33491626e+03, 6.84692505e+02, 1.31018909e+03, 6.77959290e+02,
    1.41499768e+03, 6.62428711e+02, 1.39494922e+03, 6.55709290e+02,
    1.37264160e+03, 6.48373901e+02, 1.34954028e+03, 6.40535828e+02,
    1.32526782e+03, 6.32610352e+02, 1.42870825e+03, 6.21527649e+02,
    1.40934680e+03, 6.13592102e+02, 1.38689746e+03, 6.05242310e+02,
    1.36434961e+03, 5.96313354e+02, 1.34073132e+03, 5.86859192e+02,
    1.44256335e+03, 5.80651794e+02, 1.42337683e+03, 5.71640930e+02,
    1.40146277e+03, 5.62049500e+02, 1.37924146e+03, 5.52000610e+02,
    1.35611487e+03, 5.41407959e+02, 1.45648376e+03, 5.39548706e+02,
    1.43750037e+03, 5.29503052e+02, 1.41631262e+03, 5.18758484e+02,
    1.39433838e+03, 5.07685760e+02, 1.37179907e+03, 4.95525452e+02,
    1.47046985e+03, 4.98379242e+02, 1.45196167e+03, 4.87257690e+02,
    1.43131372e+03, 4.75393311e+02, 1.41016431e+03, 4.62986420e+02,
    1.38804138e+03, 4.49858704e+02 ]
