%YAML:1.0
points: [ 4.26760742e+02, 2.73850983e+02, 4.19943939e+02, 2.72222534e+02,
    4.13068390e+02, 2.70720673e+02, 4.05355774e+02, 2.68859100e+02,
    3.97444031e+02, 2.66912994e+02, 4.31342499e+02, 2.59735107e+02,
    4.24760651e+02, 2.57760376e+02, 4.18108307e+02, 2.55727493e+02,
    4.10494293e+02, 2.53403961e+02, 4.02620392e+02, 2.51063461e+02,
    4.36046051e+02, 2.45499451e+02, 4.29798706e+02, 2.43233292e+02,
    4.22741577e+02, 2.40628738e+02, 4.15650909e+02, 2.38039719e+02,
    4.07914337e+02, 2.35191452e+02, 4.40713684e+02, 2.31201889e+02,
    4.34888336e+02, 2.28570953e+02, 4.27640747e+02, 2.25617874e+02,
    4.20717133e+02, 2.22544235e+02, 4.13264069e+02, 2.19215881e+02,
    4.45440125e+02, 2.16966949e+02, 4.39699738e+02, 2.13933426e+02,
    4.32760803e+02, 2.10563828e+02, 4.25749298e+02, 2.07127640e+02,
    4.18614349e+02, 2.03426270e+02, 4.50105377e+02, 2.02791809e+02,
    4.44492767e+02, 1.99334763e+02, 4.37883118e+02, 1.95526489e+02,
    4.30986267e+02, 1.91596893e+02, 4.23978973e+02, 1.87493530e+02,
    4.54867462e+02, 1.88380341e+02, 4.49396576e+02, 1.84540146e+02,
    4.42930542e+02, 1.80371613e+02, 4.36385620e+02, 1.76024277e+02,
    4.29634918e+02, 1.71544296e+02 ]
