%YAML:1.0
points: [ 1.66370300e+03, 4.07557617e+02, 1.61492419e+03, 4.46670105e+02,
    1.56745300e+03, 4.85185699e+02, 1.52013403e+03, 5.22441895e+02,
    1.47417407e+03, 5.59244507e+02, 1.63668347e+03, 3.66557648e+02,
    1.58761389e+03, 4.06652649e+02, 1.53929517e+03, 4.46527161e+02,
    1.49139661e+03, 4.84842102e+02, 1.44495410e+03, 5.22497498e+02,
    1.60890723e+03, 3.23967926e+02, 1.55948547e+03, 3.65557007e+02,
    1.51006335e+03, 4.05967499e+02, 1.46179163e+03, 4.45813354e+02,
    1.41484412e+03, 4.84671722e+02, 1.58018604e+03, 2.79841827e+02,
    1.53027612e+03, 3.22956268e+02, 1.47987988e+03, 3.64228516e+02,
    1.43122314e+03, 4.05277740e+02, 1.38376538e+03, 4.45395905e+02,
    1.55056897e+03, 2.33935699e+02, 1.49993738e+03, 2.78342285e+02,
    1.44892993e+03, 3.21186798e+02, 1.39968640e+03, 3.63331360e+02,
    1.35185815e+03, 4.04801788e+02, 1.51968848e+03, 1.86227188e+02,
    1.46839539e+03, 2.32025711e+02, 1.41697034e+03, 2.76457123e+02,
    1.36714954e+03, 3.19783783e+02, 1.31864392e+03, 3.62527100e+02,
    1.48756140e+03, 1.36588181e+02, 1.43568433e+03, 1.83877640e+02,
    1.38378613e+03, 2.29636459e+02, 1.33351550e+03, 2.74597321e+02,
    1.28474121e+03, 3.18813782e+02 ]
