%YAML:1.0
points: [ 2.67951050e+02, 1.84918350e+02, 2.59482025e+02, 1.81725906e+02,
    2.51143234e+02, 1.78664078e+02, 2.43311356e+02, 1.75616470e+02,
    2.35713669e+02, 1.72728149e+02, 2.67783722e+02, 1.74586182e+02,
    2.59119720e+02, 1.71501740e+02, 2.50652740e+02, 1.68611191e+02,
    2.42692596e+02, 1.65700638e+02, 2.35059402e+02, 1.63002716e+02,
    2.67640442e+02, 1.63836365e+02, 2.58701935e+02, 1.61002304e+02,
    2.50294464e+02, 1.58131821e+02, 2.42093857e+02, 1.55415619e+02,
    2.34275803e+02, 1.52780334e+02, 2.67456421e+02, 1.52720123e+02,
    2.58247711e+02, 1.50090240e+02, 2.49857895e+02, 1.47319412e+02,
    2.41492294e+02, 1.44779770e+02, 2.33462219e+02, 1.42284210e+02,
    2.67192596e+02, 1.41259216e+02, 2.57874664e+02, 1.38763428e+02,
    2.49337799e+02, 1.36190659e+02, 2.40873657e+02, 1.33783890e+02,
    2.32651825e+02, 1.31499634e+02, 2.66952881e+02, 1.29325760e+02,
    2.57545471e+02, 1.27007965e+02, 2.48712921e+02, 1.24652176e+02,
    2.40184830e+02, 1.22394470e+02, 2.31840439e+02, 1.20287201e+02,
    2.66735504e+02, 1.16938660e+02, 2.57102661e+02, 1.14852287e+02,
    2.48115219e+02, 1.12693291e+02, 2.39391266e+02, 1.10671486e+02,
    2.30854675e+02, 1.08732338e+02 ]
