%YAML:1.0
points: [ 1.56855945e+03, 6.73112000e+02, 1.54959155e+03, 6.53693115e+02,
    1.50890942e+03, 6.12289368e+02, 1.48720386e+03, 5.90038696e+02,
    1.44039160e+03, 5.41772217e+02, 1.60515527e+03, 6.38007324e+02,
    1.58681604e+03, 6.17890320e+02, 1.54774207e+03, 5.73755127e+02,
    1.52671814e+03, 5.49888245e+02, 1.48137195e+03, 4.98639191e+02,
    1.60515527e+03, 6.38007324e+02, 1.58681604e+03, 6.17890320e+02,
    1.54774207e+03, 5.73755127e+02, 1.52671814e+03, 5.49888245e+02,
    1.48137195e+03, 4.98639191e+02, 1.64276172e+03, 6.02839783e+02,
    1.60691968e+03, 5.58444397e+02, 1.58755298e+03, 5.34349487e+02,
    1.56748145e+03, 5.09484741e+02, 1.52394922e+03, 4.55081085e+02,
    1.68027124e+03, 5.66224609e+02, 1.64698401e+03, 5.20094604e+02,
    1.62903809e+03, 4.95581573e+02, 1.58959937e+03, 4.40711853e+02,
    1.56823840e+03, 4.11025604e+02, 1.68027124e+03, 5.66224609e+02,
    1.64698401e+03, 5.20094604e+02, 1.62903809e+03, 4.95581573e+02,
    1.58959937e+03, 4.40711853e+02, 1.56823840e+03, 4.11025604e+02,
    1.71882251e+03, 5.29269104e+02, 1.70301501e+03, 5.05547791e+02,
    1.66943628e+03, 4.53711761e+02, 1.65138989e+03, 4.25719635e+02,
    1.61169861e+03, 3.64645264e+02 ]
