%YAML:1.0
points: [ 1.19129053e+03, 8.78255798e+02, 1.15775806e+03, 8.71083557e+02,
    1.12342627e+03, 8.64011658e+02, 1.08732495e+03, 8.56040405e+02,
    1.05013818e+03, 8.48147766e+02, 1.21350684e+03, 8.44211731e+02,
    1.18030811e+03, 8.36463745e+02, 1.14581213e+03, 8.28569214e+02,
    1.10966455e+03, 8.19862305e+02, 1.07248206e+03, 8.11046570e+02,
    1.23628333e+03, 8.09452209e+02, 1.20344775e+03, 8.01277405e+02,
    1.16865991e+03, 7.92130981e+02, 1.13267676e+03, 7.82843201e+02,
    1.09544934e+03, 7.73326050e+02, 1.25980933e+03, 7.74002686e+02,
    1.22709802e+03, 7.65272766e+02, 1.19218958e+03, 7.54899170e+02,
    1.15631177e+03, 7.44933167e+02, 1.11923145e+03, 7.34539246e+02,
    1.28400012e+03, 7.37779480e+02, 1.25121997e+03, 7.28243408e+02,
    1.21637390e+03, 7.17094666e+02, 1.18060254e+03, 7.06121948e+02,
    1.14356909e+03, 6.95060608e+02, 1.30883997e+03, 7.00642029e+02,
    1.27607410e+03, 6.90189209e+02, 1.24139417e+03, 6.78488281e+02,
    1.20561963e+03, 6.66524963e+02, 1.16867542e+03, 6.54339172e+02,
    1.33430408e+03, 6.62647156e+02, 1.30165063e+03, 6.51405701e+02,
    1.26721606e+03, 6.38680542e+02, 1.23166748e+03, 6.25938477e+02,
    1.19477917e+03, 6.12993225e+02 ]
