%YAML:1.0
points: [ 3.58896759e+02, 3.20875061e+02, 3.47662659e+02, 3.18438721e+02,
    3.36166595e+02, 3.16007721e+02, 3.23991974e+02, 3.13205994e+02,
    3.11463776e+02, 3.10465363e+02, 3.66916626e+02, 3.09034973e+02,
    3.55796936e+02, 3.06351868e+02, 3.44260956e+02, 3.03688416e+02,
    3.32088409e+02, 3.00613708e+02, 3.19526672e+02, 2.97550903e+02,
    3.75186951e+02, 2.96904724e+02, 3.64193634e+02, 2.94115936e+02,
    3.52470886e+02, 2.90936432e+02, 3.40417297e+02, 2.87729736e+02,
    3.27861206e+02, 2.84369690e+02, 3.83642151e+02, 2.84546539e+02,
    3.72790741e+02, 2.81612427e+02, 3.60953278e+02, 2.77972656e+02,
    3.48943207e+02, 2.74492065e+02, 3.36447601e+02, 2.70866089e+02,
    3.92364838e+02, 2.71905884e+02, 3.81536346e+02, 2.68667358e+02,
    3.69753113e+02, 2.64800568e+02, 3.57710327e+02, 2.60981842e+02,
    3.45293945e+02, 2.57107635e+02, 4.01323669e+02, 2.58977081e+02,
    3.90541077e+02, 2.55436295e+02, 3.78852905e+02, 2.51345596e+02,
    3.66796326e+02, 2.47147003e+02, 3.54389740e+02, 2.42920883e+02,
    4.10548706e+02, 2.45680298e+02, 3.99819489e+02, 2.41846146e+02,
    3.88215546e+02, 2.37423080e+02, 3.76280640e+02, 2.32950119e+02,
    3.63920959e+02, 2.28520248e+02 ]
