%YAML:1.0
points: [ 2.68654724e+02, 1.64031433e+02, 2.60091614e+02, 1.61692230e+02,
    2.51693329e+02, 1.59456940e+02, 2.43839859e+02, 1.57244644e+02,
    2.36198700e+02, 1.55166000e+02, 2.68841278e+02, 1.52719345e+02,
    2.60128784e+02, 1.50550629e+02, 2.51640320e+02, 1.48547745e+02,
    2.43670868e+02, 1.46515945e+02, 2.35960297e+02, 1.44567581e+02,
    2.69062683e+02, 1.41068604e+02, 2.60086182e+02, 1.39147476e+02,
    2.51692734e+02, 1.37245895e+02, 2.43485214e+02, 1.35423264e+02,
    2.35652588e+02, 1.33671432e+02, 2.69290375e+02, 1.29085709e+02,
    2.60065826e+02, 1.27429970e+02, 2.51688354e+02, 1.25677345e+02,
    2.43321991e+02, 1.24051765e+02, 2.35350800e+02, 1.22488258e+02,
    2.69497833e+02, 1.16783516e+02, 2.60174957e+02, 1.15308716e+02,
    2.51605179e+02, 1.13812523e+02, 2.43175583e+02, 1.12394302e+02,
    2.35022385e+02, 1.11020004e+02, 2.69681061e+02, 1.04053612e+02,
    2.60259979e+02, 1.02825531e+02, 2.51488037e+02, 1.01604050e+02,
    2.42981766e+02, 1.00382202e+02, 2.34690353e+02, 9.92444077e+01,
    2.69872620e+02, 9.09838943e+01, 2.60327576e+02, 9.00213165e+01,
    2.51393311e+02, 8.89920273e+01, 2.42697098e+02, 8.80698853e+01,
    2.34222336e+02, 8.71147003e+01 ]
