%YAML:1.0
points: [ 1.63493982e+03, 6.24055115e+02, 1.60650903e+03, 6.16301208e+02,
    1.54614136e+03, 6.00431580e+02, 1.51432703e+03, 5.91897339e+02,
    1.44622229e+03, 5.74043823e+02, 1.66503516e+03, 5.83653748e+02,
    1.63676282e+03, 5.75259583e+02, 1.57663318e+03, 5.56764404e+02,
    1.54454749e+03, 5.46911560e+02, 1.47624304e+03, 5.26528687e+02,
    1.66503516e+03, 5.83653748e+02, 1.63676282e+03, 5.75259583e+02,
    1.57663318e+03, 5.56764404e+02, 1.54454749e+03, 5.46911560e+02,
    1.47624304e+03, 5.26528687e+02, 1.69668469e+03, 5.42223694e+02,
    1.63912878e+03, 5.22224304e+02, 1.60834937e+03, 5.11491455e+02,
    1.57658813e+03, 5.00652130e+02, 1.50838831e+03, 4.77374329e+02,
    1.72837073e+03, 4.98755859e+02, 1.67234033e+03, 4.77004517e+02,
    1.64249573e+03, 4.65759460e+02, 1.57753882e+03, 4.40094727e+02,
    1.54268335e+03, 4.26580017e+02, 1.72837073e+03, 4.98755859e+02,
    1.70079102e+03, 4.87888123e+02, 1.64249573e+03, 4.65759460e+02,
    1.57753882e+03, 4.40094727e+02, 1.54268335e+03, 4.26580017e+02,
    1.76157678e+03, 4.54065826e+02, 1.73410645e+03, 4.42129700e+02,
    1.67557019e+03, 4.16044708e+02, 1.64421350e+03, 4.02329132e+02,
    1.57635815e+03, 3.72663879e+02 ]
