%YAML:1.0
points: [ 2.57832489e+02, 1.33295212e+02, 2.49777481e+02, 1.31703232e+02,
    2.41883698e+02, 1.30133530e+02, 2.34576462e+02, 1.28665924e+02,
    2.27434021e+02, 1.27221230e+02, 2.58651672e+02, 1.21198868e+02,
    2.50413727e+02, 1.19811668e+02, 2.42401917e+02, 1.18541954e+02,
    2.35085358e+02, 1.17256836e+02, 2.27892487e+02, 1.16036263e+02,
    2.59482727e+02, 1.08834389e+02, 2.51005051e+02, 1.07727600e+02,
    2.43180923e+02, 1.06670769e+02, 2.35496933e+02, 1.05617615e+02,
    2.28219986e+02, 1.04613251e+02, 2.60289093e+02, 9.61746216e+01,
    2.51590240e+02, 9.53121643e+01, 2.43823105e+02, 9.45260391e+01,
    2.36054199e+02, 9.37092438e+01, 2.28562454e+02, 9.29402237e+01,
    2.61092987e+02, 8.32212982e+01, 2.52341385e+02, 8.26509094e+01,
    2.44388947e+02, 8.20987854e+01, 2.36532715e+02, 8.15622406e+01,
    2.28949799e+02, 8.10176620e+01, 2.61947296e+02, 7.00539398e+01,
    2.53087463e+02, 6.96823730e+01, 2.44894943e+02, 6.93843155e+01,
    2.37075500e+02, 6.90969238e+01, 2.29317520e+02, 6.88041382e+01,
    2.62804108e+02, 5.63504143e+01, 2.53799576e+02, 5.63211327e+01,
    2.45553177e+02, 5.63955765e+01, 2.37493103e+02, 5.64228287e+01,
    2.29595291e+02, 5.63735657e+01 ]
