%YAML:1.0
points: [ 3.85925262e+02, 3.10084595e+02, 3.72938751e+02, 3.12927032e+02,
    3.59922607e+02, 3.15833405e+02, 3.46272339e+02, 3.18612305e+02,
    3.32354828e+02, 3.21605713e+02, 3.88934387e+02, 2.98404633e+02,
    3.75877594e+02, 3.01023132e+02, 3.62494904e+02, 3.03981781e+02,
    3.48587921e+02, 3.06651245e+02, 3.34463928e+02, 3.09481415e+02,
    3.92122711e+02, 2.86152252e+02, 3.78917023e+02, 2.88883820e+02,
    3.65128204e+02, 2.91417267e+02, 3.51109314e+02, 2.94140656e+02,
    3.36732574e+02, 2.96889343e+02, 3.95368835e+02, 2.73474915e+02,
    3.82105591e+02, 2.76260040e+02, 3.67910675e+02, 2.78494751e+02,
    3.53675690e+02, 2.81128235e+02, 3.39095215e+02, 2.83787384e+02,
    3.98828339e+02, 2.60382904e+02, 3.85304504e+02, 2.63037140e+02,
    3.70910583e+02, 2.65199402e+02, 3.56381836e+02, 2.67633362e+02,
    3.41579010e+02, 2.70292603e+02, 4.02468994e+02, 2.46732849e+02,
    3.88667114e+02, 2.49208862e+02, 3.74095581e+02, 2.51372604e+02,
    3.59259583e+02, 2.53647308e+02, 3.44121948e+02, 2.56146149e+02,
    4.06220276e+02, 2.32538010e+02, 3.92250610e+02, 2.34848755e+02,
    3.77410522e+02, 2.36852158e+02, 3.62350891e+02, 2.39084534e+02,
    3.46986908e+02, 2.41581680e+02 ]
