%YAML:1.0
points: [ 1.26999390e+03, 8.47666626e+02, 1.23193384e+03, 8.55427429e+02,
    1.19340417e+03, 8.63798401e+02, 1.15357117e+03, 8.71691772e+02,
    1.11307214e+03, 8.80166382e+02, 1.27727515e+03, 8.13727478e+02,
    1.23895825e+03, 8.21323608e+02, 1.19955981e+03, 8.29491699e+02,
    1.15901416e+03, 8.37115601e+02, 1.11784412e+03, 8.45249451e+02,
    1.28496643e+03, 7.78613586e+02, 1.24628308e+03, 7.86331604e+02,
    1.20598816e+03, 7.93548279e+02, 1.16487903e+03, 8.01194275e+02,
    1.12295618e+03, 8.09166626e+02, 1.29315039e+03, 7.42228760e+02,
    1.25379602e+03, 7.50057861e+02, 1.21271204e+03, 7.56428162e+02,
    1.17097791e+03, 7.63887756e+02, 1.12828418e+03, 7.71623535e+02,
    1.30172131e+03, 7.04615723e+02, 1.26165747e+03, 7.11967529e+02,
    1.21982104e+03, 7.18201355e+02, 1.17738770e+03, 7.25242126e+02,
    1.13399744e+03, 7.32811218e+02, 1.31058569e+03, 6.65395264e+02,
    1.26981262e+03, 6.72444580e+02, 1.22734900e+03, 6.78572632e+02,
    1.18420483e+03, 6.85044373e+02, 1.13990564e+03, 6.92253235e+02,
    1.31991565e+03, 6.24710632e+02, 1.27843787e+03, 6.31381897e+02,
    1.23534155e+03, 6.37020020e+02, 1.19148169e+03, 6.43344971e+02,
    1.14654639e+03, 6.50439087e+02 ]
