%YAML:1.0
points: [ 3.22243256e+02, 1.36109558e+02, 3.09359772e+02, 1.34309982e+02,
    2.96834900e+02, 1.32678452e+02, 2.84792389e+02, 1.30959015e+02,
    2.73029358e+02, 1.29354202e+02, 3.24310120e+02, 1.22246300e+02,
    3.11276031e+02, 1.20667404e+02, 2.98590027e+02, 1.19194008e+02,
    2.86357635e+02, 1.17701370e+02, 2.74430878e+02, 1.16237061e+02,
    3.26407684e+02, 1.08147331e+02, 3.13135223e+02, 1.06720612e+02,
    3.00398865e+02, 1.05374260e+02, 2.87874237e+02, 1.04108696e+02,
    2.75800354e+02, 1.02852829e+02, 3.28544403e+02, 9.36788940e+01,
    3.15045776e+02, 9.23893051e+01, 3.02179504e+02, 9.13149948e+01,
    2.89558868e+02, 9.02252502e+01, 2.77260040e+02, 8.91373901e+01,
    3.30829224e+02, 7.88403168e+01, 3.17089386e+02, 7.78000336e+01,
    3.04028748e+02, 7.68762817e+01, 2.91179565e+02, 7.59867477e+01,
    2.78715546e+02, 7.50738220e+01, 3.33030273e+02, 6.37641029e+01,
    3.19137573e+02, 6.28834457e+01, 3.05817139e+02, 6.21727028e+01,
    2.92829712e+02, 6.14434166e+01, 2.80187073e+02, 6.07488708e+01,
    3.35206207e+02, 4.83628883e+01, 3.21126709e+02, 4.76838493e+01,
    3.07643921e+02, 4.71760788e+01, 2.94463959e+02, 4.66447716e+01,
    2.81647125e+02, 4.60463600e+01 ]
