%YAML:1.0
points: [ 3.86352509e+02, 3.00180481e+02, 3.72367432e+02, 3.02993896e+02,
    3.58240204e+02, 3.05971588e+02, 3.43651581e+02, 3.08721069e+02,
    3.28821991e+02, 3.11685455e+02, 3.88211151e+02, 2.87050293e+02,
    3.74091705e+02, 2.89762482e+02, 3.59688690e+02, 2.92659698e+02,
    3.44811737e+02, 2.95343048e+02, 3.29731689e+02, 2.98182800e+02,
    3.90179199e+02, 2.73437836e+02, 3.75898651e+02, 2.76207733e+02,
    3.61080658e+02, 2.78796631e+02, 3.46040283e+02, 2.81490723e+02,
    3.30737793e+02, 2.84260284e+02, 3.92210754e+02, 2.59427887e+02,
    3.77775513e+02, 2.62192535e+02, 3.62595703e+02, 2.64476318e+02,
    3.47315247e+02, 2.67160858e+02, 3.31760254e+02, 2.69823456e+02,
    3.94361115e+02, 2.44912094e+02, 3.79655182e+02, 2.47590591e+02,
    3.64238770e+02, 2.49833694e+02, 3.48687775e+02, 2.52302261e+02,
    3.32902588e+02, 2.54980591e+02, 3.96566803e+02, 2.29909882e+02,
    3.81624725e+02, 2.32426956e+02, 3.66012299e+02, 2.34667694e+02,
    3.50134155e+02, 2.36996643e+02, 3.34056061e+02, 2.39527313e+02,
    3.98875214e+02, 2.14322830e+02, 3.83721649e+02, 2.16723221e+02,
    3.67844849e+02, 2.18847977e+02, 3.51750519e+02, 2.21129333e+02,
    3.35460327e+02, 2.23616791e+02 ]
