%YAML:1.0
points: [ 1.12623633e+03, 8.44838196e+02, 1.08769226e+03, 8.29802673e+02,
    1.04865930e+03, 8.15144470e+02, 1.00895935e+03, 7.99344971e+02,
    9.68528564e+02, 7.83808899e+02, 1.15027612e+03, 8.21743652e+02,
    1.11126978e+03, 8.06386780e+02, 1.07109424e+03, 7.91081909e+02,
    1.03058337e+03, 7.74653442e+02, 9.89427917e+02, 7.58396179e+02,
    1.17573291e+03, 7.97634155e+02, 1.13580859e+03, 7.82097412e+02,
    1.09516125e+03, 7.65370789e+02, 1.05360388e+03, 7.48702087e+02,
    1.01143158e+03, 7.31879944e+02, 1.20266943e+03, 7.72332886e+02,
    1.16164417e+03, 7.56461426e+02, 1.12032983e+03, 7.38500671e+02,
    1.07787329e+03, 7.21232910e+02, 1.03471838e+03, 7.03771484e+02,
    1.23112866e+03, 7.45755005e+02, 1.18924048e+03, 7.29131958e+02,
    1.14680066e+03, 7.10511719e+02, 1.10358252e+03, 6.92339294e+02,
    1.05934924e+03, 6.74423462e+02, 1.26120410e+03, 7.17602539e+02,
    1.21844238e+03, 7.00175049e+02, 1.17493274e+03, 6.81097595e+02,
    1.13078406e+03, 6.61965515e+02, 1.08544360e+03, 6.42989136e+02,
    1.29311230e+03, 6.87764465e+02, 1.24940698e+03, 6.69617920e+02,
    1.20495923e+03, 6.49640503e+02, 1.15971155e+03, 6.29951599e+02,
    1.11335681e+03, 6.10385010e+02 ]
