%YAML:1.0
points: [ 1.26839771e+03, 8.18974487e+02, 1.22753101e+03, 8.26757141e+02,
    1.18620776e+03, 8.35207458e+02, 1.14371716e+03, 8.43102783e+02,
    1.10063159e+03, 8.51625854e+02, 1.27246887e+03, 7.81063843e+02,
    1.23122034e+03, 7.88799255e+02, 1.18904187e+03, 7.96995850e+02,
    1.14591003e+03, 8.04665283e+02, 1.10212781e+03, 8.12787842e+02,
    1.27677734e+03, 7.42032776e+02, 1.23516748e+03, 7.49818970e+02,
    1.19211572e+03, 7.57137451e+02, 1.14832776e+03, 7.64891907e+02,
    1.10376709e+03, 7.72900146e+02, 1.28138184e+03, 7.01776245e+02,
    1.23916479e+03, 7.09561951e+02, 1.19528235e+03, 7.16149475e+02,
    1.15081750e+03, 7.23785950e+02, 1.10561841e+03, 7.31473999e+02,
    1.28630286e+03, 6.60196960e+02, 1.24330798e+03, 6.67680054e+02,
    1.19863989e+03, 6.74131592e+02, 1.15356396e+03, 6.81268555e+02,
    1.10758960e+03, 6.88899902e+02, 1.29132581e+03, 6.17154663e+02,
    1.24762720e+03, 6.24229065e+02, 1.20232263e+03, 6.30609375e+02,
    1.15642065e+03, 6.37310791e+02, 1.10965051e+03, 6.44557373e+02,
    1.29659253e+03, 5.72487915e+02, 1.25222729e+03, 5.79338379e+02,
    1.20622717e+03, 5.85327332e+02, 1.15961890e+03, 5.91782471e+02,
    1.11213098e+03, 5.98911499e+02 ]
