%YAML:1.0
points: [ 3.27867981e+02, 3.29208282e+02, 3.12490814e+02, 3.29296936e+02,
    2.97182404e+02, 3.29521790e+02, 2.81859100e+02, 3.29501495e+02,
    2.66524139e+02, 3.29645630e+02, 3.29335022e+02, 3.18318329e+02,
    3.13685608e+02, 3.18409119e+02, 2.98006531e+02, 3.18703308e+02,
    2.82354340e+02, 3.18644257e+02, 2.66696411e+02, 3.18725952e+02,
    3.30908539e+02, 3.06924164e+02, 3.14895142e+02, 3.07216309e+02,
    2.98885559e+02, 3.07177277e+02, 2.82890442e+02, 3.07310883e+02,
    2.66910400e+02, 3.07409729e+02, 3.32543579e+02, 2.95063171e+02,
    3.16181152e+02, 2.95511810e+02, 2.99818268e+02, 2.95235901e+02,
    2.83476715e+02, 2.95411194e+02, 2.67123657e+02, 2.95573273e+02,
    3.34266083e+02, 2.82722137e+02, 3.17565247e+02, 2.83104706e+02,
    3.00799469e+02, 2.82963013e+02, 2.84083221e+02, 2.83047241e+02,
    2.67390717e+02, 2.83313080e+02, 3.36109375e+02, 2.69779236e+02,
    3.19017700e+02, 2.70153107e+02, 3.01860474e+02, 2.70113678e+02,
    2.84734375e+02, 2.70156921e+02, 2.67639954e+02, 2.70448975e+02,
    3.38020111e+02, 2.56235321e+02, 3.20487061e+02, 2.56650635e+02,
    3.02944489e+02, 2.56584381e+02, 2.85414917e+02, 2.56745636e+02,
    2.67984222e+02, 2.57124176e+02 ]
