%YAML:1.0
points: [ 1.10179431e+03, 9.02037598e+02, 1.05771777e+03, 9.02271667e+02,
    1.01374982e+03, 9.02861816e+02, 9.69845032e+02, 9.02781555e+02,
    9.25790710e+02, 9.03263916e+02, 1.10461621e+03, 8.70660400e+02,
    1.05976685e+03, 8.70970398e+02, 1.01469116e+03, 8.71770508e+02,
    9.69863403e+02, 8.71656555e+02, 9.25076538e+02, 8.71880554e+02,
    1.10769336e+03, 8.37930786e+02, 1.06183740e+03, 8.38744507e+02,
    1.01602344e+03, 8.38696899e+02, 9.70068176e+02, 8.39099243e+02,
    9.24230164e+02, 8.39481079e+02, 1.11096118e+03, 8.03840454e+02,
    1.06403638e+03, 8.05108032e+02, 1.01723572e+03, 8.04502014e+02,
    9.70336487e+02, 8.05032166e+02, 9.23395386e+02, 8.05537781e+02,
    1.11436304e+03, 7.68449097e+02, 1.06646729e+03, 7.69647339e+02,
    1.01847607e+03, 7.69262268e+02, 9.70581177e+02, 7.69611572e+02,
    9.22643738e+02, 7.70440002e+02, 1.11802344e+03, 7.31331055e+02,
    1.06904993e+03, 7.32464722e+02, 1.01992102e+03, 7.32424500e+02,
    9.70909119e+02, 7.32638916e+02, 9.21721802e+02, 7.33474792e+02,
    1.12184656e+03, 6.92509399e+02, 1.07171082e+03, 6.93806152e+02,
    1.02143427e+03, 6.93756409e+02, 9.71130066e+02, 6.94269409e+02,
    9.20909790e+02, 6.95313110e+02 ]
