%YAML:1.0
points: [ 3.21796722e+02, 1.02137024e+02, 3.08960358e+02, 1.01955109e+02,
    2.96564667e+02, 1.01731125e+02, 2.84569366e+02, 1.01569450e+02,
    2.72842224e+02, 1.01374847e+02, 3.23341583e+02, 8.82490082e+01,
    3.10445404e+02, 8.82626953e+01, 2.97853790e+02, 8.82574768e+01,
    2.85781372e+02, 8.82751007e+01, 2.74029785e+02, 8.82828674e+01,
    3.24929108e+02, 7.42379608e+01, 3.11845337e+02, 7.43704147e+01,
    2.99311249e+02, 7.46520844e+01, 2.87048950e+02, 7.48610001e+01,
    2.75229065e+02, 7.50430679e+01, 3.26443848e+02, 6.01317329e+01,
    3.13252014e+02, 6.04062805e+01, 3.00702911e+02, 6.09256783e+01,
    2.88382446e+02, 6.12640228e+01, 2.76448853e+02, 6.16605530e+01,
    3.28031525e+02, 4.58471298e+01, 3.14742645e+02, 4.63292160e+01,
    3.02057678e+02, 4.70463066e+01, 2.89674774e+02, 4.76110802e+01,
    2.77610748e+02, 4.81394043e+01, 3.29509949e+02, 3.15746193e+01,
    3.16166412e+02, 3.22152176e+01, 3.03377472e+02, 3.30347137e+01,
    2.90954254e+02, 3.38446007e+01, 2.78739624e+02, 3.45403900e+01,
    3.30971954e+02, 1.73255444e+01, 3.17526520e+02, 1.81050644e+01,
    3.04722778e+02, 1.91706791e+01, 2.92207611e+02, 2.00774021e+01,
    2.79888031e+02, 2.08877506e+01 ]
