%YAML:1.0
points: [ 1.58187756e+03, 9.01559937e+02, 1.53940320e+03, 8.87977417e+02,
    1.49649414e+03, 8.74831604e+02, 1.45241809e+03, 8.60354797e+02,
    1.40792188e+03, 8.46179199e+02, 1.61806775e+03, 8.72643433e+02,
    1.57518506e+03, 8.58875488e+02, 1.53113892e+03, 8.44945496e+02,
    1.48604211e+03, 8.29773865e+02, 1.44053809e+03, 8.14958923e+02,
    1.65632043e+03, 8.42314331e+02, 1.61297595e+03, 8.28361328e+02,
    1.56783423e+03, 8.12986633e+02, 1.52184265e+03, 7.97630981e+02,
    1.47523132e+03, 7.82147217e+02, 1.69699060e+03, 8.10284302e+02,
    1.65290503e+03, 7.96013123e+02, 1.60669800e+03, 7.79321960e+02,
    1.55991504e+03, 7.63374512e+02, 1.51236780e+03, 7.47251709e+02,
    1.74017273e+03, 7.76481873e+02, 1.69506567e+03, 7.61336121e+02,
    1.64803064e+03, 7.44000488e+02, 1.60039246e+03, 7.27159363e+02,
    1.55174060e+03, 7.10477539e+02, 1.78577820e+03, 7.40332947e+02,
    1.73987854e+03, 7.24349426e+02, 1.69211963e+03, 7.06542236e+02,
    1.64348108e+03, 6.88754761e+02, 1.59383704e+03, 6.70988037e+02,
    1.83396802e+03, 7.01885498e+02, 1.78750989e+03, 6.85158386e+02,
    1.73924426e+03, 6.66353394e+02, 1.68994116e+03, 6.47929443e+02,
    1.63914709e+03, 6.29624023e+02 ]
