%YAML:1.0
points: [ 1.61163989e+03, 8.14920593e+02, 1.56668115e+03, 7.99007996e+02,
    1.52126123e+03, 7.83291931e+02, 1.47473303e+03, 7.66499695e+02,
    1.42783154e+03, 7.49907227e+02, 1.64817297e+03, 7.79064758e+02,
    1.60272363e+03, 7.62768127e+02, 1.55629456e+03, 7.46303223e+02,
    1.50874438e+03, 7.28755737e+02, 1.46079590e+03, 7.11429382e+02,
    1.68659180e+03, 7.41484070e+02, 1.64075024e+03, 7.24912781e+02,
    1.59309753e+03, 7.07034912e+02, 1.54472705e+03, 6.89090149e+02,
    1.49576343e+03, 6.71140503e+02, 1.72723120e+03, 7.01977295e+02,
    1.68078796e+03, 6.84888306e+02, 1.63198730e+03, 6.65763245e+02,
    1.58280920e+03, 6.47214478e+02, 1.53297656e+03, 6.28494080e+02,
    1.77013220e+03, 6.60363586e+02, 1.72276147e+03, 6.42317322e+02,
    1.67312280e+03, 6.22529297e+02, 1.62314026e+03, 6.03026123e+02,
    1.57226318e+03, 5.83605164e+02, 1.81513672e+03, 6.16239014e+02,
    1.76707104e+03, 5.97253723e+02, 1.71686182e+03, 5.76808777e+02,
    1.66589197e+03, 5.56319885e+02, 1.61408276e+03, 5.35738770e+02,
    1.86241113e+03, 5.69590637e+02, 1.81389307e+03, 5.49689392e+02,
    1.76314429e+03, 5.28184265e+02, 1.71162170e+03, 5.06834595e+02,
    1.65878943e+03, 4.85518433e+02 ]
