%YAML:1.0
points: [ 1.02669714e+03, 8.82484192e+02, 9.84114563e+02, 8.80948792e+02,
    9.41722534e+02, 8.79901917e+02, 8.99636841e+02, 8.78182129e+02,
    8.57726257e+02, 8.76928406e+02, 1.02698157e+03, 8.51606567e+02,
    9.83528137e+02, 8.50302063e+02, 9.40200195e+02, 8.49403809e+02,
    8.97390320e+02, 8.47710266e+02, 8.54730225e+02, 8.46356384e+02,
    1.02737610e+03, 8.19468628e+02, 9.82932007e+02, 8.18728333e+02,
    9.38893127e+02, 8.17231445e+02, 8.95115112e+02, 8.15978271e+02,
    8.51572754e+02, 8.14703003e+02, 1.02777747e+03, 7.86136536e+02,
    9.82276123e+02, 7.85901306e+02, 9.37494690e+02, 7.83778809e+02,
    8.92631226e+02, 7.82813416e+02, 8.48092773e+02, 7.81826721e+02,
    1.02819165e+03, 7.51512695e+02, 9.81841064e+02, 7.51266602e+02,
    9.35925720e+02, 7.49464844e+02, 8.90220581e+02, 7.48382751e+02,
    8.44686218e+02, 7.47731018e+02, 1.02865283e+03, 7.15290039e+02,
    9.81329590e+02, 7.15083374e+02, 9.34308411e+02, 7.13688599e+02,
    8.87622253e+02, 7.12518616e+02, 8.41029480e+02, 7.11944336e+02,
    1.02915344e+03, 6.77489746e+02, 9.80793945e+02, 6.77445251e+02,
    9.32650696e+02, 6.76112793e+02, 8.84763000e+02, 6.75314148e+02,
    8.37233215e+02, 6.75047058e+02 ]
