%YAML:1.0
points: [ 3.01012817e+02, 3.22516663e+02, 2.86006012e+02, 3.21885895e+02,
    2.71256470e+02, 3.21523438e+02, 2.56524170e+02, 3.20905975e+02,
    2.41862625e+02, 3.20473969e+02, 3.01514496e+02, 3.11689301e+02,
    2.86273041e+02, 3.11187103e+02, 2.71133148e+02, 3.10878510e+02,
    2.56158508e+02, 3.10288483e+02, 2.41231110e+02, 3.09808807e+02,
    3.02053589e+02, 3.00492432e+02, 2.86545654e+02, 3.00176392e+02,
    2.71109314e+02, 2.99606567e+02, 2.55799026e+02, 2.99199280e+02,
    2.40582962e+02, 2.98774384e+02, 3.02666443e+02, 2.88834473e+02,
    2.86768372e+02, 2.88738525e+02, 2.71055115e+02, 2.87971588e+02,
    2.55440552e+02, 2.87633362e+02, 2.39838654e+02, 2.87277924e+02,
    3.03276520e+02, 2.76740295e+02, 2.87075897e+02, 2.76628601e+02,
    2.71023895e+02, 2.75997894e+02, 2.55034805e+02, 2.75599701e+02,
    2.39167801e+02, 2.75363190e+02, 3.03938660e+02, 2.64098694e+02,
    2.87384979e+02, 2.63997742e+02, 2.70980347e+02, 2.63525024e+02,
    2.54664505e+02, 2.63114532e+02, 2.38417252e+02, 2.62951355e+02,
    3.04664551e+02, 2.50903290e+02, 2.87725311e+02, 2.50866531e+02,
    2.70939911e+02, 2.50427155e+02, 2.54236221e+02, 2.50130447e+02,
    2.37619995e+02, 2.50061707e+02 ]
