%YAML:1.0
points: [ 3.21896667e+02, 1.56748581e+02, 3.09112213e+02, 1.54098709e+02,
    2.96722961e+02, 1.51660721e+02, 2.84697418e+02, 1.49123291e+02,
    2.72979584e+02, 1.46757462e+02, 3.24278381e+02, 1.43450745e+02,
    3.11238220e+02, 1.41057098e+02, 2.98605377e+02, 1.38707047e+02,
    2.86429230e+02, 1.36324646e+02, 2.74448944e+02, 1.33992355e+02,
    3.26695099e+02, 1.29845215e+02, 3.13348663e+02, 1.27487617e+02,
    3.00629974e+02, 1.25271736e+02, 2.88044067e+02, 1.23120804e+02,
    2.75905182e+02, 1.20947174e+02, 3.29170563e+02, 1.15682693e+02,
    3.15527679e+02, 1.13535263e+02, 3.02648041e+02, 1.11437508e+02,
    2.89841644e+02, 1.09408951e+02, 2.77586548e+02, 1.07426949e+02,
    3.31693268e+02, 1.01215454e+02, 3.17848633e+02, 9.92463760e+01,
    3.04661011e+02, 9.72649612e+01, 2.91723114e+02, 9.53756943e+01,
    2.79057800e+02, 9.35332031e+01, 3.34222382e+02, 8.61568298e+01,
    3.20207184e+02, 8.43892670e+01, 3.06761475e+02, 8.26430283e+01,
    2.93645325e+02, 8.09294662e+01, 2.80756409e+02, 7.92744980e+01,
    3.36977081e+02, 7.07249451e+01, 3.22585968e+02, 6.90661087e+01,
    3.09005463e+02, 6.75825500e+01, 2.95477020e+02, 6.59447250e+01,
    2.82388184e+02, 6.45786819e+01 ]
