%YAML:1.0
points: [ 1.53110938e+03, 8.06808594e+02, 1.47439636e+03, 8.00203613e+02,
    1.41885010e+03, 7.94178101e+02, 1.36397119e+03, 7.87347473e+02,
    1.31012402e+03, 7.81085083e+02, 1.54630908e+03, 7.67914795e+02,
    1.48824548e+03, 7.61587952e+02, 1.43080322e+03, 7.55702942e+02,
    1.37432349e+03, 7.48966431e+02, 1.31908459e+03, 7.42780457e+02,
    1.56260535e+03, 7.26791931e+02, 1.50286023e+03, 7.21177734e+02,
    1.44369385e+03, 7.14626709e+02, 1.38546313e+03, 7.08542236e+02,
    1.32855688e+03, 7.02695618e+02, 1.57995776e+03, 6.83417419e+02,
    1.51827625e+03, 6.78433899e+02, 1.45727002e+03, 6.71511292e+02,
    1.39731628e+03, 6.65794250e+02, 1.33863525e+03, 6.60283386e+02,
    1.59848645e+03, 6.37635315e+02, 1.53478235e+03, 6.32783142e+02,
    1.47169287e+03, 6.26322632e+02, 1.40999207e+03, 6.20687073e+02,
    1.34947839e+03, 6.15714722e+02, 1.61815125e+03, 5.88845459e+02,
    1.55232373e+03, 5.84226501e+02, 1.48724927e+03, 5.78426697e+02,
    1.42353687e+03, 5.72986877e+02, 1.36093933e+03, 5.68208923e+02,
    1.63908032e+03, 5.36937622e+02, 1.57116797e+03, 5.32746887e+02,
    1.50387524e+03, 5.27246277e+02, 1.43805310e+03, 5.22451355e+02,
    1.37349744e+03, 5.18317749e+02 ]
