%YAML:1.0
points: [ 2.79673828e+02, 3.16101929e+02, 2.65311401e+02, 3.15114838e+02,
    2.51170853e+02, 3.14315277e+02, 2.37154556e+02, 3.13280609e+02,
    2.23254181e+02, 3.12447754e+02, 2.79497528e+02, 3.05541046e+02,
    2.64868896e+02, 3.04603394e+02, 2.50388107e+02, 3.03883514e+02,
    2.36169189e+02, 3.02884308e+02, 2.22024612e+02, 3.02005524e+02,
    2.79332336e+02, 2.94538666e+02, 2.64404694e+02, 2.93828278e+02,
    2.49695129e+02, 2.92857758e+02, 2.35147934e+02, 2.92066742e+02,
    2.20719467e+02, 2.91273926e+02, 2.79105408e+02, 2.83109375e+02,
    2.63843140e+02, 2.82578583e+02, 2.48917450e+02, 2.81480835e+02,
    2.34097168e+02, 2.80786835e+02, 2.19350845e+02, 2.80094849e+02,
    2.78916595e+02, 2.71274719e+02, 2.63443573e+02, 2.70793182e+02,
    2.48129791e+02, 2.69810699e+02, 2.32982056e+02, 2.69093994e+02,
    2.17945877e+02, 2.68503571e+02, 2.78762939e+02, 2.58928162e+02,
    2.62880157e+02, 2.58471924e+02, 2.47328506e+02, 2.57669434e+02,
    2.31843567e+02, 2.56951691e+02, 2.16490524e+02, 2.56437134e+02,
    2.78586365e+02, 2.46009842e+02, 2.62396576e+02, 2.45684464e+02,
    2.46446289e+02, 2.44905518e+02, 2.30607468e+02, 2.44369049e+02,
    2.14913483e+02, 2.43956345e+02 ]
