%YAML:1.0
points: [ 9.67535889e+02, 8.64369507e+02, 9.26693054e+02, 8.61552063e+02,
    8.86269409e+02, 8.59301086e+02, 8.46320618e+02, 8.56318481e+02,
    8.06678589e+02, 8.53883728e+02, 9.65733521e+02, 8.34068420e+02,
    9.24245972e+02, 8.31453430e+02, 8.82966919e+02, 8.29311829e+02,
    8.42293579e+02, 8.26529114e+02, 8.02043762e+02, 8.23985596e+02,
    9.64119629e+02, 8.02459595e+02, 9.21537109e+02, 8.00584839e+02,
    8.79742859e+02, 7.97776062e+02, 8.38293762e+02, 7.95446533e+02,
    7.97122620e+02, 7.93125305e+02, 9.62365051e+02, 7.69795288e+02,
    9.18833801e+02, 7.68366943e+02, 8.76262085e+02, 7.65235657e+02,
    8.33911194e+02, 7.63146729e+02, 7.91957092e+02, 7.60957886e+02,
    9.60486694e+02, 7.35839905e+02, 9.16226135e+02, 7.34481750e+02,
    8.72670105e+02, 7.31654907e+02, 8.29451172e+02, 7.29565613e+02,
    7.86586426e+02, 7.27927917e+02, 9.58618103e+02, 7.00489563e+02,
    9.13404846e+02, 6.99208984e+02, 8.68899780e+02, 6.96809998e+02,
    8.24783508e+02, 6.94675659e+02, 7.81010437e+02, 6.93184326e+02,
    9.56613281e+02, 6.63485229e+02, 9.10449585e+02, 6.62470337e+02,
    8.64863342e+02, 6.60229553e+02, 8.19697876e+02, 6.58574951e+02,
    7.75090027e+02, 6.57395325e+02 ]
