%YAML:1.0
points: [ 2.94489655e+02, 1.64452103e+02, 2.85889954e+02, 1.64251236e+02,
    2.77544403e+02, 1.64101822e+02, 2.69721619e+02, 1.63904160e+02,
    2.62073547e+02, 1.63732437e+02, 2.92614166e+02, 1.54288528e+02,
    2.83924683e+02, 1.54287964e+02, 2.75540436e+02, 1.54356613e+02,
    2.67624756e+02, 1.54292313e+02, 2.59971924e+02, 1.54253967e+02,
    2.90705505e+02, 1.43860199e+02, 2.81853729e+02, 1.44124176e+02,
    2.73585022e+02, 1.44288818e+02, 2.65491608e+02, 1.44440414e+02,
    2.57762146e+02, 1.44595291e+02, 2.88719543e+02, 1.33179153e+02,
    2.79734985e+02, 1.33691299e+02, 2.71526306e+02, 1.33990433e+02,
    2.63351562e+02, 1.34383224e+02, 2.55539581e+02, 1.34749908e+02,
    2.86697968e+02, 1.22233894e+02, 2.77692932e+02, 1.22977600e+02,
    2.69338562e+02, 1.23488525e+02, 2.61165985e+02, 1.24074532e+02,
    2.53233856e+02, 1.24619514e+02, 2.84625977e+02, 1.11019073e+02,
    2.75580597e+02, 1.11970398e+02, 2.67066864e+02, 1.12756958e+02,
    2.58886383e+02, 1.13505951e+02, 2.50899963e+02, 1.14300247e+02,
    2.82503021e+02, 9.95089951e+01, 2.73355865e+02, 1.00692955e+02,
    2.64789307e+02, 1.01725998e+02, 2.56504211e+02, 1.02751060e+02,
    2.48393219e+02, 1.03755829e+02 ]
