%YAML:1.0
points: [ 3.07010529e+02, 1.93046890e+02, 2.97981567e+02, 1.91744385e+02,
    2.89222076e+02, 1.90574188e+02, 2.80871979e+02, 1.89285492e+02,
    2.72749023e+02, 1.88067245e+02, 3.05323547e+02, 1.84208862e+02,
    2.96161774e+02, 1.83034729e+02, 2.87300964e+02, 1.82003159e+02,
    2.78843506e+02, 1.80847565e+02, 2.70700134e+02, 1.79793488e+02,
    3.03582031e+02, 1.75044998e+02, 2.94250916e+02, 1.74127335e+02,
    2.85408783e+02, 1.73084229e+02, 2.76790924e+02, 1.72135620e+02,
    2.68532043e+02, 1.71208939e+02, 3.01763367e+02, 1.65637558e+02,
    2.92271606e+02, 1.64886246e+02, 2.83419373e+02, 1.63909500e+02,
    2.74678192e+02, 1.63127716e+02, 2.66280121e+02, 1.62362473e+02,
    2.99867920e+02, 1.55897781e+02, 2.90289978e+02, 1.55334793e+02,
    2.81301666e+02, 1.54552414e+02, 2.72529999e+02, 1.53877579e+02,
    2.63939056e+02, 1.53267929e+02, 2.97939850e+02, 1.45841522e+02,
    2.88266449e+02, 1.45486588e+02, 2.79087067e+02, 1.44843719e+02,
    2.70236969e+02, 1.44323303e+02, 2.61581757e+02, 1.43880157e+02,
    2.95955994e+02, 1.35434830e+02, 2.86122681e+02, 1.35231995e+02,
    2.76839905e+02, 1.34816315e+02, 2.67811096e+02, 1.34485092e+02,
    2.59017670e+02, 1.34238068e+02 ]
