%YAML:1.0
points: [ 1.00462836e+03, 9.48011475e+02, 9.65720398e+02, 9.48087402e+02,
    9.27233337e+02, 9.48616028e+02, 8.89269226e+02, 9.48456116e+02,
    8.51694214e+02, 9.48750916e+02, 9.99737610e+02, 9.23349304e+02,
    9.60088684e+02, 9.23682800e+02, 9.20768066e+02, 9.24544678e+02,
    8.82225586e+02, 9.24459045e+02, 8.43980713e+02, 9.24750854e+02,
    9.94849854e+02, 8.97569824e+02, 9.54251770e+02, 8.98703735e+02,
    9.14371521e+02, 8.98856262e+02, 8.74874878e+02, 8.99365967e+02,
    8.35897339e+02, 8.99896912e+02, 9.89660400e+02, 8.70890320e+02,
    9.48157532e+02, 8.72598755e+02, 9.07559875e+02, 8.72318054e+02,
    8.67180054e+02, 8.73189514e+02, 8.27291382e+02, 8.74036987e+02,
    9.84185486e+02, 8.43217590e+02, 9.41985840e+02, 8.44966309e+02,
    9.00416809e+02, 8.45074646e+02, 8.59257080e+02, 8.45976501e+02,
    8.18544250e+02, 8.47304871e+02, 9.78636230e+02, 8.14121338e+02,
    9.35483337e+02, 8.16159973e+02, 8.92980713e+02, 8.16773438e+02,
    8.51010193e+02, 8.17686951e+02, 8.09298828e+02, 8.19311340e+02,
    9.72738220e+02, 7.83747986e+02, 9.28680115e+02, 7.86073425e+02,
    8.85086365e+02, 7.86971558e+02, 8.42048035e+02, 7.88382202e+02,
    7.99678223e+02, 7.90458862e+02 ]
