%YAML:1.0
points: [ 1.54861267e+03, 7.84417908e+02, 1.51151123e+03, 8.38108521e+02,
    1.49477344e+03, 8.62281067e+02, 1.46449402e+03, 9.06398865e+02,
    1.45105359e+03, 9.26684692e+02, 1.49101245e+03, 7.79130676e+02,
    1.47392249e+03, 8.06711914e+02, 1.44298987e+03, 8.56955933e+02,
    1.42942676e+03, 8.79188660e+02, 1.40428625e+03, 9.20254578e+02,
    1.49101245e+03, 7.79130676e+02, 1.47392249e+03, 8.06711914e+02,
    1.44298987e+03, 8.56955933e+02, 1.42942676e+03, 8.79188660e+02,
    1.40428625e+03, 9.20254578e+02, 1.43413184e+03, 7.71847412e+02,
    1.40524890e+03, 8.25167725e+02, 1.39246826e+03, 8.49194336e+02,
    1.38029431e+03, 8.72316711e+02, 1.35833093e+03, 9.14361023e+02,
    1.37822668e+03, 7.65492249e+02, 1.35338025e+03, 8.18612732e+02,
    1.34211499e+03, 8.42896423e+02, 1.32177271e+03, 8.87377502e+02,
    1.31274622e+03, 9.07649414e+02, 1.37822668e+03, 7.65492249e+02,
    1.35338025e+03, 8.18612732e+02, 1.34211499e+03, 8.42896423e+02,
    1.32177271e+03, 8.87377502e+02, 1.31274622e+03, 9.07649414e+02,
    1.32330139e+03, 7.60018005e+02, 1.30219763e+03, 8.12799194e+02,
    1.29265686e+03, 8.36785767e+02, 1.27560474e+03, 8.81052917e+02,
    1.26789282e+03, 9.01544434e+02 ]
