%YAML:1.0
points: [ 2.91611328e+02, 3.45156525e+02, 2.77957642e+02, 3.45191559e+02,
    2.64450897e+02, 3.45370911e+02, 2.51135666e+02, 3.45307922e+02,
    2.37960602e+02, 3.45406189e+02, 2.90374359e+02, 3.36637207e+02,
    2.76416229e+02, 3.36735809e+02, 2.62643616e+02, 3.37032104e+02,
    2.49078201e+02, 3.36995392e+02, 2.35620041e+02, 3.37094910e+02,
    2.89107635e+02, 3.27669525e+02, 2.74832642e+02, 3.28045288e+02,
    2.60813568e+02, 3.28074738e+02, 2.46955765e+02, 3.28274689e+02,
    2.33245941e+02, 3.28462555e+02, 2.87722504e+02, 3.18354095e+02,
    2.73171570e+02, 3.18981842e+02, 2.58868317e+02, 3.18835602e+02,
    2.44702881e+02, 3.19157776e+02, 2.30680252e+02, 3.19446808e+02,
    2.86323334e+02, 3.08698364e+02, 2.71477295e+02, 3.09332275e+02,
    2.56854279e+02, 3.09347931e+02, 2.42409729e+02, 3.09663239e+02,
    2.28117142e+02, 3.10147461e+02, 2.84823486e+02, 2.98578766e+02,
    2.69696075e+02, 2.99248535e+02, 2.54745026e+02, 2.99476044e+02,
    2.39975052e+02, 2.99779053e+02, 2.25376282e+02, 3.00353607e+02,
    2.83304596e+02, 2.87975159e+02, 2.67810516e+02, 2.88760834e+02,
    2.52539368e+02, 2.89065765e+02, 2.37410843e+02, 2.89586548e+02,
    2.22520477e+02, 2.90318237e+02 ]
