%YAML:1.0
points: [ 2.90799438e+02, 3.43661285e+02, 2.77056488e+02, 3.43617859e+02,
    2.63503967e+02, 3.43743805e+02, 2.50161484e+02, 3.43630737e+02,
    2.36942688e+02, 3.43678680e+02, 2.89589172e+02, 3.34964294e+02,
    2.75562500e+02, 3.35015900e+02, 2.61772003e+02, 3.35251251e+02,
    2.48160904e+02, 3.35167877e+02, 2.34640137e+02, 3.35176910e+02,
    2.88395020e+02, 3.25836029e+02, 2.74055786e+02, 3.26147766e+02, 260.,
    3.26104401e+02, 2.46092316e+02, 3.26259674e+02, 2.32299286e+02,
    3.26366425e+02, 2.87066315e+02, 3.16363495e+02, 2.72456696e+02,
    3.16909393e+02, 2.58119354e+02, 3.16706635e+02, 2.43915726e+02,
    3.16975769e+02, 2.29838120e+02, 3.17203979e+02, 2.85711884e+02,
    3.06537079e+02, 2.70827789e+02, 3.07080231e+02, 2.56185486e+02,
    3.07059509e+02, 2.41652206e+02, 3.07306488e+02, 2.27328018e+02,
    3.07744385e+02, 2.84343414e+02, 2.96210724e+02, 2.69133057e+02,
    2.96842712e+02, 2.54139832e+02, 2.96977783e+02, 2.39344452e+02,
    2.97249695e+02, 2.24637207e+02, 2.97743713e+02, 2.82849274e+02,
    2.85444794e+02, 2.67334167e+02, 2.86154602e+02, 2.51979996e+02,
    2.86394867e+02, 2.36792465e+02, 2.86824341e+02, 2.21865936e+02,
    2.87519501e+02 ]
