%YAML:1.0
points: [ 1.00201831e+03, 9.43619019e+02, 9.62931824e+02, 9.43541260e+02,
    9.24349243e+02, 9.43895752e+02, 8.86272461e+02, 9.43563599e+02,
    8.48445496e+02, 9.43699219e+02, 9.97345459e+02, 9.18572815e+02,
    9.57515503e+02, 9.18713562e+02, 9.18059509e+02, 9.19375977e+02,
    8.79277039e+02, 9.19148193e+02, 8.40937134e+02, 9.19255615e+02,
    9.92671570e+02, 8.92313904e+02, 9.51837402e+02, 8.93230591e+02,
    9.11825439e+02, 8.93192261e+02, 8.72192139e+02, 8.93631348e+02,
    8.33040710e+02, 8.93965271e+02, 9.87587219e+02, 8.65164734e+02,
    9.45985168e+02, 8.66664429e+02, 9.05183716e+02, 8.66220947e+02,
    8.64721497e+02, 8.66969543e+02, 8.24656738e+02, 8.67637085e+02,
    9.82374023e+02, 8.36970154e+02, 9.39988647e+02, 8.38592651e+02,
    8.98339478e+02, 8.38473267e+02, 8.56951294e+02, 8.39232910e+02,
    8.16119202e+02, 8.40405579e+02, 9.76961365e+02, 8.07405823e+02,
    9.33686523e+02, 8.09202271e+02, 8.91027771e+02, 8.09632385e+02,
    8.48921631e+02, 8.10376587e+02, 8.07052856e+02, 8.11858398e+02,
    9.71302979e+02, 7.76549500e+02, 9.27139954e+02, 7.78628784e+02,
    8.83369690e+02, 7.79367188e+02, 8.40165894e+02, 7.80617920e+02,
    7.97660706e+02, 7.82371582e+02 ]
