%YAML:1.0
points: [ 1.15837268e+03, 6.98339722e+02, 1.15288782e+03, 7.45499512e+02,
    1.15056055e+03, 7.66869446e+02, 1.14587354e+03, 8.06124634e+02,
    1.14388843e+03, 8.24203491e+02, 1.11663831e+03, 6.77012024e+02,
    1.11526685e+03, 7.01479736e+02, 1.11228174e+03, 7.46093201e+02,
    1.11062634e+03, 7.84971069e+02, 1.10977478e+03, 8.03380432e+02,
    1.11663831e+03, 6.77012024e+02, 1.11526685e+03, 7.01479736e+02,
    1.11228174e+03, 7.46093201e+02, 1.11142786e+03, 7.66101868e+02,
    1.10977478e+03, 8.03380432e+02, 1.07703223e+03, 6.54875122e+02,
    1.07704675e+03, 7.02579590e+02, 1.07700732e+03, 7.24264465e+02,
    1.07624316e+03, 7.64986572e+02, 1.07650525e+03, 7.83459656e+02,
    1.03849951e+03, 6.34088013e+02, 1.04109021e+03, 6.82130676e+02,
    1.04210107e+03, 7.04313965e+02, 1.04306543e+03, 7.25284119e+02,
    1.04470227e+03, 7.63627686e+02, 1.03849951e+03, 6.34088013e+02,
    1.04109021e+03, 6.82130676e+02, 1.04210107e+03, 7.04313965e+02,
    1.04182495e+03, 7.46221619e+02, 1.04470227e+03, 7.63627686e+02,
    1.00152924e+03, 6.14851196e+02, 1.00635016e+03, 6.63021057e+02,
    1.00827448e+03, 6.85010071e+02, 1.01210876e+03, 7.25898560e+02,
    1.01360669e+03, 7.44827698e+02 ]
