%YAML:1.0
points: [ 3.42538696e+02, 1.98188538e+02, 3.31273224e+02, 1.97256577e+02,
    3.20296722e+02, 1.96417847e+02, 3.09563293e+02, 1.95433441e+02,
    2.99122009e+02, 1.94555908e+02, 3.42551025e+02, 1.88955765e+02,
    3.31113953e+02, 1.88108490e+02, 3.19918976e+02, 1.87409775e+02,
    3.09033447e+02, 1.86511185e+02, 2.98384552e+02, 1.85674850e+02,
    3.42599152e+02, 1.79368073e+02, 3.30935608e+02, 1.78718781e+02,
    3.19546204e+02, 1.77891251e+02, 3.08459290e+02, 1.77212173e+02,
    2.97622375e+02, 1.76498489e+02, 3.42649750e+02, 1.69398102e+02,
    3.30712555e+02, 1.68959305e+02, 3.19222595e+02, 1.68132507e+02,
    3.07901886e+02, 1.67584549e+02, 2.96854004e+02, 1.66953552e+02,
    3.42691925e+02, 1.59123703e+02, 3.30566620e+02, 1.58761856e+02,
    3.18809387e+02, 1.58091293e+02, 3.07291565e+02, 1.57579697e+02,
    2.96049103e+02, 1.57125412e+02, 3.42763245e+02, 1.48377487e+02,
    3.30407837e+02, 1.48133133e+02, 3.18411591e+02, 1.47653580e+02,
    3.06708282e+02, 1.47217590e+02, 2.95238037e+02, 1.46885193e+02,
    3.42814758e+02, 1.37215302e+02, 3.30239502e+02, 1.37094452e+02,
    3.17982727e+02, 1.36720413e+02, 3.06007538e+02, 1.36447388e+02,
    2.94330261e+02, 1.36294556e+02 ]
