%YAML:1.0
points: [ 2.68028534e+02, 3.35352661e+02, 2.55136032e+02, 3.34757721e+02,
    2.42429886e+02, 3.34318756e+02, 2.30014908e+02, 3.33665710e+02,
    2.17713730e+02, 3.33193451e+02, 2.66043945e+02, 3.26656860e+02,
    2.52897110e+02, 3.26176361e+02, 2.39981857e+02, 3.25853668e+02,
    2.27325607e+02, 3.25231628e+02, 2.14871307e+02, 3.24760040e+02,
    2.64014465e+02, 3.17592499e+02, 2.50544937e+02, 3.17353119e+02,
    2.37453903e+02, 3.16829163e+02, 2.24581970e+02, 3.16467407e+02,
    2.11918823e+02, 3.16078491e+02, 2.61857147e+02, 3.08202820e+02,
    2.48141632e+02, 3.08215973e+02, 2.34872787e+02, 3.07546295e+02,
    2.21713837e+02, 3.07311829e+02, 2.08779861e+02, 3.07047058e+02,
    2.59585876e+02, 2.98468079e+02, 2.45676102e+02, 2.98516602e+02,
    2.32144669e+02, 2.98020264e+02, 2.18749664e+02, 2.97795837e+02,
    2.05539658e+02, 2.97731140e+02, 2.57278748e+02, 2.88322784e+02,
    2.43141251e+02, 2.88450073e+02, 2.29273331e+02, 2.88137878e+02,
    2.15627319e+02, 2.87937653e+02, 2.02145035e+02, 2.87962708e+02,
    2.54845032e+02, 2.77731018e+02, 2.40420425e+02, 2.77993561e+02,
    2.26280685e+02, 2.77784149e+02, 2.12312286e+02, 2.77789703e+02,
    1.98609497e+02, 2.77969635e+02 ]
