%YAML:1.0
points: [ 1.05232141e+03, 7.47669800e+02, 1.02174115e+03, 7.18085876e+02,
    9.91342041e+02, 6.89255432e+02, 9.61954834e+02, 6.60390198e+02,
    9.32767700e+02, 6.32360779e+02, 1.06901758e+03, 7.29350586e+02,
    1.03737988e+03, 6.99158508e+02, 1.00580627e+03, 6.69626343e+02,
    9.75499451e+02, 6.40071838e+02, 9.45377991e+02, 6.11160034e+02,
    1.08705383e+03, 7.10034180e+02, 1.05374768e+03, 6.79321106e+02,
    1.02177307e+03, 6.48486511e+02, 9.90043213e+02, 6.18490967e+02,
    9.58817627e+02, 5.88941650e+02, 1.10615186e+03, 6.89476135e+02,
    1.07119238e+03, 6.58225281e+02, 1.03854749e+03, 6.26121826e+02,
    1.00546851e+03, 5.95381714e+02, 9.72868225e+02, 5.65088135e+02,
    1.12648889e+03, 6.67617676e+02, 1.09032642e+03, 6.35476746e+02,
    1.05616174e+03, 6.02590759e+02, 1.02190594e+03, 5.70800293e+02,
    9.87952087e+02, 5.40056885e+02, 1.14836670e+03, 6.44104614e+02,
    1.11079419e+03, 6.10981323e+02, 1.07491492e+03, 5.77482971e+02,
    1.03951135e+03, 5.44731201e+02, 1.00408783e+03, 5.13049988e+02,
    1.17186584e+03, 6.18843140e+02, 1.13264160e+03, 5.84891418e+02,
    1.09515112e+03, 5.50275024e+02, 1.05788025e+03, 5.16836670e+02,
    1.02108734e+03, 4.84522766e+02 ]
