%YAML:1.0
points: [ 9.38721924e+02, 9.19763367e+02, 9.02218140e+02, 9.18079163e+02,
    8.66128967e+02, 9.16795166e+02, 8.30928467e+02, 9.15022156e+02,
    7.96047546e+02, 9.13608948e+02, 9.31891296e+02, 8.94755249e+02,
    8.94620178e+02, 8.93381348e+02, 8.57994507e+02, 8.92440430e+02,
    8.22142822e+02, 8.90657288e+02, 7.86896057e+02, 8.89319519e+02,
    9.24933594e+02, 8.68740967e+02, 8.86896179e+02, 8.68069336e+02,
    8.49782776e+02, 8.66547607e+02, 8.13268372e+02, 8.65473999e+02,
    7.77282837e+02, 8.64288513e+02, 9.17651978e+02, 8.41734253e+02,
    8.78747131e+02, 8.41802246e+02, 8.41088013e+02, 8.39915222e+02,
    8.03874329e+02, 8.39192749e+02, 7.67153015e+02, 8.38412109e+02,
    9.09977600e+02, 8.13893799e+02, 8.70565430e+02, 8.13972595e+02,
    8.32042969e+02, 8.12585754e+02, 7.94112671e+02, 8.11920959e+02,
    7.56738098e+02, 8.11633972e+02, 9.01970276e+02, 7.84846375e+02,
    8.61935730e+02, 7.85140503e+02, 8.22642395e+02, 7.84185669e+02,
    7.83986877e+02, 7.83652466e+02, 7.45883545e+02, 7.83706604e+02,
    8.93721436e+02, 7.54460022e+02, 8.52753967e+02, 7.55195984e+02,
    8.12699036e+02, 7.54543945e+02, 7.73178833e+02, 7.54501770e+02,
    7.34474976e+02, 7.55001831e+02 ]
