%YAML:1.0
points: [ 3.22803955e+02, 1.38549774e+02, 3.12475952e+02, 1.41303375e+02,
    3.02427063e+02, 1.43956207e+02, 2.92775055e+02, 1.46490814e+02,
    2.83306305e+02, 1.48998901e+02, 3.20583038e+02, 1.27635338e+02,
    3.10275330e+02, 1.30554779e+02, 3.00217590e+02, 1.33377090e+02,
    2.90553497e+02, 1.36104889e+02, 2.81129669e+02, 1.38732391e+02,
    3.18375061e+02, 1.16687080e+02, 3.08033600e+02, 1.19747902e+02,
    2.98079010e+02, 1.22752357e+02, 2.88317108e+02, 1.25618896e+02,
    2.78918793e+02, 1.28421371e+02, 3.16161560e+02, 1.05664207e+02,
    3.05716736e+02, 1.08882675e+02, 2.95887726e+02, 1.12050476e+02,
    2.86130890e+02, 1.15098671e+02, 2.76707611e+02, 1.18063423e+02,
    3.13924072e+02, 9.45611801e+01, 3.03475952e+02, 9.79421616e+01,
    2.93599426e+02, 1.01299629e+02, 2.83939331e+02, 1.04497284e+02,
    2.74442078e+02, 1.07567955e+02, 3.11639343e+02, 8.34252014e+01,
    3.01247406e+02, 8.69638824e+01, 2.91318207e+02, 9.04631958e+01,
    2.81660278e+02, 9.38179016e+01, 2.72195221e+02, 9.71071930e+01,
    3.09352417e+02, 7.22315521e+01, 2.99005096e+02, 7.59017868e+01,
    2.89065002e+02, 7.95609207e+01, 2.79347382e+02, 8.30807114e+01,
    2.69850647e+02, 8.64954987e+01 ]
