%YAML:1.0
points: [ 3.57889435e+02, 2.16169540e+02, 3.46831238e+02, 2.15849823e+02,
    3.36035461e+02, 2.15671112e+02, 3.25447632e+02, 2.15354935e+02,
    3.15077789e+02, 2.15067047e+02, 3.57668335e+02, 2.06961105e+02,
    3.46469299e+02, 2.06779221e+02, 3.35514557e+02, 2.06700012e+02,
    3.24825409e+02, 2.06457321e+02, 3.14299683e+02, 2.06277298e+02,
    3.57464325e+02, 1.97528778e+02, 3.46117645e+02, 1.97550934e+02,
    3.35033966e+02, 1.97412689e+02, 3.24168213e+02, 1.97344955e+02,
    3.13514191e+02, 1.97267746e+02, 3.57281616e+02, 1.87822083e+02,
    3.45740326e+02, 1.88007797e+02, 3.34528290e+02, 1.87876404e+02,
    3.23475739e+02, 1.87939041e+02, 3.12704590e+02, 1.87967545e+02,
    3.57095947e+02, 1.77840012e+02, 3.45400543e+02, 1.78111862e+02,
    3.34025787e+02, 1.78140198e+02, 3.22834778e+02, 1.78261444e+02,
    3.11882202e+02, 1.78446136e+02, 3.56936218e+02, 1.67510483e+02,
    3.45067993e+02, 1.67938232e+02, 3.33467438e+02, 1.68107819e+02,
    3.22144989e+02, 1.68305695e+02, 3.11053680e+02, 1.68612762e+02,
    3.56752350e+02, 1.56943863e+02, 3.44717041e+02, 1.57414597e+02,
    3.32951324e+02, 1.57733383e+02, 3.21412811e+02, 1.58115326e+02,
    3.10148987e+02, 1.58542084e+02 ]
