%YAML:1.0
points: [ 2.50386078e+02, 3.27726593e+02, 2.38347610e+02, 3.26734985e+02,
    2.26515778e+02, 3.25908630e+02, 2.14989944e+02, 3.24890961e+02,
    2.03659897e+02, 3.24046722e+02, 2.47811188e+02, 3.19099701e+02,
    2.35545898e+02, 3.18203033e+02, 2.23569092e+02, 3.17517456e+02,
    2.11868164e+02, 3.16547363e+02, 2.00453217e+02, 3.15739502e+02,
    2.45167191e+02, 3.10104980e+02, 2.32666840e+02, 3.09489868e+02,
    2.20579453e+02, 3.08601013e+02, 2.08669403e+02, 3.07884216e+02,
    1.97015945e+02, 3.07158508e+02, 2.42382568e+02, 3.00814636e+02,
    2.29683731e+02, 3.00437744e+02, 2.17466370e+02, 2.99460571e+02,
    2.05352371e+02, 2.98867493e+02, 1.93478088e+02, 2.98258667e+02,
    2.39535461e+02, 2.91213989e+02, 2.26653671e+02, 2.90923523e+02,
    2.14168610e+02, 2.90098267e+02, 2.01871948e+02, 2.89545654e+02,
    1.89794785e+02, 2.89125214e+02, 2.36591080e+02, 2.81246674e+02,
    2.23483307e+02, 2.81014008e+02, 2.10780716e+02, 2.80451782e+02,
    1.98257309e+02, 2.79906433e+02, 1.85971039e+02, 2.79593414e+02,
    2.33488586e+02, 2.70841461e+02, 2.20165695e+02, 2.70775177e+02,
    2.07208191e+02, 2.70285980e+02, 1.94435623e+02, 2.69973877e+02,
    1.81938156e+02, 2.69836243e+02 ]
