%YAML:1.0
points: [ 1.15856506e+03, 4.27092255e+02, 1.11309399e+03, 4.20558014e+02,
    1.06987439e+03, 4.14388824e+02, 1.02967175e+03, 4.08463074e+02,
    9.91151978e+02, 4.02887634e+02, 1.16320142e+03, 3.74155060e+02,
    1.11671863e+03, 3.69031219e+02, 1.07287097e+03, 3.64480652e+02,
    1.03204541e+03, 3.59832977e+02, 9.93107117e+02, 3.55420288e+02,
    1.16801196e+03, 3.19498810e+02, 1.12034937e+03, 3.16069275e+02,
    1.07626709e+03, 3.12727600e+02, 1.03458191e+03, 3.09669922e+02,
    9.94888367e+02, 3.06636688e+02, 1.17290125e+03, 2.63135071e+02,
    1.12419348e+03, 2.61509918e+02, 1.07965039e+03, 2.59627838e+02,
    1.03704785e+03, 2.58056213e+02, 9.96745300e+02, 2.56526947e+02,
    1.17794861e+03, 2.04972977e+02, 1.12849414e+03, 2.04995880e+02,
    1.08300549e+03, 2.04981842e+02, 1.03970312e+03, 2.04931671e+02,
    9.98604736e+02, 2.04809631e+02, 1.18334961e+03, 1.44768066e+02,
    1.13298584e+03, 1.46583755e+02, 1.08639221e+03, 1.48432800e+02,
    1.04237476e+03, 1.50033905e+02, 1.00061023e+03, 1.51570694e+02,
    1.18891113e+03, 8.24660492e+01, 1.13748572e+03, 8.62596283e+01,
    1.08995227e+03, 9.00581360e+01, 1.04484595e+03, 9.34918594e+01,
    1.00226880e+03, 9.64118729e+01 ]
