%YAML:1.0
points: [ 8.89915039e+02, 8.97834900e+02, 8.55954590e+02, 8.94998047e+02,
    8.22534302e+02, 8.92643188e+02, 7.90064575e+02, 8.89714417e+02,
    7.58018555e+02, 8.87266479e+02, 8.81562744e+02, 8.73030701e+02,
    8.46958191e+02, 8.70471802e+02, 8.13091492e+02, 8.68478821e+02,
    7.80170898e+02, 8.65718201e+02, 7.47731995e+02, 8.63270569e+02,
    8.72997131e+02, 8.47209656e+02, 8.37667053e+02, 8.45486328e+02,
    8.03483337e+02, 8.42878967e+02, 7.70001953e+02, 8.40851196e+02,
    7.37048096e+02, 8.38650269e+02, 8.64062622e+02, 8.20619141e+02,
    8.28069214e+02, 8.19571472e+02, 7.93521851e+02, 8.16652283e+02,
    7.59377808e+02, 8.14968445e+02, 7.25788452e+02, 8.13193542e+02,
    8.54764648e+02, 7.93084351e+02, 8.18313965e+02, 7.92201477e+02,
    7.83090332e+02, 7.89788086e+02, 7.48344299e+02, 7.88134460e+02,
    7.14334167e+02, 7.86920227e+02, 8.45064636e+02, 7.64501038e+02,
    8.08161865e+02, 7.63754761e+02, 7.72155518e+02, 7.61997437e+02,
    7.36894348e+02, 7.60463379e+02, 7.02245667e+02, 7.59586609e+02,
    8.34959717e+02, 7.34770203e+02, 7.97371948e+02, 7.34402527e+02,
    7.60807190e+02, 7.32911621e+02, 7.24727722e+02, 7.32003113e+02,
    6.89628052e+02, 7.31566467e+02 ]
