%YAML:1.0
points: [ 1.73693372e+03, 5.59846619e+02, 1.68740918e+03, 5.56886169e+02,
    1.63749780e+03, 5.54214844e+02, 1.58621680e+03, 5.50952393e+02,
    1.53462659e+03, 5.47965271e+02, 1.75776990e+03, 5.09070435e+02,
    1.70793848e+03, 5.05854828e+02, 1.65707495e+03, 5.02666321e+02,
    1.60472778e+03, 4.99120605e+02, 1.55222656e+03, 4.95765625e+02,
    1.77939441e+03, 4.56370148e+02, 1.72944299e+03, 4.52807220e+02,
    1.67712866e+03, 4.48939575e+02, 1.62424988e+03, 4.45138947e+02,
    1.57083362e+03, 4.41473511e+02, 1.80206299e+03, 4.01499695e+02,
    1.75166028e+03, 3.97541779e+02, 1.69810266e+03, 3.93060638e+02,
    1.64462329e+03, 3.88815094e+02, 1.59051294e+03, 3.84625153e+02,
    1.82562939e+03, 3.44474548e+02, 1.77434802e+03, 3.39887146e+02,
    1.72018433e+03, 3.34896912e+02, 1.66589783e+03, 3.30128326e+02,
    1.61097058e+03, 3.25510406e+02, 1.84988184e+03, 2.84980621e+02,
    1.79784180e+03, 2.79776459e+02, 1.74333337e+03, 2.74246521e+02,
    1.68812903e+03, 2.68885315e+02, 1.63238708e+03, 2.63429169e+02,
    1.87488196e+03, 2.23066376e+02, 1.82235535e+03, 2.17131226e+02,
    1.76734277e+03, 2.10837891e+02, 1.71180261e+03, 2.04755219e+02,
    1.65512463e+03, 1.98893066e+02 ]
