%YAML:1.0
points: [ 8.75018982e+02, 8.71715576e+02, 8.40657471e+02, 8.68142639e+02,
    8.06748108e+02, 8.64961121e+02, 7.73829956e+02, 8.61379578e+02,
    7.41292786e+02, 8.58148376e+02, 8.67692627e+02, 8.45354736e+02,
    8.32648071e+02, 8.42044250e+02, 7.98247314e+02, 8.39271790e+02,
    7.64962891e+02, 8.35846008e+02, 7.32000793e+02, 8.32624573e+02,
    8.60218018e+02, 8.17955200e+02, 8.24337280e+02, 8.15399109e+02,
    7.89787292e+02, 8.12113037e+02, 7.55730713e+02, 8.09299927e+02,
    7.22332581e+02, 8.06404602e+02, 8.52373535e+02, 7.89610291e+02,
    8.15831055e+02, 7.87771301e+02, 7.80806763e+02, 7.84166809e+02,
    7.46152771e+02, 7.81729919e+02, 7.12108093e+02, 7.79264465e+02,
    8.44101746e+02, 7.60473755e+02, 8.07222717e+02, 7.58700134e+02,
    7.71458984e+02, 7.55649231e+02, 7.36251221e+02, 7.53276672e+02,
    7.01665039e+02, 7.51274048e+02, 8.35624573e+02, 7.30152710e+02,
    7.98134338e+02, 7.28630310e+02, 7.61768311e+02, 7.25989563e+02,
    7.25931274e+02, 7.23804565e+02, 6.90779907e+02, 7.22250488e+02,
    8.26778870e+02, 6.98500000e+02, 7.88607361e+02, 6.97496582e+02,
    7.51464050e+02, 6.95238770e+02, 7.15017700e+02, 6.93403320e+02,
    6.79203247e+02, 6.92289978e+02 ]
