%YAML:1.0
points: [ 3.33905151e+02, 2.12850143e+02, 3.24006836e+02, 2.12162842e+02,
    3.14359833e+02, 2.11590851e+02, 3.05095093e+02, 2.10873291e+02,
    2.96056244e+02, 2.10240875e+02, 3.32741791e+02, 2.03846237e+02,
    3.22722504e+02, 2.03303909e+02, 3.12984344e+02, 2.02824142e+02,
    3.03635559e+02, 2.02259613e+02, 2.94533020e+02, 2.01727219e+02,
    3.31561646e+02, 1.94607239e+02, 3.21390839e+02, 1.94264297e+02,
    3.11652924e+02, 1.93796921e+02, 3.02106506e+02, 1.93416275e+02,
    2.92918427e+02, 1.92987488e+02, 3.30350281e+02, 1.85107498e+02,
    3.20025146e+02, 1.84987396e+02, 3.10247742e+02, 1.84595963e+02,
    3.00610077e+02, 1.84354385e+02, 2.91276520e+02, 1.84066666e+02,
    3.29120605e+02, 1.75397675e+02, 3.18702789e+02, 1.75427277e+02,
    3.08775146e+02, 1.75166199e+02, 2.99042786e+02, 1.75052582e+02,
    2.89616547e+02, 1.74987549e+02, 3.27883179e+02, 1.65431198e+02,
    3.17318634e+02, 1.65567886e+02, 3.07244904e+02, 1.65563049e+02,
    2.97479950e+02, 1.65557419e+02, 2.87880768e+02, 1.65600433e+02,
    3.26556335e+02, 1.55157944e+02, 3.15914490e+02, 1.55476395e+02,
    3.05699188e+02, 1.55605988e+02, 2.95790100e+02, 1.55797165e+02,
    2.86061890e+02, 1.56012726e+02 ]
