%YAML:1.0
points: [ 2.45433212e+02, 3.18606232e+02, 2.33215897e+02, 3.17355377e+02,
    2.21256393e+02, 3.16296021e+02, 2.09601242e+02, 3.15033875e+02,
    1.98098633e+02, 3.13925507e+02, 2.43209244e+02, 3.09441681e+02,
    2.30804626e+02, 3.08275238e+02, 2.18657059e+02, 3.07332947e+02,
    2.06808380e+02, 3.06138092e+02, 1.95186951e+02, 3.05039917e+02,
    2.40935135e+02, 2.99869995e+02, 2.28284073e+02, 2.99006409e+02,
    2.16005325e+02, 2.97852448e+02, 2.03938232e+02, 2.96901642e+02,
    1.92134842e+02, 2.95930542e+02, 2.38557846e+02, 2.90009491e+02,
    2.25690826e+02, 2.89390015e+02, 2.13274857e+02, 2.88144470e+02,
    2.00966324e+02, 2.87307556e+02, 1.88910736e+02, 2.86455841e+02,
    2.36092773e+02, 2.79846741e+02, 2.23024796e+02, 2.79257324e+02,
    2.10391312e+02, 2.78216095e+02, 1.97904022e+02, 2.77400177e+02,
    1.85646561e+02, 2.76743347e+02, 2.33581787e+02, 2.69272003e+02,
    2.20257095e+02, 2.68764496e+02, 2.07367584e+02, 2.67901581e+02,
    1.94719070e+02, 2.67153137e+02, 1.82214371e+02, 2.66598846e+02,
    2.30927094e+02, 2.58261780e+02, 2.17358047e+02, 2.57887817e+02,
    2.04225052e+02, 2.57160492e+02, 1.91265045e+02, 2.56559052e+02,
    1.78596405e+02, 2.56190155e+02 ]
