%YAML:1.0
points: [ 1.09335583e+03, 5.36185913e+02, 1.04876904e+03, 5.33402222e+02,
    1.00489532e+03, 5.30988586e+02, 9.62096619e+02, 5.28124817e+02,
    9.20016235e+02, 5.25682495e+02, 1.09386536e+03, 4.94478333e+02,
    1.04837048e+03, 4.92171844e+02, 1.00369135e+03, 4.90153748e+02,
    9.60158569e+02, 4.87756592e+02, 9.17381104e+02, 4.85442566e+02,
    1.09443933e+03, 4.51198181e+02, 1.04791687e+03, 4.49560791e+02,
    1.00260345e+03, 4.47489044e+02, 9.58219177e+02, 4.45663696e+02,
    9.14595703e+02, 4.43888092e+02, 1.09499060e+03, 4.06338623e+02,
    1.04748779e+03, 4.05298340e+02, 1.00145514e+03, 4.03381317e+02,
    9.56138123e+02, 4.02072632e+02, 9.11721741e+02, 4.00759430e+02,
    1.09556482e+03, 3.59678894e+02, 1.04721448e+03, 3.59087860e+02,
    1.00019733e+03, 3.57761047e+02, 9.54002502e+02, 3.56811920e+02,
    9.08684143e+02, 3.56027313e+02, 1.09627222e+03, 3.10955811e+02,
    1.04693298e+03, 3.10841644e+02, 9.98851318e+02, 3.10262238e+02,
    9.51787964e+02, 3.09696594e+02, 9.05612915e+02, 3.09394135e+02,
    1.09706055e+03, 2.60064545e+02, 1.04660327e+03, 2.60557648e+02,
    9.97448730e+02, 2.60555847e+02, 9.49317017e+02, 2.60720001e+02,
    9.02152710e+02, 2.60961639e+02 ]
