%YAML:1.0
points: [ 8.53657532e+02, 8.27602905e+02, 8.18632324e+02, 8.22827515e+02,
    7.84127319e+02, 8.18440063e+02, 7.50499878e+02, 8.13573853e+02,
    7.17426941e+02, 8.09216980e+02, 8.48035706e+02, 7.98873047e+02,
    8.12417786e+02, 7.94327026e+02, 7.77357727e+02, 7.90345947e+02,
    7.43340698e+02, 7.85671326e+02, 7.09774597e+02, 7.81298767e+02,
    8.42383667e+02, 7.69046143e+02, 8.05878784e+02, 7.65208313e+02,
    7.70554749e+02, 7.60693542e+02, 7.35876099e+02, 7.56641785e+02,
    7.01752136e+02, 7.52613403e+02, 8.36319214e+02, 7.38391602e+02,
    7.99128296e+02, 7.35024597e+02, 7.63502686e+02, 7.30290039e+02,
    7.28136169e+02, 7.26682617e+02, 6.93401306e+02, 7.22994812e+02,
    8.30112488e+02, 7.06599365e+02, 7.92371765e+02, 7.03586792e+02,
    7.56028687e+02, 6.99188538e+02, 7.20177795e+02, 6.95528076e+02,
    6.84744507e+02, 6.92334045e+02, 8.23648132e+02, 6.73573303e+02,
    7.85344788e+02, 6.70698181e+02, 7.48116150e+02, 6.67013977e+02,
    7.11715576e+02, 6.63488464e+02, 6.75850159e+02, 6.60512939e+02,
    8.16851440e+02, 6.39232300e+02, 7.77923706e+02, 6.36755371e+02,
    7.40103699e+02, 6.33369690e+02, 7.02733154e+02, 6.30444946e+02,
    6.66233093e+02, 6.27980896e+02 ]
