%YAML:1.0
points: [ 3.59545410e+02, 1.89196671e+02, 3.52354340e+02, 1.95619766e+02,
    3.45398438e+02, 2.01820648e+02, 3.38877777e+02, 2.07699432e+02,
    3.32530304e+02, 2.13343307e+02, 3.51049774e+02, 1.81786362e+02,
    3.44033997e+02, 1.88381210e+02, 3.37281128e+02, 1.94745972e+02,
    3.30915253e+02, 2.00737427e+02, 3.24779694e+02, 2.06533386e+02,
    3.42578491e+02, 1.74381088e+02, 3.35702393e+02, 1.81211761e+02,
    3.29251495e+02, 1.87618973e+02, 3.22977600e+02, 1.93786942e+02,
    3.17015594e+02, 1.99715302e+02, 3.34152893e+02, 1.67059265e+02,
    3.27412140e+02, 1.74084259e+02, 3.21196869e+02, 1.80529449e+02,
    3.15102753e+02, 1.86867432e+02, 3.09268494e+02, 1.92937073e+02,
    3.25750305e+02, 1.59745575e+02, 3.19216309e+02, 1.66888763e+02,
    3.13157532e+02, 1.73532181e+02, 3.07258087e+02, 1.79950867e+02,
    3.01574188e+02, 1.86215820e+02, 3.17378540e+02, 1.52406738e+02,
    3.11072052e+02, 1.59740509e+02, 3.05140472e+02, 1.66560089e+02,
    2.99418945e+02, 1.73089493e+02, 2.93880890e+02, 1.79482758e+02,
    3.09076721e+02, 1.45161270e+02, 3.02903534e+02, 1.52595551e+02,
    2.97164673e+02, 1.59577286e+02, 2.91598785e+02, 1.66317642e+02,
    2.86152771e+02, 1.72805115e+02 ]
