%YAML:1.0
points: [ 2.38355545e+02, 3.03245636e+02, 2.25929016e+02, 3.01577515e+02,
    2.13732849e+02, 3.00052032e+02, 2.01852432e+02, 2.98401978e+02,
    1.90140930e+02, 2.96893311e+02, 2.36736984e+02, 2.93244568e+02,
    2.24122162e+02, 2.91661865e+02, 2.11720261e+02, 2.90274811e+02,
    1.99684128e+02, 2.88673553e+02, 1.87788177e+02, 2.87173553e+02,
    2.35090591e+02, 2.82828522e+02, 2.22214020e+02, 2.81530182e+02,
    2.09714661e+02, 2.79961945e+02, 1.97436234e+02, 2.78601044e+02,
    1.85360535e+02, 2.77220947e+02, 2.33397659e+02, 2.72125763e+02,
    2.20229004e+02, 2.71022217e+02, 2.07629745e+02, 2.69392639e+02,
    1.95095932e+02, 2.68142273e+02, 1.82765442e+02, 2.66859894e+02,
    2.31619568e+02, 2.61078094e+02, 2.18262070e+02, 2.60031494e+02,
    2.05405060e+02, 2.58552185e+02, 1.92665649e+02, 2.57311188e+02,
    1.80133530e+02, 2.56217407e+02, 2.29781555e+02, 2.49562378e+02,
    2.16202698e+02, 2.48618912e+02, 2.03039597e+02, 2.47321930e+02,
    1.90120300e+02, 2.46151291e+02, 1.77385742e+02, 2.45176865e+02,
    2.27873291e+02, 2.37662231e+02, 2.14026321e+02, 2.36811752e+02,
    2.00626221e+02, 2.35634720e+02, 1.87411942e+02, 2.34616791e+02,
    1.74435608e+02, 2.33784500e+02 ]
