%YAML:1.0
points: [ 3.01949188e+02, 1.85135803e+02, 2.95456024e+02, 1.88451416e+02,
    2.89157013e+02, 1.91702057e+02, 2.83357666e+02, 1.94628754e+02,
    2.77704559e+02, 1.97499161e+02, 2.97321594e+02, 1.75692932e+02,
    2.90937744e+02, 1.79230225e+02, 2.84724579e+02, 1.82638000e+02,
    2.79002075e+02, 1.85787979e+02, 2.73454742e+02, 1.88801483e+02,
    2.92722778e+02, 1.66151428e+02, 2.86288116e+02, 1.69971970e+02,
    2.80389557e+02, 1.73478729e+02, 2.74615631e+02, 1.76910065e+02,
    2.69217865e+02, 1.80153793e+02, 2.88103973e+02, 1.56662781e+02,
    2.81650940e+02, 1.60720993e+02, 2.76050598e+02, 1.64405701e+02,
    2.70351379e+02, 1.68074814e+02, 2.64969696e+02, 1.71519180e+02,
    2.83440613e+02, 1.47160995e+02, 2.77158081e+02, 1.51441650e+02,
    2.71563568e+02, 1.55363861e+02, 2.66056580e+02, 1.59164810e+02,
    2.60658325e+02, 1.62870453e+02, 2.78830414e+02, 1.37679596e+02,
    2.72654572e+02, 1.42155228e+02, 2.67093811e+02, 1.46328751e+02,
    2.61707703e+02, 1.50307968e+02, 2.56391357e+02, 1.54186707e+02,
    2.74180695e+02, 1.28155655e+02, 2.68137115e+02, 1.32832062e+02,
    2.62619202e+02, 1.37248398e+02, 2.57266083e+02, 1.41447815e+02,
    2.52027023e+02, 1.45514175e+02 ]
