%YAML:1.0
points: [ 1.22283545e+03, 4.36407196e+02, 1.18421155e+03, 4.65034332e+02,
    1.14729932e+03, 4.92653107e+02, 1.11199426e+03, 5.18670776e+02,
    1.07814075e+03, 5.43864563e+02, 1.19143530e+03, 4.00669342e+02,
    1.15321375e+03, 4.30330627e+02, 1.11670508e+03, 4.58953094e+02,
    1.08183972e+03, 4.85822266e+02, 1.04833899e+03, 5.11776276e+02,
    1.15959656e+03, 3.64366455e+02, 1.12175818e+03, 3.95269135e+02,
    1.08571179e+03, 4.24355591e+02, 1.05121777e+03, 4.52415771e+02,
    1.01805359e+03, 4.79315796e+02, 1.12732410e+03, 3.27454712e+02,
    1.08982141e+03, 3.59628876e+02, 1.05430164e+03, 3.89512115e+02,
    1.02016681e+03, 4.18537872e+02, 9.87318848e+02, 4.46388336e+02,
    1.09455005e+03, 2.90004120e+02, 1.05751135e+03, 3.23134125e+02,
    1.02240283e+03, 3.54242828e+02, 9.88676636e+02, 3.84162903e+02,
    9.56198914e+02, 4.13086670e+02, 1.06124695e+03, 2.51811508e+02,
    1.02462305e+03, 2.86029053e+02, 9.89954407e+02, 3.18347961e+02,
    9.56640808e+02, 3.49318542e+02, 9.24599304e+02, 3.79104431e+02,
    1.02737683e+03, 2.12861603e+02, 9.91149658e+02, 2.48280548e+02,
    9.56949768e+02, 2.81755676e+02, 9.23985718e+02, 3.13948792e+02,
    8.92310730e+02, 3.44839355e+02 ]
