%YAML:1.0
points: [ 2.32788101e+02, 2.88334595e+02, 2.20226837e+02, 2.86243744e+02,
    2.07826889e+02, 2.84329620e+02, 1.95774841e+02, 2.82272552e+02,
    1.83849228e+02, 2.80362610e+02, 2.31778229e+02, 2.77610229e+02,
    2.18965347e+02, 2.75606476e+02, 2.06411011e+02, 2.73817688e+02,
    1.94178696e+02, 2.71821045e+02, 1.82107956e+02, 2.69949402e+02,
    2.30781906e+02, 2.66488434e+02, 2.17676895e+02, 2.64742676e+02,
    2.05008102e+02, 2.62792969e+02, 1.92541016e+02, 2.61025940e+02,
    1.80280624e+02, 2.59225128e+02, 2.29703766e+02, 2.55061523e+02,
    2.16303329e+02, 2.53467560e+02, 2.03547516e+02, 2.51470856e+02,
    1.90797318e+02, 2.49792282e+02, 1.78311249e+02, 2.48134354e+02,
    2.28561142e+02, 2.43216263e+02, 2.15003113e+02, 2.41723007e+02,
    2.01938354e+02, 2.39871948e+02, 1.89000809e+02, 2.38205139e+02,
    1.76306580e+02, 2.36702484e+02, 2.27390930e+02, 2.30957169e+02,
    2.13637436e+02, 2.29574005e+02, 2.00282440e+02, 2.27841797e+02,
    1.87137665e+02, 2.26254684e+02, 1.74183044e+02, 2.24837845e+02,
    2.26191040e+02, 2.18223907e+02, 2.12128098e+02, 2.16896927e+02,
    1.98557663e+02, 2.15310272e+02, 1.85089767e+02, 2.13872787e+02,
    1.71905594e+02, 2.12637955e+02 ]
