%YAML:1.0
points: [ 8.36711609e+02, 7.84795593e+02, 8.01187134e+02, 7.78787415e+02,
    7.66153259e+02, 7.73213074e+02, 7.32088867e+02, 7.67259277e+02,
    6.98428650e+02, 7.61704956e+02, 8.32817383e+02, 7.54003479e+02,
    7.96680725e+02, 7.48232666e+02, 7.61084045e+02, 7.43089233e+02,
    7.26562683e+02, 7.37273376e+02, 6.92469421e+02, 7.31788086e+02,
    8.28872192e+02, 7.22258789e+02, 7.91897278e+02, 7.17059387e+02,
    7.56124756e+02, 7.11291565e+02, 7.20876709e+02, 7.06206177e+02,
    6.86228943e+02, 7.01031250e+02, 8.24728210e+02, 6.89201843e+02,
    7.86976562e+02, 6.84760803e+02, 7.50753540e+02, 6.78951782e+02,
    7.14962463e+02, 6.73955566e+02, 6.79616150e+02, 6.69064880e+02,
    8.20332092e+02, 6.55280579e+02, 7.82129639e+02, 6.50918823e+02,
    7.45216858e+02, 6.45467896e+02, 7.08651489e+02, 6.40792908e+02,
    6.72816162e+02, 6.36283142e+02, 8.15878662e+02, 6.20010010e+02,
    7.77074219e+02, 6.15843018e+02, 7.39421082e+02, 6.10945679e+02,
    7.02315613e+02, 6.06319092e+02, 6.65722473e+02, 6.02288208e+02,
    8.11207092e+02, 5.83366577e+02, 7.71660889e+02, 5.79565308e+02,
    7.33268799e+02, 5.74954224e+02, 6.95354431e+02, 5.70822632e+02,
    6.58112244e+02, 5.67073059e+02 ]
