%YAML:1.0
points: [ 9.17123169e+02, 8.15955627e+02, 8.77306030e+02, 8.11228943e+02,
    8.37692993e+02, 8.07002136e+02, 7.98898193e+02, 8.02259033e+02,
    7.60450928e+02, 7.97942627e+02, 9.15585083e+02, 7.83938171e+02,
    8.74960754e+02, 7.79456604e+02, 8.34808289e+02, 7.75424988e+02,
    7.95285034e+02, 7.70743774e+02, 7.56222473e+02, 7.66358459e+02,
    9.14188049e+02, 7.50627258e+02, 8.72548828e+02, 7.46725830e+02,
    8.31835449e+02, 7.42221191e+02, 7.91614014e+02, 7.38022278e+02,
    7.51818359e+02, 7.33793457e+02, 9.12592102e+02, 7.16250854e+02,
    8.70103210e+02, 7.12847229e+02, 8.28840942e+02, 7.07922729e+02,
    7.87715149e+02, 7.04120422e+02, 7.47068481e+02, 7.00164978e+02,
    9.10926819e+02, 6.80639038e+02, 8.67750977e+02, 6.77363281e+02,
    8.25555176e+02, 6.72749512e+02, 7.83712769e+02, 6.68830627e+02,
    7.42261108e+02, 6.65349426e+02, 9.09265076e+02, 6.43512024e+02,
    8.65253723e+02, 6.40357788e+02, 8.22137329e+02, 6.36204529e+02,
    7.79554199e+02, 6.32345825e+02, 7.37279541e+02, 6.29054382e+02,
    9.07490234e+02, 6.04903320e+02, 8.62601501e+02, 6.01842041e+02,
    8.18516602e+02, 5.98013123e+02, 7.74929565e+02, 5.94573669e+02,
    7.31880554e+02, 5.91532837e+02 ]
