%YAML:1.0
points: [ 2.62071350e+02, 2.99189453e+02, 2.47974289e+02, 2.97552277e+02,
    2.34107788e+02, 2.96071289e+02, 2.20424545e+02, 2.94437622e+02,
    2.06922760e+02, 2.92959076e+02, 2.61887482e+02, 2.88022675e+02,
    2.47521729e+02, 2.86458038e+02, 2.33418320e+02, 2.85075623e+02,
    2.19544022e+02, 2.83454041e+02, 2.05832626e+02, 2.81959503e+02,
    2.61743134e+02, 2.76405121e+02, 2.47151047e+02, 2.75074615e+02,
    2.32851059e+02, 2.73444122e+02, 2.18667358e+02, 2.72074371e+02,
    2.04679184e+02, 2.70635529e+02, 2.61631317e+02, 2.64395996e+02,
    2.46666885e+02, 2.63256226e+02, 2.32193481e+02, 2.61535065e+02,
    2.17729935e+02, 2.60222229e+02, 2.03417542e+02, 2.58888855e+02,
    2.61488617e+02, 2.51986847e+02, 2.46292084e+02, 2.50839874e+02,
    2.31470001e+02, 2.49291946e+02, 2.16753693e+02, 2.47952408e+02,
    2.02187988e+02, 2.46753632e+02, 2.61343658e+02, 2.39078735e+02,
    2.45819824e+02, 2.37961136e+02, 2.30721115e+02, 2.36613342e+02,
    2.15720306e+02, 2.35283020e+02, 2.00848053e+02, 2.34117035e+02,
    2.61144226e+02, 2.25688263e+02, 2.45409714e+02, 2.24684814e+02,
    2.29926849e+02, 2.23304153e+02, 2.14632782e+02, 2.22150177e+02,
    1.99425491e+02, 2.21115555e+02 ]
