%YAML:1.0
points: [ 3.62394073e+02, 1.92266251e+02, 3.51583069e+02, 1.96315048e+02,
    3.41148224e+02, 2.00288803e+02, 3.31106781e+02, 2.04044434e+02,
    3.21377075e+02, 2.07741013e+02, 3.57234375e+02, 1.82194458e+02,
    3.46451569e+02, 1.86443054e+02, 3.36055389e+02, 1.90634460e+02,
    3.26048218e+02, 1.94559647e+02, 3.16352417e+02, 1.98379791e+02,
    3.52034607e+02, 1.72006607e+02, 3.41268829e+02, 1.76498444e+02,
    3.30950867e+02, 1.80818176e+02, 3.20947754e+02, 1.84993683e+02,
    3.11289154e+02, 1.89010010e+02, 3.46801910e+02, 1.61659653e+02,
    3.36009369e+02, 1.66458588e+02, 3.25786591e+02, 1.70895279e+02,
    3.15792542e+02, 1.75267456e+02, 3.06168121e+02, 1.79483032e+02,
    3.41541626e+02, 1.51219406e+02, 3.30775116e+02, 1.56241257e+02,
    3.20532013e+02, 1.60906433e+02, 3.10597870e+02, 1.65446060e+02,
    3.01003265e+02, 1.69895142e+02, 3.36187866e+02, 1.40657303e+02,
    3.25464661e+02, 1.45873505e+02, 3.15244110e+02, 1.50772659e+02,
    3.05351715e+02, 1.55514648e+02, 2.95776550e+02, 1.60173630e+02,
    3.30752747e+02, 1.29924088e+02, 3.20081360e+02, 1.35379684e+02,
    3.09915283e+02, 1.40495285e+02, 3.00022858e+02, 1.45491867e+02,
    2.90413544e+02, 1.50338501e+02 ]
