%YAML:1.0
points: [ 1.38428210e+03, 4.33376831e+02, 1.34457153e+03, 4.63948395e+02,
    1.30630542e+03, 4.93876282e+02, 1.26907104e+03, 5.22390564e+02,
    1.23298267e+03, 5.50424561e+02, 1.35668933e+03, 4.01518524e+02,
    1.31698254e+03, 4.33048523e+02, 1.27858887e+03, 4.63965057e+02,
    1.24125195e+03, 4.93326508e+02, 1.20514551e+03, 5.21941040e+02,
    1.32842944e+03, 3.68647034e+02, 1.28877832e+03, 4.01480804e+02,
    1.25008264e+03, 4.32778137e+02, 1.21273291e+03, 4.63313721e+02,
    1.17661035e+03, 4.92925354e+02, 1.29949512e+03, 3.34884827e+02,
    1.25973682e+03, 3.69011383e+02, 1.22090002e+03, 4.00903320e+02,
    1.18349121e+03, 4.32445282e+02, 1.14734766e+03, 4.63023621e+02,
    1.26977197e+03, 3.00104797e+02, 1.22988989e+03, 3.35159668e+02,
    1.19093140e+03, 3.68322296e+02, 1.15347913e+03, 4.00689056e+02,
    1.11727600e+03, 4.32320557e+02, 1.23908826e+03, 2.64127380e+02,
    1.19910681e+03, 3.00315948e+02, 1.16011987e+03, 3.34713562e+02,
    1.12261401e+03, 3.68007690e+02, 1.08625122e+03, 4.00633087e+02,
    1.20747021e+03, 2.26964600e+02, 1.16741125e+03, 2.64364075e+02,
    1.12834998e+03, 2.99931458e+02, 1.09075732e+03, 3.34502533e+02,
    1.05445947e+03, 3.68181152e+02 ]
