%YAML:1.0
points: [ 2.82412506e+02, 3.05594574e+02, 2.67613129e+02, 3.04280396e+02,
    2.53023315e+02, 3.03174072e+02, 2.38485580e+02, 3.01823578e+02,
    2.24092453e+02, 3.00668060e+02, 2.82865814e+02, 2.94165863e+02,
    2.67791565e+02, 2.92913727e+02, 2.52909775e+02, 2.91871002e+02,
    2.38172668e+02, 2.90531189e+02, 2.23513351e+02, 2.89345764e+02,
    2.83461273e+02, 2.82255829e+02, 2.68010223e+02, 2.81231903e+02,
    2.52876114e+02, 2.79944519e+02, 2.37844696e+02, 2.78804291e+02,
    2.22928970e+02, 2.77639740e+02, 2.83913208e+02, 2.69946930e+02,
    2.68280365e+02, 2.69117981e+02, 2.52851669e+02, 2.67632263e+02,
    2.37496490e+02, 2.66565491e+02, 2.22286484e+02, 2.65519775e+02,
    2.84576263e+02, 2.57189240e+02, 2.68615326e+02, 2.56373138e+02,
    2.52827698e+02, 2.54988998e+02, 2.37162308e+02, 2.53890457e+02,
    2.21665222e+02, 2.53002350e+02, 2.85159485e+02, 2.43872284e+02,
    2.68822601e+02, 2.42993759e+02, 2.52784439e+02, 2.41845703e+02,
    2.36796783e+02, 2.40798386e+02, 2.20862503e+02, 2.39864838e+02,
    2.85790985e+02, 2.30087967e+02, 2.69146179e+02, 2.29281525e+02,
    2.52742386e+02, 2.28166580e+02, 2.36447662e+02, 2.27213287e+02,
    2.20146362e+02, 2.26369827e+02 ]
