%YAML:1.0
points: [ 1.45528455e+03, 5.50263672e+02, 1.42282776e+03, 5.80199524e+02,
    1.39181165e+03, 6.09360535e+02, 1.36147900e+03, 6.36956604e+02,
    1.33240955e+03, 6.64026733e+02, 1.42827429e+03, 5.33847778e+02,
    1.39587109e+03, 5.64547974e+02, 1.36487537e+03, 5.94681213e+02,
    1.33451599e+03, 6.22953613e+02, 1.30537219e+03, 6.50466125e+02,
    1.40046301e+03, 5.16651978e+02, 1.36824146e+03, 5.48739014e+02,
    1.33678772e+03, 5.78867493e+02, 1.30661133e+03, 6.08305481e+02,
    1.27763892e+03, 6.36655273e+02, 1.37170715e+03, 4.99042053e+02,
    1.33967236e+03, 5.32383911e+02, 1.30782385e+03, 5.62764404e+02,
    1.27779517e+03, 5.93099365e+02, 1.24881714e+03, 6.22490295e+02,
    1.34205432e+03, 4.80827454e+02, 1.30995898e+03, 5.14983704e+02,
    1.27823682e+03, 5.46518188e+02, 1.24809875e+03, 5.77496216e+02,
    1.21934839e+03, 6.07760193e+02, 1.31120300e+03, 4.61913086e+02,
    1.27917102e+03, 4.96886719e+02, 1.24762793e+03, 5.29724426e+02,
    1.21746924e+03, 5.61377197e+02, 1.18871765e+03, 5.92518127e+02,
    1.27917883e+03, 4.42177582e+02, 1.24726160e+03, 4.78359985e+02,
    1.21573962e+03, 5.12108398e+02, 1.18573303e+03, 5.45052795e+02,
    1.15720764e+03, 5.77097473e+02 ]
