%YAML:1.0
points: [ 9.73602051e+02, 8.34163635e+02, 9.31551331e+02, 8.30440369e+02,
    8.89760925e+02, 8.27212646e+02, 8.48380859e+02, 8.23490112e+02,
    8.07272339e+02, 8.20130310e+02, 9.73924866e+02, 8.01376648e+02,
    9.31015320e+02, 7.97864502e+02, 8.88328918e+02, 7.94897339e+02,
    8.46322571e+02, 7.91064758e+02, 8.04475464e+02, 7.87587219e+02,
    9.74315857e+02, 7.67282776e+02, 9.30433044e+02, 7.64338135e+02,
    8.87171875e+02, 7.60666748e+02, 8.44107178e+02, 7.57477661e+02,
    8.01547363e+02, 7.54123718e+02, 9.74673157e+02, 7.32009827e+02,
    9.29794800e+02, 7.29594299e+02, 8.85850952e+02, 7.25465271e+02,
    8.41981323e+02, 7.22407410e+02, 7.98335510e+02, 7.19372681e+02,
    9.75018005e+02, 6.95476013e+02, 9.29324829e+02, 6.93042725e+02,
    8.84393860e+02, 6.89197998e+02, 8.39616821e+02, 6.86029114e+02,
    7.95236084e+02, 6.83295959e+02, 9.75459656e+02, 6.57373230e+02,
    9.28821289e+02, 6.54928589e+02, 8.82820312e+02, 6.51530640e+02,
    8.37260315e+02, 6.48331421e+02, 7.91821228e+02, 6.45708618e+02,
    9.75884399e+02, 6.17510376e+02, 9.28293762e+02, 6.15293579e+02,
    8.81229797e+02, 6.11978271e+02, 8.34506042e+02, 6.09223145e+02,
    7.88246521e+02, 6.06821777e+02 ]
