%YAML:1.0
points: [ 3.69364777e+02, 1.92818756e+02, 3.58254517e+02, 1.97004791e+02,
    3.47509064e+02, 2.01045166e+02, 3.37150146e+02, 2.04865692e+02,
    3.27095337e+02, 2.08663727e+02, 3.64307709e+02, 1.82710464e+02,
    3.53198700e+02, 1.87102020e+02, 3.42452606e+02, 1.91318069e+02,
    3.32124756e+02, 1.95345825e+02, 3.22095337e+02, 1.99275635e+02,
    3.59177826e+02, 1.72446228e+02, 3.48062256e+02, 1.77112671e+02,
    3.37371979e+02, 1.81429062e+02, 3.27067932e+02, 1.85720947e+02,
    3.17046722e+02, 1.89835587e+02, 3.53979767e+02, 1.62106644e+02,
    3.42852356e+02, 1.66999619e+02, 3.32253265e+02, 1.71447876e+02,
    3.21918976e+02, 1.75956467e+02, 3.11931702e+02, 1.80259399e+02,
    3.48755127e+02, 1.51599655e+02, 3.37667358e+02, 1.56688705e+02,
    3.27073456e+02, 1.61394135e+02, 3.16745117e+02, 1.66078766e+02,
    3.06764160e+02, 1.70605362e+02, 3.43503906e+02, 1.40931427e+02,
    3.32392639e+02, 1.46243713e+02, 3.21790436e+02, 1.51217102e+02,
    3.11494629e+02, 1.56062378e+02, 3.01516571e+02, 1.60772598e+02,
    3.38078186e+02, 1.30149673e+02, 3.27006409e+02, 1.35647873e+02,
    3.16449799e+02, 1.40824921e+02, 3.06180664e+02, 1.45911255e+02,
    2.96211212e+02, 1.50881317e+02 ]
