%YAML:1.0
points: [ 2.62098175e+02, 2.99229736e+02, 2.48025238e+02, 2.97575623e+02,
    2.34147385e+02, 2.96104126e+02, 2.20444931e+02, 2.94467957e+02,
    2.06952179e+02, 2.92982544e+02, 2.61922394e+02, 2.88056641e+02,
    2.47541351e+02, 2.86474640e+02, 2.33424591e+02, 2.85103607e+02,
    2.19571777e+02, 2.83484894e+02, 2.05856415e+02, 2.82009705e+02,
    2.61783447e+02, 2.76432892e+02, 2.47189377e+02, 2.75108795e+02,
    2.32852203e+02, 2.73483795e+02, 2.18697372e+02, 2.72114105e+02,
    2.04666870e+02, 2.70642914e+02, 2.61639252e+02, 2.64415222e+02,
    2.46704758e+02, 2.63276215e+02, 2.32220642e+02, 2.61548370e+02,
    2.17761581e+02, 2.60263824e+02, 2.03432144e+02, 2.58926666e+02,
    2.61520447e+02, 2.52016830e+02, 2.46304886e+02, 2.50843796e+02,
    2.31500687e+02, 2.49315613e+02, 2.16768173e+02, 2.47985168e+02,
    2.02209152e+02, 2.46776108e+02, 2.61367249e+02, 2.39091965e+02,
    2.45833984e+02, 2.37968689e+02, 2.30751328e+02, 2.36650955e+02,
    2.15769135e+02, 2.35331024e+02, 2.00887375e+02, 2.34144424e+02,
    2.61170044e+02, 2.25717545e+02, 2.45454239e+02, 2.24714661e+02,
    2.29945938e+02, 2.23335068e+02, 2.14651718e+02, 2.22166260e+02,
    1.99438324e+02, 2.21132660e+02 ]
