%YAML:1.0
points: [ 9.17239685e+02, 8.15986511e+02, 8.77397339e+02, 8.11288574e+02,
    8.37802124e+02, 8.07056030e+02, 7.98987610e+02, 8.02323975e+02,
    7.60527527e+02, 7.97997009e+02, 9.15681702e+02, 7.83983032e+02,
    8.75072876e+02, 7.79508240e+02, 8.34904175e+02, 7.75459717e+02,
    7.95369873e+02, 7.70796753e+02, 7.56329285e+02, 7.66422424e+02,
    9.14307922e+02, 7.50669067e+02, 8.72685791e+02, 7.46761597e+02,
    8.31920227e+02, 7.42280396e+02, 7.91709473e+02, 7.38074036e+02,
    7.51937500e+02, 7.33872192e+02, 9.12718018e+02, 7.16320435e+02,
    8.70208679e+02, 7.12910095e+02, 8.28946899e+02, 7.07975586e+02,
    7.87813965e+02, 7.04182007e+02, 7.47154358e+02, 7.00232361e+02,
    9.11053833e+02, 6.80703125e+02, 8.67858521e+02, 6.77398682e+02,
    8.25672180e+02, 6.72821289e+02, 7.83825256e+02, 6.68904541e+02,
    7.42360046e+02, 6.65425537e+02, 9.09382507e+02, 6.43557617e+02,
    8.65348267e+02, 6.40419495e+02, 8.22239929e+02, 6.36270142e+02,
    7.79658569e+02, 6.32428955e+02, 7.37374573e+02, 6.29136353e+02,
    9.07606384e+02, 6.04965027e+02, 8.62719421e+02, 6.01978210e+02,
    8.18612122e+02, 5.98103638e+02, 7.75019348e+02, 5.94654785e+02,
    7.31974365e+02, 5.91630676e+02 ]
