%YAML:1.0
points: [ 1.00774707e+03, 5.02032654e+02, 9.93530884e+02, 5.26878296e+02,
    9.79860718e+02, 5.50852844e+02, 9.66979858e+02, 5.73284424e+02,
    9.54643311e+02, 5.95075989e+02, 9.75649475e+02, 4.82985992e+02,
    9.62104553e+02, 5.08400848e+02, 9.49291809e+02, 5.32773926e+02,
    9.37199158e+02, 5.55535400e+02, 9.25386230e+02, 5.77583069e+02,
    9.43581360e+02, 4.64037109e+02, 9.30710754e+02, 4.90110931e+02,
    9.18681213e+02, 5.14405396e+02, 9.07250183e+02, 5.37769470e+02,
    8.96096863e+02, 5.60213562e+02, 9.11663208e+02, 4.45135101e+02,
    8.99362854e+02, 4.71705841e+02, 8.88304688e+02, 4.96277618e+02,
    8.77412964e+02, 5.20068665e+02, 8.66937256e+02, 5.42998535e+02,
    8.79790405e+02, 4.26456879e+02, 8.68283813e+02, 4.53291931e+02,
    8.57888062e+02, 4.78225952e+02, 8.47739441e+02, 5.02482941e+02,
    8.37823486e+02, 5.25822632e+02, 8.47982117e+02, 4.07667328e+02,
    8.37241638e+02, 4.34888123e+02, 8.27485168e+02, 4.60423737e+02,
    8.17950317e+02, 4.84909943e+02, 8.08736877e+02, 5.08568756e+02,
    8.16258911e+02, 3.88906464e+02, 8.06169556e+02, 4.16566681e+02,
    7.97114258e+02, 4.42543121e+02, 7.88210144e+02, 4.67577789e+02,
    7.79461609e+02, 4.91699280e+02 ]
