%YAML:1.0
points: [ 4.08226227e+02, 1.65058167e+02, 4.00206787e+02, 1.74935928e+02,
    3.92442139e+02, 1.84515640e+02, 3.84916351e+02, 1.93660858e+02,
    3.77643799e+02, 2.02573837e+02, 3.97392273e+02, 1.58725449e+02,
    3.89563538e+02, 1.68710098e+02, 3.81975616e+02, 1.78384033e+02,
    3.74636047e+02, 1.87640213e+02, 3.67519928e+02, 1.96618927e+02,
    3.86599335e+02, 1.52375168e+02, 3.78943481e+02, 1.62535324e+02,
    3.71524261e+02, 1.72216415e+02, 3.64335205e+02, 1.81618179e+02,
    3.57390594e+02, 1.90730728e+02, 3.75837067e+02, 1.45990677e+02,
    3.68317596e+02, 1.56347473e+02, 3.61037445e+02, 1.66068954e+02,
    3.54032410e+02, 1.75580261e+02, 3.47255157e+02, 1.84850906e+02,
    3.65031738e+02, 1.39683151e+02, 3.57694794e+02, 1.50113007e+02,
    3.50647247e+02, 1.59975693e+02, 3.43792175e+02, 1.69572342e+02,
    3.37164825e+02, 1.78972809e+02, 3.54267761e+02, 1.33357895e+02,
    3.47100861e+02, 1.43871292e+02, 3.40228088e+02, 1.53894196e+02,
    3.33578125e+02, 1.63587082e+02, 3.27114105e+02, 1.73068771e+02,
    3.43496429e+02, 1.27003227e+02, 3.36540375e+02, 1.37677704e+02,
    3.29818085e+02, 1.47784058e+02, 3.23339294e+02, 1.57604141e+02,
    3.17040497e+02, 1.67221329e+02 ]
