%YAML:1.0
points: [ 8.59715820e+02, 7.94324402e+02, 8.22724915e+02, 7.88750549e+02,
    7.86235352e+02, 7.83515320e+02, 7.50666504e+02, 7.77895203e+02,
    7.15518616e+02, 7.72720825e+02, 8.56472534e+02, 7.63245117e+02,
    8.18869202e+02, 7.57783081e+02, 7.81762268e+02, 7.52971130e+02,
    7.45692383e+02, 7.47469055e+02, 7.10006226e+02, 7.42290283e+02,
    8.53154541e+02, 7.30899963e+02, 8.14670410e+02, 7.26229858e+02,
    7.77327087e+02, 7.20701904e+02, 7.40561523e+02, 7.15816040e+02,
    7.04229370e+02, 7.10962891e+02, 8.49777954e+02, 6.97574951e+02,
    8.10452209e+02, 6.93340210e+02, 7.72574158e+02, 6.87800415e+02,
    7.35104980e+02, 6.83127869e+02, 6.98221008e+02, 6.78478699e+02,
    8.46084839e+02, 6.63102051e+02, 8.06243530e+02, 6.59029297e+02,
    7.67739075e+02, 6.53872620e+02, 7.29484070e+02, 6.49330139e+02,
    6.91841431e+02, 6.45133789e+02, 8.42387268e+02, 6.27250366e+02,
    8.01897888e+02, 6.23362061e+02, 7.62503845e+02, 6.18669739e+02,
    7.23695251e+02, 6.14214600e+02, 6.85281494e+02, 6.10374023e+02,
    8.38539185e+02, 5.89970764e+02, 7.97245544e+02, 5.86431213e+02,
    7.57069031e+02, 5.82046509e+02, 7.17349548e+02, 5.78097656e+02,
    6.78257507e+02, 5.74521606e+02 ]
