%YAML:1.0
points: [ 3.31374023e+02, 1.87791428e+02, 3.23625916e+02, 1.79207764e+02,
    3.15829865e+02, 1.70626419e+02, 3.07966370e+02, 1.61908829e+02,
    3.00055115e+02, 1.53129318e+02, 3.40732727e+02, 1.80132950e+02,
    3.32930786e+02, 1.71449051e+02, 3.25142426e+02, 1.62831238e+02,
    3.17254913e+02, 1.53943451e+02, 3.09269592e+02, 1.44939896e+02,
    3.50303101e+02, 1.72344009e+02, 3.42517120e+02, 1.63572464e+02,
    3.34623596e+02, 1.54649933e+02, 3.26722565e+02, 1.45745834e+02,
    3.18706055e+02, 1.36650543e+02, 3.60072601e+02, 1.64351013e+02,
    3.52300415e+02, 1.55531601e+02, 3.44329468e+02, 1.46413742e+02,
    3.36373383e+02, 1.37333908e+02, 3.28284454e+02, 1.28084167e+02,
    3.70068298e+02, 1.56243790e+02, 3.62279999e+02, 1.47276642e+02,
    3.54262482e+02, 1.38013824e+02, 3.46234985e+02, 1.28746841e+02,
    3.38201691e+02, 1.19477066e+02, 3.80283539e+02, 1.47922119e+02,
    3.72473877e+02, 1.38799789e+02, 3.64451660e+02, 1.29502884e+02,
    3.56356293e+02, 1.20040550e+02, 3.48225830e+02, 1.10595047e+02,
    3.90671692e+02, 1.39528366e+02, 3.82843140e+02, 1.30215515e+02,
    3.74768677e+02, 1.20760300e+02, 3.66621002e+02, 1.11106483e+02,
    3.58608337e+02, 1.01568573e+02 ]
