%YAML:1.0
points: [ 2.41128952e+02, 2.91660614e+02, 2.28096970e+02, 2.89706421e+02,
    2.15238647e+02, 2.87918945e+02, 2.02686691e+02, 2.85977112e+02,
    1.90252014e+02, 2.84177551e+02, 2.40357193e+02, 2.80808960e+02,
    2.27088654e+02, 2.78948883e+02, 2.14011261e+02, 2.77265137e+02,
    2.01291397e+02, 2.75354492e+02, 1.88672424e+02, 2.73558167e+02,
    2.39607391e+02, 2.69563141e+02, 2.26037430e+02, 2.67911621e+02,
    2.12821671e+02, 2.66071289e+02, 1.99807007e+02, 2.64356567e+02,
    1.86979340e+02, 2.62673920e+02, 2.38813110e+02, 2.57952606e+02,
    2.24952179e+02, 2.56468353e+02, 2.11615677e+02, 2.54541260e+02,
    1.98317123e+02, 2.53006912e+02, 1.85224670e+02, 2.51384567e+02,
    2.37973679e+02, 2.45933060e+02, 2.23883041e+02, 2.44532837e+02,
    2.10256363e+02, 2.42742310e+02, 1.96757889e+02, 2.41169907e+02,
    1.83425583e+02, 2.39741760e+02, 2.37091324e+02, 2.33517944e+02,
    2.22767654e+02, 2.32117416e+02, 2.08884415e+02, 2.30566299e+02,
    1.95101883e+02, 2.28965805e+02, 1.81539505e+02, 2.27683594e+02,
    2.36163147e+02, 2.20539032e+02, 2.21518112e+02, 2.19290710e+02,
    2.07350662e+02, 2.17777924e+02, 1.93319611e+02, 2.16416748e+02,
    1.79480362e+02, 2.15170166e+02 ]
