%YAML:1.0
points: [ 9.31508423e+02, 4.44305847e+02, 9.19809753e+02, 4.67993042e+02,
    9.08480896e+02, 4.90934204e+02, 8.98039490e+02, 5.12473816e+02,
    8.87839417e+02, 5.33283020e+02, 9.04141724e+02, 4.23146515e+02,
    8.92997070e+02, 4.47409576e+02, 8.82439270e+02, 4.70630585e+02,
    8.72600708e+02, 4.92447327e+02, 8.62923584e+02, 5.13550110e+02,
    8.76894104e+02, 4.02210907e+02, 8.66321106e+02, 4.27043304e+02,
    8.56644287e+02, 4.50363556e+02, 8.47269531e+02, 4.72605743e+02,
    8.38258545e+02, 4.94117462e+02, 8.49953613e+02, 3.81551392e+02,
    8.39849243e+02, 4.06815887e+02, 8.31093079e+02, 4.30291595e+02,
    8.22262512e+02, 4.53054291e+02, 8.13823059e+02, 4.74952606e+02,
    8.23188965e+02, 3.61077972e+02, 8.13780518e+02, 3.86568481e+02,
    8.05582642e+02, 4.10509674e+02, 7.97441101e+02, 4.33657806e+02,
    7.89268433e+02, 4.55831818e+02, 7.96669800e+02, 3.40632629e+02,
    7.87873535e+02, 3.66472839e+02, 7.80183289e+02, 3.90895508e+02,
    7.72603149e+02, 4.14321259e+02, 7.65124573e+02, 4.36857635e+02,
    7.70277771e+02, 3.20382568e+02, 7.62054199e+02, 3.46545441e+02,
    7.54998413e+02, 3.71427063e+02, 7.47851196e+02, 3.95353577e+02,
    7.40746582e+02, 4.18186340e+02 ]
