%YAML:1.0
points: [ 2.36027298e+02, 2.73639343e+02, 2.22780579e+02, 2.71203827e+02,
    2.09778168e+02, 2.68947205e+02, 1.96982849e+02, 2.66447693e+02,
    1.84410217e+02, 2.64216705e+02, 2.35992035e+02, 2.62036835e+02,
    2.22546829e+02, 2.59626678e+02, 2.09269547e+02, 2.57431946e+02,
    1.96359848e+02, 2.55097717e+02, 1.83542618e+02, 2.52791275e+02,
    2.35984436e+02, 2.49982971e+02, 2.22214981e+02, 2.47777740e+02,
    2.08828873e+02, 2.45438065e+02, 1.95648270e+02, 2.43255814e+02,
    1.82582825e+02, 2.41056046e+02, 2.35975800e+02, 2.37610260e+02,
    2.21881210e+02, 2.35581970e+02, 2.08334991e+02, 2.33077103e+02,
    1.94840118e+02, 2.30966736e+02, 1.81585648e+02, 2.28897888e+02,
    2.35907654e+02, 2.24731552e+02, 2.21581390e+02, 2.22722305e+02,
    2.07819443e+02, 2.20528122e+02, 1.94085678e+02, 2.18407059e+02,
    1.80605606e+02, 2.16478912e+02, 2.35813736e+02, 2.11376648e+02,
    2.21256790e+02, 2.09446732e+02, 2.07212570e+02, 2.07353500e+02,
    1.93264984e+02, 2.05275467e+02, 1.79482574e+02, 2.03386948e+02,
    2.35715515e+02, 1.97495728e+02, 2.20999573e+02, 1.95749329e+02,
    2.06524063e+02, 1.93692490e+02, 1.92301163e+02, 1.91798294e+02,
    1.78258759e+02, 1.90084930e+02 ]
