%YAML:1.0
points: [ 3.04582825e+02, 1.84481491e+02, 2.97135742e+02, 1.76116989e+02,
    2.89607147e+02, 1.67776535e+02, 2.82177551e+02, 1.59362244e+02,
    2.74671021e+02, 1.50933502e+02, 3.13046204e+02, 1.77374451e+02,
    3.05454559e+02, 1.68909805e+02, 2.97887268e+02, 1.60452637e+02,
    2.90330902e+02, 1.51921051e+02, 2.82736237e+02, 1.43350388e+02,
    3.21739624e+02, 1.70074020e+02, 3.14042877e+02, 1.61485550e+02,
    3.06404144e+02, 1.52857895e+02, 2.98726807e+02, 1.44231552e+02,
    2.91028931e+02, 1.35525681e+02, 3.30694733e+02, 1.62520966e+02,
    3.22888031e+02, 1.53895462e+02, 3.15169312e+02, 1.45073257e+02,
    3.07371826e+02, 1.36299301e+02, 2.99611359e+02, 1.27534081e+02,
    3.39880188e+02, 1.54798050e+02, 3.31997955e+02, 1.46038666e+02,
    3.24164307e+02, 1.37106735e+02, 3.16283386e+02, 1.28175247e+02,
    3.08356384e+02, 1.19234940e+02, 3.49382416e+02, 1.46872604e+02,
    3.41408966e+02, 1.37916031e+02, 3.33460693e+02, 1.28895248e+02,
    3.25451691e+02, 1.19807106e+02, 3.17491669e+02, 1.10758049e+02,
    3.59132324e+02, 1.38706161e+02, 3.51088135e+02, 1.29703781e+02,
    3.42962494e+02, 1.20494583e+02, 3.34877319e+02, 1.11272766e+02,
    3.26674805e+02, 1.02036186e+02 ]
