%YAML:1.0
points: [ 8.43793823e+02, 7.42784363e+02, 8.06366150e+02, 7.35583557e+02,
    7.69397888e+02, 7.28858948e+02, 7.33304504e+02, 7.21927124e+02,
    6.97571167e+02, 7.15255676e+02, 8.42685242e+02, 7.09250183e+02,
    8.04532837e+02, 7.02445618e+02, 7.66936584e+02, 6.96060608e+02,
    7.30366089e+02, 6.89029968e+02, 6.94195190e+02, 6.82461914e+02,
    8.41632080e+02, 6.74661133e+02, 8.02604553e+02, 6.68332825e+02,
    7.64699524e+02, 6.61524658e+02, 7.27226013e+02, 6.55271240e+02,
    6.90465576e+02, 6.48850830e+02, 8.40419067e+02, 6.38920776e+02,
    8.00548584e+02, 6.33134399e+02, 7.62277771e+02, 6.26104919e+02,
    7.24136475e+02, 6.20040894e+02, 6.86592712e+02, 6.13978210e+02,
    8.39106079e+02, 6.02002014e+02, 7.98683228e+02, 5.96323914e+02,
    7.59614624e+02, 5.89687134e+02, 7.20849670e+02, 5.83691040e+02,
    6.82607727e+02, 5.78023926e+02, 8.37842529e+02, 5.63660583e+02,
    7.96729187e+02, 5.58205994e+02, 7.56830139e+02, 5.52054077e+02,
    7.17414246e+02, 5.46120972e+02, 6.78437378e+02, 5.40730896e+02,
    8.36503723e+02, 5.23891418e+02, 7.94588135e+02, 5.18690918e+02,
    7.53856873e+02, 5.12829102e+02, 7.13612244e+02, 5.07352997e+02,
    6.73861877e+02, 5.02240051e+02 ]
