%YAML:1.0
points: [ 1.16201233e+03, 2.89086182e+02, 1.14792139e+03, 3.18845978e+02,
    1.13403943e+03, 3.48010498e+02, 1.12067432e+03, 3.76283478e+02,
    1.10747412e+03, 4.03970947e+02, 1.13287952e+03, 2.76256897e+02,
    1.11907214e+03, 3.06171631e+02, 1.10569189e+03, 3.35354340e+02,
    1.09250256e+03, 3.63814606e+02, 1.07971509e+03, 3.91627716e+02,
    1.10381104e+03, 2.63420074e+02, 1.09037231e+03, 2.93448090e+02,
    1.07725684e+03, 3.22752197e+02, 1.06448682e+03, 3.51287415e+02,
    1.05199390e+03, 3.79242371e+02, 1.07484314e+03, 2.50561768e+02,
    1.06162476e+03, 2.80808105e+02, 1.04899133e+03, 3.10072388e+02,
    1.03652124e+03, 3.38843506e+02, 1.02428198e+03, 3.66879608e+02,
    1.04586450e+03, 2.37710205e+02, 1.03307617e+03, 2.67990326e+02,
    1.02075037e+03, 2.97491943e+02, 1.00857983e+03, 3.26329132e+02,
    9.96647156e+02, 3.54587189e+02, 1.01695660e+03, 2.24803574e+02,
    1.00451288e+03, 2.55273788e+02, 9.92419617e+02, 2.84935974e+02,
    9.80699768e+02, 3.13830322e+02, 9.69074219e+02, 3.42202789e+02,
    9.88045288e+02, 2.11952591e+02, 9.75921753e+02, 2.42526001e+02,
    9.64242920e+02, 2.72279877e+02, 9.52776184e+02, 3.01410583e+02,
    9.41387390e+02, 3.29889404e+02 ]
