%YAML:1.0
points: [ 1.13636682e+03, 2.01645645e+02, 1.11968201e+03, 2.31972900e+02,
    1.10329504e+03, 2.61747101e+02, 1.08718042e+03, 2.91181122e+02,
    1.07134656e+03, 3.19940308e+02, 1.10794019e+03, 1.86655640e+02,
    1.09164783e+03, 2.16972137e+02, 1.07552332e+03, 2.46721146e+02,
    1.05972278e+03, 2.76078003e+02, 1.04409265e+03, 3.04915741e+02,
    1.07991931e+03, 1.71800064e+02, 1.06375513e+03, 2.01979767e+02,
    1.04805737e+03, 2.31818649e+02, 1.03246057e+03, 2.61119110e+02,
    1.01706897e+03, 2.90011993e+02, 1.05207800e+03, 1.56953934e+02,
    1.03607922e+03, 1.87105789e+02, 1.02079651e+03, 2.17043655e+02,
    1.00543353e+03, 2.46299728e+02, 9.90302673e+02, 2.75108612e+02,
    1.02440918e+03, 1.42238419e+02, 1.00874957e+03, 1.72344803e+02,
    9.93633728e+02, 2.02288239e+02, 9.78652649e+02, 2.31519867e+02,
    9.63695374e+02, 2.60328400e+02, 9.97019348e+02, 1.27627686e+02,
    9.81612122e+02, 1.57692612e+02, 9.66671631e+02, 1.87510284e+02,
    9.52003540e+02, 2.16864655e+02, 9.37300049e+02, 2.45587814e+02,
    9.69840271e+02, 1.13020164e+02, 9.54660889e+02, 1.43087372e+02,
    9.40015808e+02, 1.72860992e+02, 9.25516724e+02, 2.02164078e+02,
    9.11013000e+02, 2.30896729e+02 ]
