%YAML:1.0
points: [ 8.43619507e+02, 7.42568542e+02, 8.06202881e+02, 7.35358948e+02,
    7.69237915e+02, 7.28641174e+02, 7.33130981e+02, 7.21695496e+02,
    6.97410095e+02, 7.15042969e+02, 8.42540405e+02, 7.09056213e+02,
    8.04370239e+02, 7.02257751e+02, 7.66768250e+02, 6.95859558e+02,
    7.30227173e+02, 6.88805359e+02, 6.94031067e+02, 6.82228271e+02,
    8.41472961e+02, 6.74485046e+02, 8.02450500e+02, 6.68114014e+02,
    7.64530212e+02, 6.61293091e+02, 7.27073120e+02, 6.55046387e+02,
    6.90330994e+02, 6.48638000e+02, 8.40269714e+02, 6.38698853e+02,
    8.00377930e+02, 6.32915710e+02, 7.62132446e+02, 6.25898865e+02,
    7.24010498e+02, 6.19802307e+02, 6.86441650e+02, 6.13733032e+02,
    8.38960938e+02, 6.01771484e+02, 7.98541809e+02, 5.96089966e+02,
    7.59474243e+02, 5.89464417e+02, 7.20698486e+02, 5.83452698e+02,
    6.82477478e+02, 5.77811462e+02, 8.37666931e+02, 5.63422913e+02,
    7.96568909e+02, 5.57962280e+02, 7.56670227e+02, 5.51812012e+02,
    7.17279724e+02, 5.45888916e+02, 6.78288452e+02, 5.40499634e+02,
    8.36345337e+02, 5.23652222e+02, 7.94432617e+02, 5.18450562e+02,
    7.53674683e+02, 5.12568848e+02, 7.13464783e+02, 5.07115631e+02,
    6.73730591e+02, 5.02004852e+02 ]
