%YAML:1.0
points: [ 2.35929504e+02, 2.73538239e+02, 2.22721466e+02, 2.71151154e+02,
    2.09720474e+02, 2.68854126e+02, 1.96914474e+02, 2.66363373e+02,
    1.84356949e+02, 2.64165649e+02, 2.35914139e+02, 2.61993408e+02,
    2.22511047e+02, 2.59567749e+02, 2.09181610e+02, 2.57346619e+02,
    1.96348892e+02, 2.55055984e+02, 1.83529785e+02, 2.52716370e+02,
    2.35926682e+02, 2.49877502e+02, 2.22153732e+02, 2.47697083e+02,
    2.08773056e+02, 2.45341949e+02, 1.95605972e+02, 2.43177399e+02,
    1.82540344e+02, 2.40994492e+02, 2.35904678e+02, 2.37537750e+02,
    2.21780090e+02, 2.35491943e+02, 2.08268799e+02, 2.32970840e+02,
    1.94772873e+02, 2.30886383e+02, 1.81541031e+02, 2.28824783e+02,
    2.35855789e+02, 2.24674728e+02, 2.21549118e+02, 2.22676697e+02,
    2.07761383e+02, 2.20456787e+02, 1.93992447e+02, 2.18284668e+02,
    1.80592773e+02, 2.16419403e+02, 2.35750854e+02, 2.11287567e+02,
    2.21211655e+02, 2.09404861e+02, 2.07140259e+02, 2.07263641e+02,
    1.93202072e+02, 2.05180573e+02, 1.79431992e+02, 2.03338821e+02,
    2.35654907e+02, 1.97408569e+02, 2.20898926e+02, 1.95565750e+02,
    2.06410065e+02, 1.93531296e+02, 1.92239273e+02, 1.91671341e+02,
    1.78171402e+02, 1.89987228e+02 ]
