%YAML:1.0
points: [ 3.54448303e+02, 1.89997757e+02, 3.46814728e+02, 1.81399078e+02,
    3.39204956e+02, 1.72711395e+02, 3.31390961e+02, 1.63804749e+02,
    3.23502991e+02, 1.54800766e+02, 3.64174713e+02, 1.81932922e+02,
    3.56608429e+02, 1.73212204e+02, 3.48949707e+02, 1.64442444e+02,
    3.41148651e+02, 1.55416580e+02, 3.33237457e+02, 1.46232788e+02,
    3.74008453e+02, 1.73763901e+02, 3.66553650e+02, 1.64931992e+02,
    3.58836670e+02, 1.55939835e+02, 3.51089569e+02, 1.46829712e+02,
    3.43231018e+02, 1.37540939e+02, 3.84005920e+02, 1.65529495e+02,
    3.76650024e+02, 1.56613907e+02, 3.68894745e+02, 1.47433792e+02,
    3.61170441e+02, 1.38112473e+02, 3.53330383e+02, 1.28717468e+02,
    3.94175476e+02, 1.57123856e+02, 3.86824615e+02, 1.48046692e+02,
    3.79123657e+02, 1.38754761e+02, 3.71434418e+02, 1.29314636e+02,
    3.63622406e+02, 1.19771187e+02, 4.04455048e+02, 1.48664871e+02,
    3.97147980e+02, 1.39451370e+02, 3.89526123e+02, 1.29993240e+02,
    3.81818787e+02, 1.20406311e+02, 3.74078888e+02, 1.10675079e+02,
    4.14825409e+02, 1.40062820e+02, 4.07571655e+02, 1.30704056e+02,
    4.00008789e+02, 1.21122818e+02, 3.92351562e+02, 1.11376129e+02,
    3.84646820e+02, 1.01502327e+02 ]
