%YAML:1.0
points: [ 3.78775635e+02, 2.01058823e+02, 3.70670135e+02, 1.94240509e+02,
    3.62476257e+02, 1.87380585e+02, 3.53980865e+02, 1.80289230e+02,
    3.45405823e+02, 1.73103638e+02, 3.87308441e+02, 1.91976227e+02,
    3.79223480e+02, 1.85087463e+02, 3.71051727e+02, 1.78062088e+02,
    3.62605896e+02, 1.70826172e+02, 3.54002045e+02, 1.63511276e+02,
    3.95910645e+02, 1.82822021e+02, 3.87960388e+02, 1.75827469e+02,
    3.79694275e+02, 1.68615021e+02, 3.71337952e+02, 1.61269577e+02,
    3.62786224e+02, 1.53748154e+02, 4.04648010e+02, 1.73575516e+02,
    3.96814484e+02, 1.66466263e+02, 3.88533600e+02, 1.58979156e+02,
    3.80192719e+02, 1.51504868e+02, 3.71714905e+02, 1.43842499e+02,
    4.13548401e+02, 1.64156769e+02, 4.05756470e+02, 1.56885239e+02,
    3.97498352e+02, 1.49300812e+02, 3.89192078e+02, 1.41619995e+02,
    3.80787476e+02, 1.33805084e+02, 4.22458527e+02, 1.54658127e+02,
    4.14757202e+02, 1.47226379e+02, 4.06611633e+02, 1.39481995e+02,
    3.98325714e+02, 1.31618408e+02, 3.89944977e+02, 1.23583923e+02,
    4.31455841e+02, 1.45017899e+02, 4.23840454e+02, 1.37411102e+02,
    4.15772156e+02, 1.29523392e+02, 4.07613068e+02, 1.21508827e+02,
    3.99307770e+02, 1.13312851e+02 ]
