%YAML:1.0
points: [ 2.35090240e+02, 2.73276093e+02, 2.21869476e+02, 2.70817993e+02,
    2.08902649e+02, 2.68423553e+02, 1.96342102e+02, 2.66141205e+02,
    1.83715485e+02, 2.63767151e+02, 2.35000641e+02, 2.61589600e+02,
    2.21670197e+02, 2.59259155e+02, 2.08535172e+02, 2.57119537e+02,
    1.95620056e+02, 2.54652496e+02, 1.82807800e+02, 2.52379501e+02,
    2.35014557e+02, 2.49668304e+02, 2.21249161e+02, 2.47398132e+02,
    2.07950760e+02, 2.45101807e+02, 1.94771774e+02, 2.42867538e+02,
    1.81810715e+02, 2.40693008e+02, 2.34923981e+02, 2.37240387e+02,
    2.20872910e+02, 2.35229019e+02, 2.07532959e+02, 2.32811188e+02,
    1.93991425e+02, 2.30696777e+02, 1.80820892e+02, 2.28649994e+02,
    2.34871948e+02, 2.24555267e+02, 2.20658356e+02, 2.22574051e+02,
    2.06871658e+02, 2.20130615e+02, 1.93184845e+02, 2.18009384e+02,
    1.79729462e+02, 2.16083832e+02, 2.34748337e+02, 2.11186081e+02,
    2.20277374e+02, 2.09235245e+02, 2.06228073e+02, 2.07103348e+02,
    1.92348602e+02, 2.04981232e+02, 1.78669052e+02, 2.03156494e+02,
    2.34485352e+02, 1.97300735e+02, 2.19881927e+02, 1.95463364e+02,
    2.05492645e+02, 1.93392380e+02, 1.91333740e+02, 1.91523148e+02,
    1.77397446e+02, 1.89843369e+02 ]
