%YAML:1.0
points: [ 1.13336462e+03, 1.33675827e+02, 1.12904797e+03, 1.68247681e+02,
    1.12483594e+03, 2.02386017e+02, 1.12071167e+03, 2.36055069e+02,
    1.11656531e+03, 2.69418640e+02, 1.10059607e+03, 1.32177841e+02,
    1.09653699e+03, 1.66444778e+02, 1.09240186e+03, 2.00332108e+02,
    1.08853271e+03, 2.33915176e+02, 1.08464478e+03, 2.66947296e+02,
    1.06826648e+03, 1.30685196e+02, 1.06426782e+03, 1.64671463e+02,
    1.06053760e+03, 1.98369980e+02, 1.05680066e+03, 2.31695175e+02,
    1.05310571e+03, 2.64604584e+02, 1.03636108e+03, 1.29145554e+02,
    1.03251624e+03, 1.62835495e+02, 1.02908765e+03, 1.96451416e+02,
    1.02551941e+03, 2.29465668e+02, 1.02196478e+03, 2.62048340e+02,
    1.00488483e+03, 1.27519905e+02, 1.00124713e+03, 1.61018021e+02,
    9.97964844e+02, 1.94393936e+02, 9.94629028e+02, 2.27274109e+02,
    9.91194153e+02, 2.59720123e+02, 9.73791748e+02, 1.25862030e+02,
    9.70285461e+02, 1.59272125e+02, 9.67203674e+02, 1.92372025e+02,
    9.64067810e+02, 2.24993561e+02, 9.60758301e+02, 2.57174500e+02,
    9.43037842e+02, 1.24250488e+02, 9.39733704e+02, 1.57390015e+02,
    9.36872253e+02, 1.90271881e+02, 9.33856079e+02, 2.22722198e+02,
    9.30720215e+02, 2.54788467e+02 ]
