%YAML:1.0
points: [ 8.42058167e+02, 7.41903320e+02, 8.04782898e+02, 7.34681519e+02,
    7.68008362e+02, 7.27985657e+02, 7.31971191e+02, 7.20980225e+02,
    6.96405029e+02, 7.14340637e+02, 8.41112244e+02, 7.08525330e+02,
    8.03026672e+02, 7.01735291e+02, 7.65531006e+02, 6.95291321e+02,
    7.29128357e+02, 6.88226746e+02, 6.93086243e+02, 6.81675049e+02,
    8.40082031e+02, 6.74061768e+02, 8.01153748e+02, 6.67679565e+02,
    7.63346130e+02, 6.60853394e+02, 7.25995361e+02, 6.54638123e+02,
    6.89387390e+02, 6.48163635e+02, 8.38901062e+02, 6.38376526e+02,
    7.99185669e+02, 6.32602722e+02, 7.61010803e+02, 6.25563293e+02,
    7.22972046e+02, 6.19456543e+02, 6.85522888e+02, 6.13404053e+02,
    8.37652893e+02, 6.01570374e+02, 7.97375122e+02, 5.95871704e+02,
    7.58388916e+02, 5.89251221e+02, 7.19795532e+02, 5.83236511e+02,
    6.81612488e+02, 5.77581787e+02, 8.36505737e+02, 5.63341125e+02,
    7.95443420e+02, 5.57853271e+02, 7.55711731e+02, 5.51700439e+02,
    7.16371338e+02, 5.45758362e+02, 6.77533508e+02, 5.40362915e+02,
    8.35241638e+02, 5.23638184e+02, 7.93446411e+02, 5.18436096e+02,
    7.52843506e+02, 5.12576416e+02, 7.12679138e+02, 5.07110260e+02,
    6.73028564e+02, 5.01964142e+02 ]
