%YAML:1.0
points: [ 9.30321777e+02, 3.42549683e+02, 9.07636292e+02, 3.22948761e+02,
    8.84981140e+02, 3.03399902e+02, 8.62583374e+02, 2.84047302e+02,
    8.40210449e+02, 2.64748413e+02, 9.49484070e+02, 3.18198364e+02,
    9.26544739e+02, 2.98392426e+02, 9.03708252e+02, 2.78913422e+02,
    8.81133972e+02, 2.59504883e+02, 8.58608276e+02, 2.39991730e+02,
    9.68990723e+02, 2.93393890e+02, 9.45657166e+02, 2.73590363e+02,
    9.22752197e+02, 2.53998428e+02, 8.99997681e+02, 2.34492630e+02,
    8.77155945e+02, 2.14925369e+02, 9.88679016e+02, 2.68306091e+02,
    9.65164307e+02, 2.48481308e+02, 9.42117676e+02, 2.28712112e+02,
    9.18991882e+02, 2.09097061e+02, 8.95980713e+02, 1.89478470e+02,
    1.00863916e+03, 2.42821228e+02, 9.85028259e+02, 2.22882904e+02,
    9.61684143e+02, 2.03082199e+02, 9.38356506e+02, 1.83301468e+02,
    9.15118469e+02, 1.63623169e+02, 1.02903687e+03, 2.16931671e+02,
    1.00524414e+03, 1.96877640e+02, 9.81549438e+02, 1.77018143e+02,
    9.58039856e+02, 1.57113846e+02, 9.34513000e+02, 1.37388153e+02,
    1.04973328e+03, 1.90600571e+02, 1.02568640e+03, 1.70421173e+02,
    1.00175165e+03, 1.50473495e+02, 9.77868042e+02, 1.30464844e+02,
    9.54215454e+02, 1.10546051e+02 ]
