%YAML:1.0
points: [ 3.25579041e+02, 1.95837753e+02, 3.16838226e+02, 1.88862671e+02,
    3.08125183e+02, 1.81946732e+02, 2.99408356e+02, 1.74888870e+02,
    2.90625244e+02, 1.67865143e+02, 3.33140472e+02, 1.87704224e+02,
    3.24303436e+02, 1.80613983e+02, 3.15463959e+02, 1.73611923e+02,
    3.06636444e+02, 1.66470901e+02, 2.97769257e+02, 1.59328125e+02,
    3.40903809e+02, 1.79345154e+02, 3.31977020e+02, 1.72231918e+02,
    3.23036346e+02, 1.65015274e+02, 3.14095886e+02, 1.57831070e+02,
    3.05105286e+02, 1.50541183e+02, 3.48900574e+02, 1.70771515e+02,
    3.39883636e+02, 1.63603928e+02, 3.30824890e+02, 1.56195496e+02,
    3.21762360e+02, 1.48882568e+02, 3.12674377e+02, 1.41546936e+02,
    3.57143829e+02, 1.61994888e+02, 3.48008667e+02, 1.54691147e+02,
    3.38829254e+02, 1.47207565e+02, 3.29663818e+02, 1.39734680e+02,
    3.20452301e+02, 1.32291580e+02, 3.65625641e+02, 1.52933258e+02,
    3.56429871e+02, 1.45549988e+02, 3.47102753e+02, 1.37913620e+02,
    3.37768036e+02, 1.30333221e+02, 3.28519531e+02, 1.22757736e+02,
    3.74339996e+02, 1.43677002e+02, 3.65038818e+02, 1.36097198e+02,
    3.55593628e+02, 1.28408417e+02, 3.46098602e+02, 1.20672943e+02,
    3.36719757e+02, 1.12988899e+02 ]
