%YAML:1.0
points: [ 2.28557587e+02, 2.53292297e+02, 2.15322952e+02, 2.50269623e+02,
    2.02358261e+02, 2.47361572e+02, 1.89706787e+02, 2.44441238e+02,
    1.77093521e+02, 2.41627106e+02, 2.29124298e+02, 2.40934357e+02,
    2.15721176e+02, 2.38006073e+02, 2.02576172e+02, 2.35259933e+02,
    1.89693924e+02, 2.32354889e+02, 1.76915131e+02, 2.29566849e+02,
    2.29833359e+02, 2.28338928e+02, 2.16083603e+02, 2.25614716e+02,
    2.02802551e+02, 2.22672348e+02, 1.89666962e+02, 2.19872879e+02,
    1.76722290e+02, 2.17150497e+02, 2.30472015e+02, 2.15195847e+02,
    2.16555359e+02, 2.12686951e+02, 2.03010193e+02, 2.09714005e+02,
    1.89679230e+02, 2.06976013e+02, 1.76525070e+02, 2.04380341e+02,
    2.31219788e+02, 2.01741760e+02, 2.16863831e+02, 1.99111130e+02,
    2.03239517e+02, 1.96341736e+02, 1.89648193e+02, 1.93697052e+02,
    1.76097244e+02, 1.91129074e+02, 2.32006775e+02, 1.87732910e+02,
    2.17418564e+02, 1.85200012e+02, 2.03340057e+02, 1.82445435e+02,
    1.89626068e+02, 1.80058609e+02, 1.75797165e+02, 1.77412872e+02,
    2.32415848e+02, 1.73262512e+02, 2.17858063e+02, 1.70801132e+02,
    2.03520187e+02, 1.68210312e+02, 1.89402008e+02, 1.65722900e+02,
    1.75472839e+02, 1.63332596e+02 ]
