%YAML:1.0
points: [ 8.21581116e+02, 6.84047485e+02, 7.84362549e+02, 6.75368896e+02,
    7.47445496e+02, 6.67112244e+02, 7.11691650e+02, 6.58499817e+02,
    6.76248291e+02, 6.50248535e+02, 8.22473694e+02, 6.48834656e+02,
    7.84518494e+02, 6.40260376e+02, 7.47120178e+02, 6.32264282e+02,
    7.10792053e+02, 6.23868164e+02, 6.74759949e+02, 6.15796387e+02,
    8.23455383e+02, 6.12283630e+02, 7.84586731e+02, 6.04308594e+02,
    7.46965881e+02, 5.95898499e+02, 7.09868225e+02, 5.88015625e+02,
    6.73271851e+02, 5.80124634e+02, 8.24333679e+02, 5.74638977e+02,
    7.84705688e+02, 5.67146729e+02, 7.46697937e+02, 5.58625305e+02,
    7.08912537e+02, 5.51000977e+02, 6.71609070e+02, 5.43348206e+02,
    8.25240784e+02, 5.35894409e+02, 7.85052002e+02, 5.28457458e+02,
    7.46294556e+02, 5.20340332e+02, 7.07813477e+02, 5.12762207e+02,
    6.69844116e+02, 5.05492523e+02, 8.26227356e+02, 4.95568390e+02,
    7.85410950e+02, 4.88438538e+02, 7.45803284e+02, 4.80719604e+02,
    7.06674622e+02, 4.73265076e+02, 6.68027100e+02, 4.66316864e+02,
    8.27253601e+02, 4.53912048e+02, 7.85662354e+02, 4.47004547e+02,
    7.45241089e+02, 4.39595398e+02, 7.05205811e+02, 4.32535126e+02,
    6.65858826e+02, 4.25837433e+02 ]
