%YAML:1.0
points: [ 3.19557953e+02, 2.24795227e+02, 3.12096893e+02, 2.18187897e+02,
    3.04550903e+02, 2.11592148e+02, 2.96897522e+02, 2.04706787e+02,
    2.89133514e+02, 1.97834183e+02, 3.27637390e+02, 2.19698349e+02,
    3.20107910e+02, 2.12929642e+02, 3.12425446e+02, 2.06171646e+02,
    3.04722748e+02, 1.99133270e+02, 2.96856018e+02, 1.92052948e+02,
    3.36033081e+02, 2.14369110e+02, 3.28403473e+02, 2.07575348e+02,
    3.20690735e+02, 2.00491882e+02, 3.12858215e+02, 1.93392746e+02,
    3.04912201e+02, 1.86122787e+02, 3.44721497e+02, 2.08884995e+02,
    3.37022766e+02, 2.01982635e+02, 3.29249695e+02, 1.94634720e+02,
    3.21333374e+02, 1.87375107e+02, 3.13304718e+02, 1.79935760e+02,
    3.53792816e+02, 2.03217453e+02, 3.46002167e+02, 1.96147964e+02,
    3.38130402e+02, 1.88642242e+02, 3.30134094e+02, 1.81120438e+02,
    3.21989349e+02, 1.73582062e+02, 3.63212006e+02, 1.97366882e+02,
    3.55358337e+02, 1.90062500e+02, 3.47399445e+02, 1.82419601e+02,
    3.39325775e+02, 1.74679276e+02, 3.31059418e+02, 1.66906570e+02,
    3.72986664e+02, 1.91215439e+02, 3.65059174e+02, 1.83761856e+02,
    3.57026215e+02, 1.75901459e+02, 3.48862701e+02, 1.68003433e+02,
    3.40538025e+02, 1.60086670e+02 ]
