%YAML:1.0
points: [ 8.16264465e+02, 6.54387207e+02, 7.78911255e+02, 6.44882141e+02,
    7.41941406e+02, 6.35756714e+02, 7.05916321e+02, 6.26495789e+02,
    6.70259949e+02, 6.17598389e+02, 8.18417908e+02, 6.18144775e+02,
    7.80308167e+02, 6.08830261e+02, 7.42799683e+02, 5.99986511e+02,
    7.06270325e+02, 5.90790649e+02, 6.70169800e+02, 5.81939392e+02,
    8.20567139e+02, 5.80637085e+02, 7.81659607e+02, 5.71802795e+02,
    7.43912537e+02, 5.62662537e+02, 7.06637024e+02, 5.53935791e+02,
    6.69878601e+02, 5.45322937e+02, 8.22831360e+02, 5.41981079e+02,
    7.83080139e+02, 5.33622620e+02, 7.44945251e+02, 5.24389465e+02,
    7.06934143e+02, 5.15905884e+02, 6.69466248e+02, 5.07513550e+02,
    8.25082764e+02, 5.02167450e+02, 7.84749023e+02, 4.93928131e+02,
    7.45860718e+02, 4.85066193e+02, 7.07227844e+02, 4.76683990e+02,
    6.69049988e+02, 4.68594299e+02, 8.27474426e+02, 4.60943024e+02,
    7.86545776e+02, 4.52862885e+02, 7.46721619e+02, 4.44401611e+02,
    7.07502808e+02, 4.36200653e+02, 6.68616760e+02, 4.28337952e+02,
    8.29975525e+02, 4.18250610e+02, 7.88213928e+02, 4.10445099e+02,
    7.47586548e+02, 4.02228363e+02, 7.07481567e+02, 3.94392761e+02,
    6.67896301e+02, 3.86805206e+02 ]
