%YAML:1.0
points: [ 2.26811462e+02, 2.42868149e+02, 2.13673279e+02, 2.39703171e+02,
    2.00655411e+02, 2.36577179e+02, 1.87832550e+02, 2.33273560e+02,
    1.75205841e+02, 2.30119568e+02, 2.27885361e+02, 2.30341080e+02,
    2.14474152e+02, 2.27024384e+02, 2.01151382e+02, 2.23972214e+02,
    1.88280914e+02, 2.20830246e+02, 1.75509613e+02, 2.17783585e+02,
    2.29038315e+02, 2.17328812e+02, 2.15238297e+02, 2.14218872e+02,
    2.01870682e+02, 2.11060364e+02, 1.88740860e+02, 2.08078583e+02,
    1.75701126e+02, 2.05008881e+02, 2.30171967e+02, 2.03834854e+02,
    2.15994614e+02, 2.00909424e+02, 2.02651550e+02, 1.97749893e+02,
    1.89055328e+02, 1.94795090e+02, 1.75846710e+02, 1.91897507e+02,
    2.31261505e+02, 1.90050125e+02, 2.16889175e+02, 1.87158844e+02,
    2.03228516e+02, 1.84071045e+02, 1.89619659e+02, 1.81137955e+02,
    1.75950531e+02, 1.78246979e+02, 2.32357117e+02, 1.75573502e+02,
    2.17889160e+02, 1.72812866e+02, 2.03893234e+02, 1.69957764e+02,
    1.89925491e+02, 1.67080688e+02, 1.76194992e+02, 1.64261353e+02,
    2.33555588e+02, 1.60783051e+02, 2.18860443e+02, 1.57985916e+02,
    2.04444153e+02, 1.55227783e+02, 1.90305969e+02, 1.52366745e+02,
    1.76243256e+02, 1.49752243e+02 ]
