%YAML:1.0
points: [ 7.93296997e+02, 3.86303955e+02, 7.77475647e+02, 3.68507599e+02,
    7.61661560e+02, 3.50994263e+02, 7.46489014e+02, 3.33726440e+02,
    7.31321350e+02, 3.16769592e+02, 8.04523926e+02, 3.64678101e+02,
    7.88233887e+02, 3.46678955e+02, 7.72099609e+02, 3.29249725e+02,
    7.56682495e+02, 3.11910400e+02, 7.41283020e+02, 2.94807312e+02,
    8.16079651e+02, 3.42284821e+02, 7.99158630e+02, 3.24324463e+02,
    7.83151184e+02, 3.06609406e+02, 7.67195740e+02, 2.89376343e+02,
    7.51369141e+02, 2.72220306e+02, 8.27860596e+02, 3.19254059e+02,
    8.10420837e+02, 3.01409637e+02, 7.94340393e+02, 2.83417572e+02,
    7.77936646e+02, 2.66074371e+02, 7.61720459e+02, 2.48934464e+02,
    8.39909485e+02, 2.95563232e+02, 8.22266479e+02, 2.77604614e+02,
    8.05693176e+02, 2.59699310e+02, 7.89002502e+02, 2.42183960e+02,
    7.72350952e+02, 2.24996307e+02, 8.52424377e+02, 2.71131958e+02,
    8.34460632e+02, 2.53089447e+02, 8.17348938e+02, 2.35155045e+02,
    8.00321838e+02, 2.17553925e+02, 7.83302307e+02, 2.00360367e+02,
    8.65362610e+02, 2.45881897e+02, 8.46893982e+02, 2.27856537e+02,
    8.29345520e+02, 2.09752167e+02, 8.11754700e+02, 1.92127747e+02,
    7.94382874e+02, 1.74886414e+02 ]
