%YAML:1.0
points: [ 6.87204773e+02, 5.99153748e+02, 6.61879517e+02, 5.89399597e+02,
    6.36981384e+02, 5.80040527e+02, 6.13287292e+02, 5.70668457e+02,
    5.89800903e+02, 5.61818787e+02, 6.85410645e+02, 5.67818359e+02,
    6.59585083e+02, 5.58317017e+02, 6.34436340e+02, 5.49625977e+02,
    6.10396057e+02, 5.40416443e+02, 5.86803955e+02, 5.31697083e+02,
    6.83576538e+02, 5.35459412e+02, 6.57054382e+02, 5.26613037e+02, 632.,
    5.17612549e+02, 6.07564941e+02, 5.09147827e+02, 5.83575928e+02,
    5.00881622e+02, 6.81625549e+02, 5.02153046e+02, 6.54561218e+02,
    4.93929840e+02, 6.29480164e+02, 4.85043427e+02, 6.04497131e+02,
    4.76967926e+02, 5.80107849e+02, 4.69138214e+02, 6.79440735e+02,
    4.67991364e+02, 6.52230835e+02, 4.60130768e+02, 6.26592651e+02,
    4.51730103e+02, 6.01293274e+02, 4.43923462e+02, 5.76585205e+02,
    4.36508331e+02, 6.77295166e+02, 4.32807220e+02, 6.49730042e+02,
    4.25269806e+02, 6.23655090e+02, 4.17477997e+02, 5.98061951e+02,
    4.09937866e+02, 5.72908569e+02, 4.02955719e+02, 6.75042114e+02,
    3.96484253e+02, 6.47007690e+02, 3.89436890e+02, 6.20455627e+02,
    3.82071442e+02, 5.94253540e+02, 3.75071625e+02, 5.68731384e+02,
    3.68442780e+02 ]
