%YAML:1.0
points: [ 1.78725403e+02, 2.23768600e+02, 1.69616699e+02, 2.20419449e+02,
    1.60589233e+02, 2.17191574e+02, 1.52092728e+02, 2.13927872e+02,
    1.43658020e+02, 2.10829208e+02, 1.78350616e+02, 2.12859863e+02,
    1.69072540e+02, 2.09593002e+02, 1.59943375e+02, 2.06492661e+02,
    1.51307907e+02, 2.03325317e+02, 1.42819489e+02, 2.00328888e+02,
    1.77977585e+02, 2.01582672e+02, 1.68419891e+02, 1.98514435e+02,
    1.59404877e+02, 1.95381149e+02, 1.50525162e+02, 1.92412079e+02,
    1.41884460e+02, 1.89525681e+02, 1.77521118e+02, 1.89981049e+02,
    1.67708664e+02, 1.87086441e+02, 1.58734848e+02, 1.84015274e+02,
    1.49692322e+02, 1.81196686e+02, 1.40934509e+02, 1.78453598e+02,
    1.76998901e+02, 1.78085022e+02, 1.67128967e+02, 1.75337616e+02,
    1.57956802e+02, 1.72450043e+02, 1.48836395e+02, 1.69709641e+02,
    1.39887589e+02, 1.67080170e+02, 1.76526215e+02, 1.65831848e+02,
    1.66509521e+02, 1.63185776e+02, 1.57110870e+02, 1.60477631e+02,
    1.47908264e+02, 1.57845291e+02, 1.38852798e+02, 1.55404083e+02,
    1.75978241e+02, 1.53166168e+02, 1.65803360e+02, 1.50636948e+02,
    1.56279602e+02, 1.48094971e+02, 1.46863495e+02, 1.45673828e+02,
    1.37646042e+02, 1.43349518e+02 ]
