%YAML:1.0
points: [ 3.15989990e+02, 2.34504318e+02, 3.09037842e+02, 2.28382263e+02,
    3.02077179e+02, 2.22351608e+02, 2.94875153e+02, 2.15929642e+02,
    2.87547272e+02, 2.09480804e+02, 3.24063507e+02, 2.30892685e+02,
    3.17071808e+02, 2.24645493e+02, 3.09981873e+02, 2.18498383e+02,
    3.02754791e+02, 2.11869812e+02, 2.95384216e+02, 2.05199448e+02,
    3.32485779e+02, 2.27115845e+02, 3.25442596e+02, 2.20912964e+02,
    3.18302368e+02, 2.14244171e+02, 3.11007904e+02, 2.07627670e+02,
    3.03557007e+02, 2.00788376e+02, 3.41277954e+02, 2.23180878e+02,
    3.34166901e+02, 2.16940796e+02, 3.27000793e+02, 2.09987656e+02,
    3.19621033e+02, 2.03165146e+02, 3.12108673e+02, 1.96197372e+02,
    3.50441589e+02, 2.19176071e+02, 3.43300781e+02, 2.12674652e+02,
    3.36008148e+02, 2.05577042e+02, 3.28602112e+02, 1.98555649e+02, 321.,
    1.91485580e+02, 3.59980591e+02, 2.14972321e+02, 3.52783112e+02,
    2.08258041e+02, 3.45464386e+02, 2.01064667e+02, 3.37960419e+02,
    1.93787735e+02, 3.30309631e+02, 1.86517639e+02, 3.69913513e+02,
    2.10592484e+02, 3.62672058e+02, 2.03704407e+02, 3.55294769e+02,
    1.96311447e+02, 3.47771820e+02, 1.88855148e+02, 3.40023193e+02,
    1.81459641e+02 ]
