%YAML:1.0
points: [ 8.19015320e+02, 5.93858154e+02, 7.99863220e+02, 5.87904785e+02,
    7.80935791e+02, 5.82134460e+02, 7.62938538e+02, 5.76420654e+02,
    7.45079712e+02, 5.71009033e+02, 8.18679199e+02, 5.68573975e+02,
    7.99208801e+02, 5.62870667e+02, 7.80255981e+02, 5.57602295e+02,
    7.62151855e+02, 5.52140442e+02, 7.44227661e+02, 5.46826050e+02,
    8.18311340e+02, 5.42800110e+02, 7.98460876e+02, 5.37584534e+02,
    7.79736450e+02, 5.32326904e+02, 7.61289551e+02, 5.27305969e+02,
    7.43285522e+02, 5.22405884e+02, 8.17932983e+02, 5.16729065e+02,
    7.97765381e+02, 5.11989014e+02, 7.79106934e+02, 5.06877991e+02,
    7.60449097e+02, 5.02219910e+02, 7.42239075e+02, 4.97713562e+02,
    8.17442810e+02, 4.90320892e+02, 7.97254089e+02, 4.85876434e+02,
    7.78321960e+02, 4.81153259e+02, 7.59563965e+02, 4.76772278e+02,
    7.41102356e+02, 4.72563202e+02, 8.17036743e+02, 4.63403168e+02,
    7.96700439e+02, 4.59233643e+02, 7.77488098e+02, 4.55013794e+02,
    7.58644043e+02, 4.50863922e+02, 7.39936340e+02, 4.47014008e+02,
    8.16607605e+02, 4.36078674e+02, 7.96104736e+02, 4.32279602e+02,
    7.76585571e+02, 4.28331482e+02, 7.57422668e+02, 4.24674438e+02,
    7.38625916e+02, 4.21060822e+02 ]
