%YAML:1.0
points: [ 2.94901672e+02, 2.28632568e+02, 2.87705597e+02, 2.22341995e+02,
    2.80491791e+02, 2.16189835e+02, 2.73236908e+02, 2.09716980e+02,
    2.65863190e+02, 2.03267868e+02, 3.01088898e+02, 2.25385635e+02,
    2.93812500e+02, 2.19047363e+02, 2.86405579e+02, 2.12671066e+02,
    2.79069519e+02, 2.06078064e+02, 2.71570068e+02, 1.99422180e+02,
    3.07549072e+02, 2.22050690e+02, 3.00111542e+02, 2.15605942e+02,
    2.92675293e+02, 2.08921967e+02, 2.85145844e+02, 2.02252731e+02,
    2.77479980e+02, 1.95428726e+02, 3.14325836e+02, 2.18501480e+02,
    3.06730835e+02, 2.12063354e+02, 2.99251282e+02, 2.05024994e+02,
    2.91527466e+02, 1.98221481e+02, 2.83768158e+02, 1.91281891e+02,
    3.21425690e+02, 2.14859695e+02, 3.13687897e+02, 2.08203171e+02,
    3.06072266e+02, 2.01066086e+02, 2.98235260e+02, 1.94005203e+02,
    2.90266510e+02, 1.86969818e+02, 3.28917145e+02, 2.11058670e+02,
    3.21033905e+02, 2.04165512e+02, 3.13192932e+02, 1.96932907e+02,
    3.05242035e+02, 1.89654129e+02, 2.97138245e+02, 1.82417130e+02,
    3.36723145e+02, 2.07061630e+02, 3.28664886e+02, 1.99974579e+02,
    3.20695160e+02, 1.92528412e+02, 3.12539246e+02, 1.85116241e+02,
    3.04260590e+02, 1.77744476e+02 ]
