%YAML:1.0
points: [ 6.77359802e+02, 5.34040710e+02, 6.52125305e+02, 5.23076172e+02,
    6.27282288e+02, 5.12442627e+02, 6.03702393e+02, 5.01916779e+02,
    5.80324097e+02, 4.91793182e+02, 6.78377991e+02, 5.01170715e+02,
    6.52600342e+02, 4.90450195e+02, 6.27486023e+02, 4.80400696e+02,
    6.03624451e+02, 4.70198456e+02, 5.79979614e+02, 4.60261322e+02,
    6.79411316e+02, 4.67358551e+02, 6.52942871e+02, 4.57191559e+02,
    6.27910095e+02, 4.47057037e+02, 6.03496216e+02, 4.37508606e+02,
    5.79502258e+02, 4.27941437e+02, 6.80396423e+02, 4.32651550e+02,
    6.53301331e+02, 4.23071716e+02, 6.28272278e+02, 4.13051300e+02,
    6.03314087e+02, 4.03819153e+02, 5.78830078e+02, 3.94722931e+02,
    6.81258606e+02, 3.96994354e+02, 6.53954895e+02, 3.87814270e+02,
    6.28392029e+02, 3.78256561e+02, 6.03084045e+02, 3.69247925e+02,
    5.78218384e+02, 3.60574158e+02, 6.82255554e+02, 3.60282135e+02,
    6.54595581e+02, 3.51409058e+02, 6.28428101e+02, 3.42435669e+02,
    6.02766968e+02, 3.33675720e+02, 5.77548340e+02, 3.25476257e+02,
    6.83200867e+02, 3.22404846e+02, 6.55063110e+02, 3.13976105e+02,
    6.28383301e+02, 3.05426117e+02, 6.02058533e+02, 2.97260101e+02,
    5.76461975e+02, 2.89351074e+02 ]
