%YAML:1.0
points: [ 1.75547363e+02, 2.01042313e+02, 1.66442902e+02, 1.97216217e+02,
    1.57496552e+02, 1.93546829e+02, 1.48997635e+02, 1.89898987e+02,
    1.40597839e+02, 1.86382950e+02, 1.76125504e+02, 1.89662537e+02,
    1.66835007e+02, 1.85869904e+02, 1.57767776e+02, 1.82381027e+02,
    1.49165375e+02, 1.78816879e+02, 1.40684692e+02, 1.75377457e+02,
    1.76717865e+02, 1.77860764e+02, 1.67169327e+02, 1.74342529e+02,
    1.58180008e+02, 1.70773636e+02, 1.49316956e+02, 1.67421539e+02,
    1.40705368e+02, 1.64066742e+02, 1.77296814e+02, 1.65781525e+02,
    1.67497131e+02, 1.62432617e+02, 1.58517105e+02, 1.58905090e+02,
    1.49478699e+02, 1.55677689e+02, 1.40713501e+02, 1.52520187e+02,
    1.77857925e+02, 1.53347260e+02, 1.67935715e+02, 1.50085236e+02,
    1.58750748e+02, 1.46771332e+02, 1.49652161e+02, 1.43630737e+02,
    1.40704590e+02, 1.40602509e+02, 1.78446869e+02, 1.40503342e+02,
    1.68401443e+02, 1.37358932e+02, 1.58964020e+02, 1.34237213e+02,
    1.49764969e+02, 1.31209015e+02, 1.40699142e+02, 1.28361313e+02,
    1.79022644e+02, 1.27256363e+02, 1.68783340e+02, 1.24265572e+02,
    1.59229858e+02, 1.21307098e+02, 1.49789337e+02, 1.18448792e+02,
    1.40577789e+02, 1.15755043e+02 ]
