%YAML:1.0
points: [ 7.17690796e+02, 4.47241089e+02, 7.03637817e+02, 4.29613617e+02,
    6.89644958e+02, 4.12224487e+02, 6.76127136e+02, 3.95061523e+02,
    6.62613464e+02, 3.78213196e+02, 7.27514282e+02, 4.28201050e+02,
    7.13115112e+02, 4.10377930e+02, 6.98761108e+02, 3.93100800e+02,
    6.85175049e+02, 3.75823944e+02, 6.71435974e+02, 3.58733582e+02,
    7.37717346e+02, 4.08630157e+02, 7.22721497e+02, 3.90727905e+02,
    7.08512634e+02, 3.73153351e+02, 6.94466492e+02, 3.55959167e+02,
    6.80414429e+02, 3.38885529e+02, 7.48072388e+02, 3.88468170e+02,
    7.32571472e+02, 3.70673065e+02, 7.18383667e+02, 3.52774719e+02,
    7.03908813e+02, 3.35498993e+02, 6.89548462e+02, 3.18359802e+02,
    7.58575256e+02, 3.67745941e+02, 7.42982727e+02, 3.49929291e+02,
    7.28359680e+02, 3.32010834e+02, 7.13585632e+02, 3.14517914e+02,
    6.98867249e+02, 2.97352081e+02, 7.69494385e+02, 3.46474274e+02,
    7.53625854e+02, 3.28529968e+02, 7.38572937e+02, 3.10616516e+02,
    7.23556946e+02, 2.92924988e+02, 7.08438843e+02, 2.75726105e+02,
    7.80718323e+02, 3.24544464e+02, 7.64451172e+02, 3.06516479e+02,
    7.49055420e+02, 2.88483704e+02, 7.33516235e+02, 2.70777008e+02,
    7.18131042e+02, 2.53455109e+02 ]
