%YAML:1.0
points: [ 8.38638916e+02, 4.17157410e+02, 8.18107239e+02, 3.98276459e+02,
    7.97477173e+02, 3.79462830e+02, 7.77166748e+02, 3.60719818e+02,
    7.56776794e+02, 3.42058380e+02, 8.56336609e+02, 3.95432831e+02,
    8.35551514e+02, 3.76418762e+02, 8.14745361e+02, 3.57629608e+02,
    7.94260742e+02, 3.38804565e+02, 7.73755066e+02, 3.19979034e+02,
    8.74218140e+02, 3.73364471e+02, 8.53120117e+02, 3.54329346e+02,
    8.32370239e+02, 3.35336029e+02, 8.11658325e+02, 3.16534882e+02,
    7.90932556e+02, 2.97634918e+02, 8.92348022e+02, 3.51026031e+02,
    8.71000977e+02, 3.31934845e+02, 8.50184204e+02, 3.12861664e+02,
    8.29246033e+02, 2.93894897e+02, 8.08317200e+02, 2.74927490e+02,
    9.10651184e+02, 3.28398590e+02, 8.89223450e+02, 3.09209930e+02,
    8.68152771e+02, 2.90078522e+02, 8.46988831e+02, 2.70997772e+02,
    8.25860168e+02, 2.51903625e+02, 9.29303955e+02, 3.05476685e+02,
    9.07725830e+02, 2.86191864e+02, 8.86379761e+02, 2.66940826e+02,
    8.65080750e+02, 2.47735458e+02, 8.43741943e+02, 2.28597672e+02,
    9.48186279e+02, 2.82164551e+02, 9.26408386e+02, 2.62768341e+02,
    9.04841431e+02, 2.43464493e+02, 8.83248718e+02, 2.24138840e+02,
    8.61763794e+02, 2.04866440e+02 ]
