%YAML:1.0
points: [ 6.95133362e+02, 5.42276489e+02, 6.67631531e+02, 5.31195923e+02,
    6.40464417e+02, 5.20409058e+02, 6.14492371e+02, 5.09694031e+02,
    5.88840820e+02, 4.99358734e+02, 6.96888611e+02, 5.08471191e+02,
    6.68709656e+02, 4.97493164e+02, 6.41230164e+02, 4.87304840e+02,
    6.14937195e+02, 4.76862152e+02, 5.89013550e+02, 4.66687683e+02,
    6.98635254e+02, 4.73593170e+02, 6.69732971e+02, 4.63250153e+02,
    6.42250549e+02, 4.52845367e+02, 6.15375000e+02, 4.43008575e+02,
    5.89040649e+02, 4.33225769e+02, 7.00316833e+02, 4.37776367e+02,
    6.70751526e+02, 4.27981293e+02, 6.43185181e+02, 4.17666168e+02,
    6.15745300e+02, 4.08129852e+02, 5.88902588e+02, 3.98818939e+02,
    7.01882507e+02, 4.00946411e+02, 6.72077148e+02, 3.91459930e+02,
    6.43960693e+02, 3.81685242e+02, 6.16092896e+02, 3.72363098e+02,
    5.88795288e+02, 3.63395569e+02, 7.03642517e+02, 3.63020538e+02,
    6.73385254e+02, 3.53812042e+02, 6.44656677e+02, 3.44592346e+02,
    6.16397583e+02, 3.35567291e+02, 5.88626709e+02, 3.27017914e+02,
    7.05432983e+02, 3.23845764e+02, 6.74619568e+02, 3.15112946e+02,
    6.45251221e+02, 3.06199158e+02, 6.16359680e+02, 2.97757080e+02,
    5.88114563e+02, 2.89533112e+02 ]
