%YAML:1.0
points: [ 1.82386871e+02, 2.03931732e+02, 1.72498520e+02, 2.00055740e+02,
    1.62736633e+02, 1.96322830e+02, 1.53427979e+02, 1.92630890e+02,
    1.44217148e+02, 1.88982376e+02, 1.83188263e+02, 1.92162292e+02,
    1.73105438e+02, 1.88386673e+02, 1.63225861e+02, 1.84790436e+02,
    1.53775253e+02, 1.81113739e+02, 1.44502731e+02, 1.77653397e+02,
    1.84041565e+02, 1.80027115e+02, 1.73705490e+02, 1.76454071e+02,
    1.63822952e+02, 1.72800583e+02, 1.54147537e+02, 1.69361954e+02,
    1.44697205e+02, 1.65907364e+02, 1.84903854e+02, 1.67572342e+02,
    1.74230331e+02, 1.64097061e+02, 1.64410461e+02, 1.60550919e+02,
    1.54519501e+02, 1.57182709e+02, 1.44883621e+02, 1.53915939e+02,
    1.85714752e+02, 1.54732986e+02, 1.74954590e+02, 1.51346298e+02,
    1.64895844e+02, 1.47975723e+02, 1.54868851e+02, 1.44705734e+02,
    1.45060562e+02, 1.41577438e+02, 1.86544037e+02, 1.41446457e+02,
    1.75680389e+02, 1.38245193e+02, 1.65330719e+02, 1.35031479e+02,
    1.55253845e+02, 1.31886185e+02, 1.45306717e+02, 1.28902618e+02,
    1.87441971e+02, 1.27765472e+02, 1.76334976e+02, 1.24669540e+02,
    1.65867249e+02, 1.21572548e+02, 1.55501678e+02, 1.18631546e+02,
    1.45390076e+02, 1.15830002e+02 ]
