%YAML:1.0
points: [ 3.38194489e+02, 2.39030228e+02, 3.31974365e+02, 2.33180878e+02,
    3.25712677e+02, 2.27299362e+02, 3.19169403e+02, 2.21013519e+02,
    3.12454712e+02, 2.14605637e+02, 3.47654785e+02, 2.34981842e+02,
    3.41509064e+02, 2.28970703e+02, 3.35195007e+02, 2.22958603e+02,
    3.28692932e+02, 2.16488144e+02, 3.21991913e+02, 2.09911728e+02,
    3.57468048e+02, 2.30734711e+02, 3.51357849e+02, 2.24724060e+02,
    3.45033234e+02, 2.18323364e+02, 3.38614044e+02, 2.11827942e+02,
    3.31906769e+02, 2.05024841e+02, 3.67603821e+02, 2.26379272e+02,
    3.61584656e+02, 2.20388809e+02, 3.55286469e+02, 2.13559967e+02,
    3.48854675e+02, 2.06899384e+02, 3.42236664e+02, 1.99988968e+02,
    3.78083252e+02, 2.21952118e+02, 3.72111542e+02, 2.15728607e+02,
    3.65885162e+02, 2.08810867e+02, 3.59516663e+02, 2.01853806e+02,
    3.52920685e+02, 1.94826065e+02, 3.88957367e+02, 2.17318405e+02,
    3.83089661e+02, 2.10866058e+02, 3.76909210e+02, 2.03850723e+02,
    3.70551331e+02, 1.96689545e+02, 3.64032379e+02, 1.89454758e+02,
    4.00166412e+02, 2.12524460e+02, 3.94373138e+02, 2.05896194e+02,
    3.88290771e+02, 1.98689255e+02, 3.82060394e+02, 1.91386002e+02,
    3.75592438e+02, 1.83997849e+02 ]
