%YAML:1.0
points: [ 3.42639313e+02, 2.62453369e+02, 3.34858948e+02, 2.59476837e+02,
    3.26993073e+02, 2.56607910e+02, 3.18813110e+02, 2.53388794e+02,
    3.10490875e+02, 2.50238464e+02, 3.49914825e+02, 2.58211304e+02,
    3.42088593e+02, 2.55190918e+02, 3.34061340e+02, 2.52251465e+02,
    3.25807800e+02, 2.48919434e+02, 3.17463440e+02, 2.45660919e+02,
    3.57487549e+02, 2.53853302e+02, 3.49672760e+02, 2.50868683e+02,
    3.41506226e+02, 2.47535690e+02, 3.33255066e+02, 2.44314041e+02,
    3.24742859e+02, 2.40833572e+02, 3.65419220e+02, 2.49327255e+02,
    3.57497772e+02, 2.46411163e+02, 3.49273224e+02, 2.42718002e+02,
    3.40911865e+02, 2.39390015e+02, 3.32376465e+02, 2.35907684e+02,
    3.73718811e+02, 2.44644745e+02, 3.65711578e+02, 2.41597382e+02,
    3.57422729e+02, 2.37838898e+02, 3.48914795e+02, 2.34324844e+02,
    3.40298523e+02, 2.30781509e+02, 3.82273743e+02, 2.39783951e+02,
    3.74228638e+02, 2.36567581e+02, 3.65935760e+02, 2.32821014e+02,
    3.57372070e+02, 2.29041687e+02, 3.48608673e+02, 2.25391495e+02,
    3.91278290e+02, 2.34699570e+02, 3.83199799e+02, 2.31330826e+02,
    3.74811096e+02, 2.27455933e+02, 3.66184113e+02, 2.23618591e+02,
    3.57374573e+02, 2.19894821e+02 ]
