%YAML:1.0
points: [ 7.38645874e+02, 5.58741943e+02, 7.06485718e+02, 5.47350098e+02,
    6.74717834e+02, 5.36404602e+02, 6.44064026e+02, 5.25409668e+02,
    6.13826904e+02, 5.14811584e+02, 7.41843689e+02, 5.22855896e+02,
    7.08935852e+02, 5.11700745e+02, 6.76778931e+02, 5.01076599e+02,
    6.45798889e+02, 4.90327362e+02, 6.15188782e+02, 4.79852570e+02,
    7.45088013e+02, 4.85898590e+02, 7.11442200e+02, 4.75205505e+02,
    6.79214111e+02, 4.64478149e+02, 6.47573181e+02, 4.54228821e+02,
    6.16418823e+02, 4.43989014e+02, 7.48353210e+02, 4.47828491e+02,
    7.14002075e+02, 4.37703461e+02, 6.81462952e+02, 4.26955688e+02,
    6.49206848e+02, 4.17013397e+02, 6.17484253e+02, 4.07151794e+02,
    7.51627625e+02, 4.08777466e+02, 7.16890442e+02, 3.98830750e+02,
    6.83750671e+02, 3.88591400e+02, 6.50856995e+02, 3.78726776e+02,
    6.18579407e+02, 3.69228790e+02, 7.55104004e+02, 3.68405151e+02,
    7.19776917e+02, 3.58694824e+02, 6.85907166e+02, 3.48866974e+02,
    6.52583984e+02, 3.39314331e+02, 6.19729248e+02, 3.30217255e+02,
    7.58626160e+02, 3.26672394e+02, 7.22651306e+02, 3.17346588e+02,
    6.88112732e+02, 3.07876678e+02, 6.53998047e+02, 2.98746674e+02,
    6.20584961e+02, 2.89848938e+02 ]
