%YAML:1.0
points: [ 1.98746536e+02, 2.09725891e+02, 1.87263947e+02, 2.05707138e+02,
    1.75996597e+02, 2.01889465e+02, 1.65049881e+02, 1.98025681e+02,
    1.54273224e+02, 1.94424622e+02, 2.00152191e+02, 1.97229126e+02,
    1.88405930e+02, 1.93314194e+02, 1.76958969e+02, 1.89641983e+02,
    1.65890610e+02, 1.85835449e+02, 1.54972687e+02, 1.82204529e+02,
    2.01492996e+02, 1.84327805e+02, 1.89513275e+02, 1.80632492e+02,
    1.78047821e+02, 1.76884415e+02, 1.66694443e+02, 1.73272202e+02,
    1.55560944e+02, 1.69720749e+02, 2.02911514e+02, 1.71144943e+02,
    1.90649780e+02, 1.67460159e+02, 1.79129059e+02, 1.63844437e+02,
    1.67482300e+02, 1.60262848e+02, 1.56220718e+02, 1.56868881e+02,
    2.04392319e+02, 1.57428375e+02, 1.91964554e+02, 1.54015366e+02,
    1.80152908e+02, 1.50334991e+02, 1.68385742e+02, 1.46995880e+02,
    1.56893539e+02, 1.43599655e+02, 2.05806717e+02, 1.43336517e+02,
    1.93234589e+02, 1.39980316e+02, 1.81145599e+02, 1.36484406e+02,
    1.69255463e+02, 1.33180298e+02, 1.57503815e+02, 1.30006668e+02,
    2.07414398e+02, 1.28758667e+02, 1.94548645e+02, 1.25525848e+02,
    1.82199814e+02, 1.22179222e+02, 1.70037521e+02, 1.18947067e+02,
    1.58132309e+02, 1.15888489e+02 ]
