%YAML:1.0
points: [ 9.19699524e+02, 4.20633301e+02, 8.92104126e+02, 4.16952057e+02,
    8.64673645e+02, 4.13353149e+02, 8.37764038e+02, 4.09783752e+02,
    8.11045105e+02, 4.06228577e+02, 9.23129700e+02, 3.91563995e+02,
    8.95307922e+02, 3.88071686e+02, 8.67827271e+02, 3.84622559e+02,
    8.40810364e+02, 3.81161346e+02, 8.13971069e+02, 3.77691925e+02,
    9.26581055e+02, 3.62237579e+02, 8.98555054e+02, 3.58848358e+02,
    8.71040100e+02, 3.55525665e+02, 8.43850403e+02, 3.52236725e+02,
    8.16798035e+02, 3.48940155e+02, 9.30056580e+02, 3.32613922e+02,
    9.01838745e+02, 3.29386108e+02, 8.74242859e+02, 3.26191986e+02,
    8.46823303e+02, 3.23039307e+02, 8.19660339e+02, 3.19865082e+02,
    9.33528748e+02, 3.02698334e+02, 9.05220642e+02, 2.99576447e+02,
    8.77475586e+02, 2.96625305e+02, 8.49880615e+02, 2.93591553e+02,
    8.22486755e+02, 2.90570282e+02, 9.37090210e+02, 2.72501251e+02,
    9.08664124e+02, 2.69526428e+02, 8.80704468e+02, 2.66671204e+02,
    8.52923218e+02, 2.63801758e+02, 8.25430054e+02, 2.60878052e+02,
    9.40685608e+02, 2.41918930e+02, 9.12031372e+02, 2.39070450e+02,
    8.83920593e+02, 2.36378647e+02, 8.55948730e+02, 2.33666092e+02,
    8.28220947e+02, 2.30827545e+02 ]
