%YAML:1.0
points: [ 7.53957031e+02, 6.58199707e+02, 7.21967346e+02, 6.49073181e+02,
    6.90376831e+02, 6.40185730e+02, 6.59942261e+02, 6.31284668e+02,
    6.29736755e+02, 6.22944519e+02, 7.52921448e+02, 6.24866760e+02,
    7.20201599e+02, 6.15965820e+02, 6.88155029e+02, 6.07764893e+02,
    6.57354553e+02, 5.99058655e+02, 6.26913208e+02, 5.90684509e+02,
    7.51807251e+02, 5.90479126e+02, 7.18302185e+02, 5.82214233e+02,
    6.86186096e+02, 5.73669800e+02, 6.54673340e+02, 5.65567993e+02,
    6.23815979e+02, 5.57599487e+02, 7.50530823e+02, 5.55130554e+02,
    7.16431274e+02, 5.47440613e+02, 6.84071838e+02, 5.38829529e+02,
    6.51929993e+02, 5.31155457e+02, 6.20489868e+02, 5.23517822e+02,
    7.49155090e+02, 5.18732544e+02, 7.14649536e+02, 5.11266754e+02,
    6.81684387e+02, 5.03140625e+02, 6.49101746e+02, 4.95536743e+02,
    6.17118591e+02, 4.88389282e+02, 7.47808838e+02, 4.81105347e+02,
    7.12785706e+02, 4.73883423e+02, 6.79149170e+02, 4.66311249e+02,
    6.46085022e+02, 4.58892212e+02, 6.13531067e+02, 4.52092133e+02,
    7.46390442e+02, 4.42143097e+02, 7.10753418e+02, 4.35373993e+02,
    6.76421753e+02, 4.28059967e+02, 6.42694275e+02, 4.21245148e+02,
    6.09562073e+02, 4.14745270e+02 ]
