%YAML:1.0
points: [ 2.03602325e+02, 2.44254501e+02, 1.92223175e+02, 2.41120605e+02,
    1.80981110e+02, 2.38128555e+02, 1.70103409e+02, 2.35041901e+02,
    1.59387634e+02, 2.32122772e+02, 2.03542969e+02, 2.32711105e+02,
    1.91924423e+02, 2.29651672e+02, 1.80490173e+02, 2.26768875e+02,
    1.69468430e+02, 2.23764328e+02, 1.58648651e+02, 2.20885208e+02,
    2.03465439e+02, 2.20774353e+02, 1.91530762e+02, 2.17886963e+02,
    1.80097366e+02, 2.14893829e+02, 1.68831390e+02, 2.12111603e+02,
    1.57834625e+02, 2.09383728e+02, 2.03355743e+02, 2.08506027e+02,
    1.91156479e+02, 2.05765961e+02, 1.79648071e+02, 2.02788605e+02,
    1.68162598e+02, 2.00076675e+02, 1.56968765e+02, 1.97469528e+02,
    2.03153946e+02, 1.95799347e+02, 1.90830383e+02, 1.93182709e+02,
    1.79121552e+02, 1.90388641e+02, 1.67434952e+02, 1.87723618e+02,
    1.56053696e+02, 1.85201126e+02, 2.02955002e+02, 1.82687912e+02,
    1.90477737e+02, 1.80181915e+02, 1.78476593e+02, 1.77527740e+02,
    1.66678864e+02, 1.74952942e+02, 1.55082550e+02, 1.72572495e+02,
    2.02810043e+02, 1.69158356e+02, 1.90049866e+02, 1.66752518e+02,
    1.77853851e+02, 1.64188629e+02, 1.65790939e+02, 1.61795242e+02,
    1.53948486e+02, 1.59488647e+02 ]
