%YAML:1.0
points: [ 3.19009491e+02, 2.56632233e+02, 3.10451172e+02, 2.52974014e+02,
    3.01928528e+02, 2.49518784e+02, 2.93223236e+02, 2.45738739e+02,
    2.84425476e+02, 2.42036789e+02, 3.24339172e+02, 2.52840515e+02,
    3.15743530e+02, 2.49163635e+02, 3.06977875e+02, 2.45623627e+02,
    2.98176666e+02, 2.41717224e+02, 2.89212738e+02, 2.37851501e+02,
    3.30009369e+02, 2.48851318e+02, 3.21223969e+02, 2.45251160e+02,
    3.12308228e+02, 2.41303772e+02, 3.03356415e+02, 2.37527527e+02,
    2.94220520e+02, 2.33560730e+02, 3.35980408e+02, 2.44729950e+02,
    3.26925873e+02, 2.41141602e+02, 3.17902710e+02, 2.36921463e+02,
    3.08722198e+02, 2.33042572e+02, 2.99463593e+02, 2.29016922e+02,
    3.42139252e+02, 2.40477173e+02, 3.33017883e+02, 2.36775055e+02,
    3.23764679e+02, 2.32515015e+02, 3.14390106e+02, 2.28396942e+02,
    3.04923035e+02, 2.24360138e+02, 3.48659912e+02, 2.35982025e+02,
    3.39367737e+02, 2.32163025e+02, 3.29886230e+02, 2.27844727e+02,
    3.20348572e+02, 2.23579529e+02, 3.10684540e+02, 2.19421814e+02,
    3.55527893e+02, 2.31366394e+02, 3.45997009e+02, 2.27375351e+02,
    3.36362701e+02, 2.22937393e+02, 3.26572968e+02, 2.18594574e+02,
    3.16693451e+02, 2.14342896e+02 ]
