%YAML:1.0
points: [ 8.85061584e+02, 4.76786194e+02, 8.64616333e+02, 4.73111725e+02,
    8.44395325e+02, 4.69539276e+02, 8.24985596e+02, 4.66063751e+02,
    8.05825867e+02, 4.62606415e+02, 8.84323059e+02, 4.52367493e+02,
    8.63581238e+02, 4.48831207e+02, 8.43293823e+02, 4.45780762e+02,
    8.23716858e+02, 4.42358704e+02, 8.04455872e+02, 4.39105743e+02,
    8.83555664e+02, 4.27339630e+02, 8.62464111e+02, 4.24410309e+02,
    8.42279663e+02, 4.21210358e+02, 8.22477661e+02, 4.18234100e+02,
    8.02940796e+02, 4.15285004e+02, 8.82748108e+02, 4.02071808e+02,
    8.61333923e+02, 3.99465485e+02, 8.41170959e+02, 3.96352905e+02,
    8.21125610e+02, 3.93778564e+02, 8.01367676e+02, 3.91043213e+02,
    8.81890808e+02, 3.76434967e+02, 8.60360718e+02, 3.73938263e+02,
    8.39959534e+02, 3.71269592e+02, 8.19715820e+02, 3.68756012e+02,
    7.99802124e+02, 3.66397614e+02, 8.81033691e+02, 3.50171112e+02,
    8.59397705e+02, 3.47952209e+02, 8.38675171e+02, 3.45668182e+02,
    8.18225525e+02, 3.43292847e+02, 7.98183105e+02, 3.41316528e+02,
    8.80104736e+02, 3.23395721e+02, 8.58276672e+02, 3.21458008e+02,
    8.37308167e+02, 3.19504608e+02, 8.16629944e+02, 3.17591217e+02,
    7.96340698e+02, 3.15769684e+02 ]
