%YAML:1.0
points: [ 3.53106720e+02, 2.60356659e+02, 3.50523590e+02, 2.54558884e+02,
    3.47900360e+02, 2.48778961e+02, 3.45066559e+02, 2.42337463e+02,
    3.42149719e+02, 2.35835175e+02, 3.64630249e+02, 2.57053619e+02,
    3.62244659e+02, 2.51246170e+02, 3.59868042e+02, 2.45308472e+02,
    3.57328186e+02, 2.38782990e+02, 3.54619476e+02, 2.32030991e+02,
    3.76231506e+02, 2.53758484e+02, 3.74245544e+02, 2.47972305e+02,
    3.71985443e+02, 2.41577835e+02, 3.69732422e+02, 2.35168365e+02,
    3.67343109e+02, 2.28255478e+02, 3.88078827e+02, 2.50420471e+02,
    3.86393005e+02, 2.44660553e+02, 3.84345459e+02, 2.37964432e+02,
    3.82391937e+02, 2.31409500e+02, 3.80341064e+02, 2.24367371e+02,
    4.00101532e+02, 2.47047699e+02, 3.98684235e+02, 2.41146576e+02,
    3.97032959e+02, 2.34351852e+02, 3.95289612e+02, 2.27553101e+02,
    3.93589386e+02, 2.20515350e+02, 4.12415649e+02, 2.43574341e+02,
    4.11223755e+02, 2.37518890e+02, 4.09853882e+02, 2.30747040e+02,
    4.08460510e+02, 2.23675339e+02, 4.07063538e+02, 2.16482605e+02,
    4.24776154e+02, 2.40094788e+02, 4.24013611e+02, 2.33910843e+02,
    4.22938202e+02, 2.26944672e+02, 4.21892609e+02, 2.19808487e+02,
    4.20820465e+02, 2.12579086e+02 ]
