%YAML:1.0
points: [ 2.07326035e+02, 2.59898865e+02, 1.95978897e+02, 2.57134583e+02,
    1.84757767e+02, 2.54460083e+02, 1.73989594e+02, 2.51782257e+02,
    1.63326050e+02, 2.49211914e+02, 2.06554398e+02, 2.48841324e+02,
    1.95036163e+02, 2.46162033e+02, 1.83664963e+02, 2.43638412e+02,
    1.72744598e+02, 2.41045975e+02, 1.61955963e+02, 2.38472626e+02,
    2.05798523e+02, 2.37427170e+02, 1.93987000e+02, 2.34956665e+02,
    1.82616058e+02, 2.32336136e+02, 1.71415451e+02, 2.29896667e+02,
    1.60473618e+02, 2.27474014e+02, 2.04975266e+02, 2.25683533e+02,
    1.92901306e+02, 2.23405899e+02, 1.81470734e+02, 2.20760056e+02,
    1.70080780e+02, 2.18444580e+02, 1.58956696e+02, 2.16137451e+02,
    2.04110092e+02, 2.13564590e+02, 1.91896484e+02, 2.11332458e+02,
    1.80252991e+02, 2.08859314e+02, 1.68706177e+02, 2.06595764e+02,
    1.57341385e+02, 2.04462784e+02, 2.03222778e+02, 2.00961151e+02,
    1.90796814e+02, 1.98864273e+02, 1.78914352e+02, 1.96616745e+02,
    1.67221207e+02, 1.94427917e+02, 1.55691635e+02, 1.92397278e+02,
    2.02260284e+02, 1.87996414e+02, 1.89623474e+02, 1.86023987e+02,
    1.77532272e+02, 1.83856384e+02, 1.65525406e+02, 1.81804398e+02,
    1.53825546e+02, 1.79897888e+02 ]
