%YAML:1.0
points: [ 8.84143005e+02, 4.67175720e+02, 8.62352051e+02, 4.62690521e+02,
    8.40841614e+02, 4.58348877e+02, 8.20062378e+02, 4.53970093e+02,
    7.99518066e+02, 4.49803314e+02, 8.84851990e+02, 4.42118530e+02,
    8.62757385e+02, 4.37782867e+02, 8.41130737e+02, 4.33819489e+02,
    8.20207825e+02, 4.29677704e+02, 7.99493225e+02, 4.25607849e+02,
    8.85563232e+02, 4.16552765e+02, 8.63080078e+02, 4.12643646e+02,
    8.41513428e+02, 4.08656830e+02, 8.20311768e+02, 4.04847534e+02,
    7.99358276e+02, 4.00972290e+02, 8.86246155e+02, 3.90631195e+02,
    8.63450806e+02, 3.87077362e+02, 8.41845947e+02, 3.83169037e+02,
    8.20361084e+02, 3.79541748e+02, 7.99167419e+02, 3.75988739e+02,
    8.86883179e+02, 3.64238922e+02, 8.63993408e+02, 3.60888702e+02,
    8.42103577e+02, 3.57291107e+02, 8.20396545e+02, 3.53846832e+02,
    7.98988953e+02, 3.50565399e+02, 8.87591187e+02, 3.37387268e+02,
    8.64503357e+02, 3.34198669e+02, 8.42256531e+02, 3.30910980e+02,
    8.20408752e+02, 3.27655884e+02, 7.98797485e+02, 3.24696075e+02,
    8.88247253e+02, 3.09946136e+02, 8.64934204e+02, 3.06989075e+02,
    8.42451416e+02, 3.04003998e+02, 8.20219604e+02, 3.01103088e+02,
    7.98370300e+02, 2.98274689e+02 ]
