%YAML:1.0
points: [ 7.65392090e+02, 7.02984070e+02, 7.33517944e+02, 6.94982910e+02,
    7.02000366e+02, 6.87327942e+02, 6.71727478e+02, 6.79588623e+02,
    6.41874634e+02, 6.72107666e+02, 7.62305420e+02, 6.71443298e+02,
    7.29810242e+02, 6.63517639e+02, 6.98060120e+02, 6.56182678e+02,
    6.67427979e+02, 6.48692871e+02, 6.37135132e+02, 6.41322693e+02,
    7.59307373e+02, 6.38492554e+02, 7.25983337e+02, 6.31338135e+02,
    6.94081543e+02, 6.23888367e+02, 6.62848938e+02, 6.16758606e+02,
    6.32228577e+02, 6.09614807e+02, 7.56021790e+02, 6.04630249e+02,
    7.22093140e+02, 5.98059753e+02, 6.89971802e+02, 5.90488708e+02,
    6.58084167e+02, 5.83823303e+02, 6.26847351e+02, 5.77200012e+02,
    7.52549500e+02, 5.69753052e+02, 7.18273987e+02, 5.63427185e+02,
    6.85520203e+02, 5.56370483e+02, 6.53153076e+02, 5.49821350e+02,
    6.21458069e+02, 5.43622620e+02, 7.49062317e+02, 5.33734192e+02,
    7.14298889e+02, 5.27675049e+02, 6.80887268e+02, 5.21080627e+02,
    6.48107910e+02, 5.14828064e+02, 6.15820190e+02, 5.09100250e+02,
    7.45402893e+02, 4.96373474e+02, 7.10019043e+02, 4.90723663e+02,
    6.75984558e+02, 4.84526978e+02, 6.42514709e+02, 4.78772522e+02,
    6.09675415e+02, 4.73305817e+02 ]
