%YAML:1.0
points: [ 3.76150208e+02, 2.67178925e+02, 3.68638672e+02, 2.63836609e+02,
    3.61076996e+02, 2.60631989e+02, 3.53151611e+02, 2.56992004e+02,
    3.45080627e+02, 2.53361313e+02, 3.84975281e+02, 2.61717468e+02,
    3.77599976e+02, 2.58258881e+02, 3.69944550e+02, 2.54938141e+02,
    3.62048553e+02, 2.51153137e+02, 3.53912506e+02, 2.47340179e+02,
    3.94165741e+02, 2.56025391e+02, 3.86911774e+02, 2.52613907e+02,
    3.79135468e+02, 2.48803284e+02, 3.71308319e+02, 2.45161057e+02,
    3.63105164e+02, 2.41141144e+02, 4.03746033e+02, 2.50140915e+02,
    3.96517670e+02, 2.46781815e+02, 3.88750549e+02, 2.42549973e+02,
    3.80944336e+02, 2.38754074e+02, 3.72760834e+02, 2.34623917e+02,
    4.13645996e+02, 2.44114700e+02, 4.06427032e+02, 2.40529602e+02,
    3.98771973e+02, 2.36275726e+02, 3.90865723e+02, 2.32119949e+02,
    3.82781647e+02, 2.28029633e+02, 4.23841064e+02, 2.37838196e+02,
    4.16721558e+02, 2.34076675e+02, 4.09061371e+02, 2.29767593e+02,
    4.01283020e+02, 2.25355606e+02, 3.93203400e+02, 2.21028885e+02,
    4.34532196e+02, 2.31257812e+02, 4.27435028e+02, 2.27374115e+02,
    4.19921082e+02, 2.22840973e+02, 4.12047211e+02, 2.18371307e+02,
    4.04140533e+02, 2.13885910e+02 ]
