%YAML:1.0
points: [ 8.57360168e+02, 7.41100586e+02, 8.18946777e+02, 7.33965942e+02,
    7.80996826e+02, 7.27228455e+02, 7.43896790e+02, 7.20170471e+02,
    7.07047607e+02, 7.13552551e+02, 8.56992371e+02, 7.07024109e+02,
    8.17866089e+02, 7.00108032e+02, 7.79113037e+02, 6.93784912e+02,
    7.41519104e+02, 6.86783630e+02, 7.04302979e+02, 6.80071289e+02,
    8.56655396e+02, 6.71789124e+02, 8.16597168e+02, 6.65401672e+02,
    7.77660706e+02, 6.58525330e+02, 7.39227112e+02, 6.52199402e+02,
    7.01136841e+02, 6.45796265e+02, 8.56241943e+02, 6.35388733e+02,
    8.15352661e+02, 6.29508484e+02, 7.75924500e+02, 6.22380371e+02,
    7.36697815e+02, 6.16217224e+02, 6.97998657e+02, 6.10148254e+02,
    8.55707397e+02, 5.97747192e+02, 8.14257080e+02, 5.91960815e+02,
    7.73989380e+02, 5.85252563e+02, 7.34167908e+02, 5.79159546e+02,
    6.94724854e+02, 5.73375244e+02, 8.55269043e+02, 5.58654175e+02,
    8.13114319e+02, 5.53050598e+02, 7.72003479e+02, 5.46798828e+02,
    7.31429443e+02, 5.40784363e+02, 6.91275024e+02, 5.35299500e+02,
    8.54779053e+02, 5.18066833e+02, 8.11817139e+02, 5.12762085e+02,
    7.69865601e+02, 5.06723389e+02, 7.28359375e+02, 5.01138397e+02,
    6.87479858e+02, 4.95888428e+02 ]
