%YAML:1.0
points: [ 8.60568359e+02, 4.08058838e+02, 8.39252502e+02, 3.92341492e+02,
    8.17860718e+02, 3.76771729e+02, 7.96756897e+02, 3.61057373e+02,
    7.75518127e+02, 3.45455170e+02, 8.72387695e+02, 3.86986267e+02,
    8.50678223e+02, 3.71068787e+02, 8.28996826e+02, 3.55365845e+02,
    8.07623657e+02, 3.39441925e+02, 7.86129211e+02, 3.23616028e+02,
    8.84473938e+02, 3.65285889e+02, 8.62301453e+02, 3.49302277e+02,
    8.40582397e+02, 3.33168732e+02, 8.18823914e+02, 3.17232117e+02,
    7.96968506e+02, 3.01204559e+02, 8.96968262e+02, 3.43053406e+02,
    8.74293152e+02, 3.26972290e+02, 8.52407349e+02, 3.10491669e+02,
    8.30253052e+02, 2.94356781e+02, 8.08049988e+02, 2.78178467e+02,
    9.09728394e+02, 3.20181122e+02, 8.86899719e+02, 3.03930145e+02,
    8.64519165e+02, 2.87263031e+02, 8.41968567e+02, 2.70837006e+02,
    8.19429871e+02, 2.54534958e+02, 9.22889099e+02, 2.96645172e+02,
    8.99693970e+02, 2.80126007e+02, 8.76973206e+02, 2.63439667e+02,
    8.54087952e+02, 2.46681412e+02, 8.31139099e+02, 2.30152039e+02,
    9.36436768e+02, 2.72390167e+02, 9.12905029e+02, 2.55684158e+02,
    8.89666870e+02, 2.38693893e+02, 8.66435425e+02, 2.21866440e+02,
    8.43073669e+02, 2.05118164e+02 ]
