%YAML:1.0
points: [ 2.41063263e+02, 2.73161499e+02, 2.27495453e+02, 2.70620422e+02,
    2.14069366e+02, 2.68316040e+02, 2.00978104e+02, 2.65937469e+02,
    1.87977081e+02, 2.63538757e+02, 2.41248062e+02, 2.61247803e+02,
    2.27429062e+02, 2.58844238e+02, 2.13829651e+02, 2.56629608e+02,
    2.00596680e+02, 2.54252335e+02, 1.87438049e+02, 2.51958176e+02,
    2.41433594e+02, 2.48934204e+02, 2.27365082e+02, 2.46766861e+02,
    2.13706818e+02, 2.44449829e+02, 2.00017700e+02, 2.42173920e+02,
    1.86676758e+02, 2.39982620e+02, 2.42005508e+02, 2.23235641e+02,
    2.27300217e+02, 2.34265808e+02, 2.13390884e+02, 2.31795212e+02,
    1.99618301e+02, 2.29742508e+02, 1.85913727e+02, 2.27655136e+02,
    2.42005508e+02, 2.23235641e+02, 2.27324081e+02, 2.21206818e+02,
    2.13149078e+02, 2.18862762e+02, 1.99070526e+02, 2.16798309e+02,
    1.85171097e+02, 2.14925400e+02, 2.42400406e+02, 1.95431442e+02,
    2.27214539e+02, 1.93620789e+02, 2.12866196e+02, 2.05476257e+02,
    1.98446945e+02, 2.03371521e+02, 1.84283310e+02, 2.01468063e+02,
    2.54958633e+02, 1.77236801e+02, 2.27214539e+02, 1.93620789e+02,
    2.12438904e+02, 1.91475037e+02, 1.97907211e+02, 1.89537460e+02,
    1.83344696e+02, 1.87886551e+02 ]
