%YAML:1.0
points: [ 3.96281738e+02, 2.67200562e+02, 3.86287079e+02, 2.65903015e+02,
    3.76388519e+02, 2.64702667e+02, 3.66152924e+02, 2.63236023e+02,
    3.55825867e+02, 2.61935272e+02, 4.02322235e+02, 2.60864288e+02,
    3.92254822e+02, 2.59459259e+02, 3.82079071e+02, 2.58335327e+02,
    3.71682129e+02, 2.56818329e+02, 3.61151520e+02, 2.55322922e+02,
    4.08664673e+02, 2.54191513e+02, 3.98546509e+02, 2.52945755e+02,
    3.88030609e+02, 2.51360107e+02, 3.77554596e+02, 2.50047699e+02,
    3.66786926e+02, 2.48466141e+02, 4.15302094e+02, 2.47255920e+02,
    4.05070129e+02, 2.46176102e+02, 3.94320740e+02, 2.44281891e+02,
    3.83647705e+02, 2.42895599e+02, 3.72710907e+02, 2.41298553e+02,
    4.22203857e+02, 2.40088898e+02, 4.11758331e+02, 2.38864639e+02,
    4.01001770e+02, 2.37002563e+02, 3.90060913e+02, 2.35401825e+02,
    3.78937317e+02, 2.33841339e+02, 4.29440582e+02, 2.32572388e+02,
    4.18939362e+02, 2.31178741e+02, 4.07899353e+02, 2.29410782e+02,
    3.96746918e+02, 2.27612030e+02, 3.85413055e+02, 2.25964096e+02,
    4.37095306e+02, 2.24685394e+02, 4.26354828e+02, 2.23224564e+02,
    4.15230560e+02, 2.21302048e+02, 4.03872009e+02, 2.19533005e+02,
    3.92373444e+02, 2.17843002e+02 ]
