%YAML:1.0
points: [ 7.26100891e+02, 3.46402588e+02, 7.14645691e+02, 3.30214813e+02,
    7.03171265e+02, 3.14310944e+02, 6.92259094e+02, 2.98584991e+02,
    6.81316650e+02, 2.83232849e+02, 7.32614746e+02, 3.26461884e+02,
    7.20788818e+02, 3.10025604e+02, 7.09074524e+02, 2.94319580e+02,
    6.98062988e+02, 2.78552185e+02, 6.86932007e+02, 2.63007782e+02,
    7.39401123e+02, 3.05769135e+02, 7.27027100e+02, 2.89443176e+02,
    7.15461426e+02, 2.73309174e+02, 7.04020386e+02, 2.57707031e+02,
    6.92569336e+02, 2.42164551e+02, 7.46298279e+02, 2.84444183e+02,
    7.33406250e+02, 2.68292450e+02, 7.21981140e+02, 2.51885513e+02,
    7.10073303e+02, 2.36164688e+02, 6.98343262e+02, 2.20687317e+02,
    7.53314697e+02, 2.62489929e+02, 7.40311707e+02, 2.46248291e+02,
    7.28489929e+02, 2.29902176e+02, 7.16358582e+02, 2.14020828e+02,
    7.04306763e+02, 1.98510757e+02, 7.60635620e+02, 2.39830505e+02,
    7.47401611e+02, 2.23502579e+02, 7.35050110e+02, 2.07142151e+02,
    7.22786072e+02, 1.91094131e+02, 7.10401978e+02, 1.75685364e+02,
    7.68234070e+02, 2.16288651e+02, 7.54575500e+02, 1.99920044e+02,
    7.41929993e+02, 1.83475586e+02, 7.29094666e+02, 1.67486145e+02,
    7.16426086e+02, 1.51991989e+02 ]
