%YAML:1.0
points: [ 7.98769775e+02, 3.80933380e+02, 7.62628479e+02, 3.64857971e+02,
    7.26763062e+02, 3.49022003e+02, 6.92043884e+02, 3.33454895e+02,
    6.57497070e+02, 3.18126923e+02, 8.11967346e+02, 3.39993622e+02,
    7.75070496e+02, 3.23959625e+02, 7.38815063e+02, 3.08436737e+02,
    7.03535217e+02, 2.93005402e+02, 6.68603027e+02, 2.77723999e+02,
    8.25461487e+02, 2.97868256e+02, 7.87816650e+02, 2.82087616e+02,
    7.51274780e+02, 2.66606262e+02, 7.15321289e+02, 2.51440109e+02,
    6.79772949e+02, 2.36351410e+02, 8.39262451e+02, 2.54762421e+02,
    8.00781860e+02, 2.39203857e+02, 7.63947937e+02, 2.23872070e+02,
    7.27289856e+02, 2.08837570e+02, 6.91148132e+02, 1.93972580e+02,
    8.53251099e+02, 2.10491852e+02, 8.14409729e+02, 1.95103424e+02,
    7.76833069e+02, 1.80052231e+02, 7.39607422e+02, 1.65172348e+02,
    7.02803406e+02, 1.50469284e+02, 8.67740479e+02, 1.65024139e+02,
    8.28266724e+02, 1.49782684e+02, 7.89945312e+02, 1.34956375e+02,
    7.52126465e+02, 1.20246971e+02, 7.14779663e+02, 1.05859840e+02,
    8.82626892e+02, 1.18231812e+02, 8.42408203e+02, 1.03133560e+02,
    8.03393738e+02, 8.85710831e+01, 7.64773926e+02, 7.41589279e+01,
    7.26721619e+02, 5.98240318e+01 ]
