%YAML:1.0
points: [ 2.21502548e+02, 1.47724060e+02, 2.08679108e+02, 1.42102707e+02,
    1.95998047e+02, 1.36581467e+02, 1.83702545e+02, 1.31112762e+02,
    1.71510590e+02, 1.25718529e+02, 2.26302750e+02, 1.33434280e+02,
    2.13301880e+02, 1.27756821e+02, 2.00463196e+02, 1.22331001e+02,
    1.87874878e+02, 1.16886887e+02, 1.75574921e+02, 1.11636948e+02,
    2.31271820e+02, 1.18731323e+02, 2.18006638e+02, 1.13087234e+02,
    2.05028656e+02, 1.07728455e+02, 1.92229034e+02, 1.02511780e+02,
    1.79664230e+02, 9.71461029e+01, 2.36304825e+02, 1.03634888e+02,
    2.22717041e+02, 9.80170135e+01, 2.09691116e+02, 9.27578659e+01,
    1.96697021e+02, 8.75395966e+01, 1.83920761e+02, 8.24295120e+01,
    2.41528687e+02, 8.80657806e+01, 2.27712082e+02, 8.26056976e+01,
    2.14391418e+02, 7.74133453e+01, 2.01241257e+02, 7.22801514e+01,
    1.88234726e+02, 6.72182007e+01, 2.46859665e+02, 7.21724167e+01,
    2.32875626e+02, 6.68519821e+01, 2.19280197e+02, 6.16605721e+01,
    2.06002731e+02, 5.67240753e+01, 1.92737564e+02, 5.17552376e+01,
    2.52507431e+02, 5.58138618e+01, 2.38111252e+02, 5.05433311e+01,
    2.24331879e+02, 4.56110153e+01, 2.10729233e+02, 4.07633171e+01,
    1.97219223e+02, 3.59240875e+01 ]
