%YAML:1.0
points: [ 3.92499329e+02, 3.15670441e+02, 3.77818634e+02, 3.16413147e+02,
    3.63103119e+02, 3.17334595e+02, 3.48086548e+02, 3.17971649e+02,
    3.32997070e+02, 3.18785126e+02, 3.96537537e+02, 3.06003387e+02,
    3.81463043e+02, 3.06787659e+02, 3.66308197e+02, 3.07753265e+02,
    3.50944702e+02, 3.08306824e+02, 3.35547882e+02, 3.08979034e+02,
    4.00751160e+02, 2.95780243e+02, 3.85396942e+02, 2.96703430e+02,
    3.69734253e+02, 2.97333191e+02, 3.54054077e+02, 2.98077393e+02,
    3.38215271e+02, 2.98761566e+02, 4.05217926e+02, 2.85020294e+02,
    3.89492249e+02, 2.86187469e+02, 3.73414917e+02, 2.86490082e+02,
    3.57265167e+02, 2.87273499e+02, 3.41033417e+02, 2.88005920e+02,
    4.09953522e+02, 2.73780640e+02, 3.93816620e+02, 2.74859955e+02,
    3.77263794e+02, 2.75258087e+02, 3.60686707e+02, 2.75928406e+02,
    3.44053925e+02, 2.76746674e+02, 4.14972473e+02, 2.61887360e+02,
    3.98387512e+02, 2.62893860e+02, 3.81402954e+02, 2.63434967e+02,
    3.64347961e+02, 2.63975159e+02, 3.47179260e+02, 2.64780457e+02,
    4.20241699e+02, 2.49297470e+02, 4.03244537e+02, 2.50290100e+02,
    3.85809448e+02, 2.50753601e+02, 3.68276825e+02, 2.51445740e+02,
    3.50666443e+02, 2.52348145e+02 ]
