%YAML:1.0
points: [ 8.46068848e+02, 6.09992310e+02, 8.24141785e+02, 6.06723206e+02,
    8.02478516e+02, 6.03743164e+02, 7.81446960e+02, 6.00580078e+02,
    7.60704773e+02, 5.97566040e+02, 8.44480164e+02, 5.85789124e+02,
    8.22297852e+02, 5.82803894e+02, 8.00500427e+02, 5.80005859e+02,
    7.79440674e+02, 5.77083313e+02, 7.58579041e+02, 5.74181519e+02,
    8.42850464e+02, 5.61247009e+02, 8.20360535e+02, 5.58602173e+02,
    7.98688599e+02, 5.55802368e+02, 7.77365173e+02, 5.53174805e+02,
    7.56339783e+02, 5.50581360e+02, 8.41175964e+02, 5.36320129e+02,
    8.18454102e+02, 5.34046692e+02, 7.96782166e+02, 5.31303955e+02,
    7.75216370e+02, 5.28930542e+02, 7.53943665e+02, 5.26584717e+02,
    8.39429993e+02, 5.11056519e+02, 8.16598694e+02, 5.09024048e+02,
    7.94721802e+02, 5.06523621e+02, 7.73049072e+02, 5.04373016e+02,
    7.51570190e+02, 5.02260986e+02, 8.37649292e+02, 4.85368866e+02,
    8.14757690e+02, 4.83556732e+02, 7.92640869e+02, 4.81418488e+02,
    7.70777954e+02, 4.79366882e+02, 7.49225586e+02, 4.77626465e+02,
    8.35935608e+02, 4.59296936e+02, 8.12805908e+02, 4.57705933e+02,
    7.90434448e+02, 4.55883575e+02, 7.68305786e+02, 4.54144531e+02,
    7.46561096e+02, 4.52572205e+02 ]
