%YAML:1.0
points: [ 1.28849573e+03, 8.63848755e+02, 1.24573462e+03, 8.65818237e+02,
    1.20294983e+03, 8.68234253e+02, 1.15977502e+03, 8.69874390e+02,
    1.11646045e+03, 8.72023254e+02, 1.29806726e+03, 8.35899658e+02,
    1.25455847e+03, 8.37906189e+02, 1.21055396e+03, 8.40353760e+02,
    1.16627551e+03, 8.41957703e+02, 1.12203198e+03, 8.43931458e+02,
    1.30841443e+03, 8.06524475e+02, 1.26393726e+03, 8.08921021e+02,
    1.21876685e+03, 8.10569519e+02, 1.17338257e+03, 8.12574951e+02,
    1.12793677e+03, 8.14561462e+02, 1.31937537e+03, 7.75719299e+02,
    1.27359741e+03, 7.78581665e+02, 1.22737231e+03, 7.79475159e+02,
    1.18080103e+03, 7.81575500e+02, 1.13407947e+03, 7.83615173e+02,
    1.33100317e+03, 7.43343811e+02, 1.28402734e+03, 7.46097473e+02,
    1.23640527e+03, 7.47159790e+02, 1.18873206e+03, 7.49037354e+02,
    1.14079443e+03, 7.51357422e+02, 1.34327405e+03, 7.09100159e+02,
    1.29500806e+03, 7.11765686e+02, 1.24612854e+03, 7.13067017e+02,
    1.19719763e+03, 7.14732605e+02, 1.14774512e+03, 7.17050476e+02,
    1.35631921e+03, 6.72955994e+02, 1.30670129e+03, 6.75636780e+02,
    1.25647205e+03, 6.76889099e+02, 1.20608557e+03, 6.78722290e+02,
    1.15558044e+03, 6.81282776e+02 ]
