%YAML:1.0
points: [ 3.50310425e+02, 2.62058289e+02, 3.39532501e+02, 2.59497650e+02,
    3.28830750e+02, 2.57073456e+02, 3.18202454e+02, 2.54479218e+02,
    3.07625061e+02, 2.51970840e+02, 3.53456421e+02, 2.56025116e+02,
    3.42460754e+02, 2.53469437e+02, 3.31500092e+02, 2.51048569e+02,
    3.20606812e+02, 2.48403503e+02, 3.09800934e+02, 2.45842957e+02,
    3.56802429e+02, 2.49666885e+02, 3.45563232e+02, 2.47260941e+02,
    3.34310883e+02, 2.44536713e+02, 3.23174622e+02, 2.42031006e+02,
    3.12088776e+02, 2.39404373e+02, 3.60328857e+02, 2.43093735e+02,
    3.48757202e+02, 2.40737823e+02, 3.37287872e+02, 2.37828064e+02,
    3.25857971e+02, 2.35266861e+02, 3.14502533e+02, 2.32667709e+02,
    3.64005219e+02, 2.36198837e+02, 3.52161926e+02, 2.33769440e+02,
    3.40388336e+02, 2.30896164e+02, 3.28687408e+02, 2.28230530e+02,
    3.17051422e+02, 2.25690170e+02, 3.67906769e+02, 2.28974518e+02,
    3.55746521e+02, 2.26445053e+02, 3.43660126e+02, 2.23618607e+02,
    3.31659668e+02, 2.20896774e+02, 3.19714050e+02, 2.18298141e+02,
    3.71977234e+02, 2.21355637e+02, 3.59481201e+02, 2.18831726e+02,
    3.47099609e+02, 2.15942215e+02, 3.34775665e+02, 2.13228775e+02,
    3.22539368e+02, 2.10706177e+02 ]
