%YAML:1.0
points: [ 8.71271301e+02, 6.50914429e+02, 8.51811096e+02, 6.47485779e+02,
    8.32585266e+02, 6.44164062e+02, 8.14009216e+02, 6.40582825e+02,
    7.95756531e+02, 6.37533081e+02, 8.66488525e+02, 6.31205811e+02,
    8.46776306e+02, 6.27892395e+02, 8.27434875e+02, 6.25021912e+02,
    8.08769104e+02, 6.21621460e+02, 7.90354675e+02, 6.18393066e+02,
    8.61636292e+02, 6.11016418e+02, 8.41528015e+02, 6.08135925e+02,
    8.22379089e+02, 6.04966919e+02, 8.03384033e+02, 6.02048035e+02,
    7.84746338e+02, 5.99195923e+02, 8.56594543e+02, 5.90498413e+02,
    8.36269104e+02, 5.88007080e+02, 8.17050171e+02, 5.84716309e+02,
    7.97905701e+02, 5.82009094e+02, 7.79089294e+02, 5.79415588e+02,
    8.51378235e+02, 5.69516602e+02, 8.31049805e+02, 5.67211670e+02,
    8.11565857e+02, 5.64265381e+02, 7.92250122e+02, 5.61631592e+02,
    7.73303040e+02, 5.59294861e+02, 8.46170776e+02, 5.48057617e+02,
    8.25655029e+02, 5.45931030e+02, 8.05918030e+02, 5.43335999e+02,
    7.86496643e+02, 5.40827209e+02, 7.67352661e+02, 5.38731384e+02,
    8.40799561e+02, 5.26147400e+02, 8.20107971e+02, 5.24290527e+02,
    8.00117676e+02, 5.21841919e+02, 7.80431091e+02, 5.19788330e+02,
    7.61113220e+02, 5.17901550e+02 ]
