%YAML:1.0
points: [ 3.63686157e+02, 2.49431732e+02, 3.52005951e+02, 2.48142532e+02,
    3.40473450e+02, 2.46955750e+02, 3.29014862e+02, 2.45588745e+02,
    3.17665283e+02, 2.44362640e+02, 3.65761719e+02, 2.41152664e+02,
    3.53869751e+02, 2.39895477e+02, 3.42087250e+02, 2.38753265e+02,
    3.30411804e+02, 2.37400803e+02, 3.18864044e+02, 2.36134933e+02,
    3.67965485e+02, 2.32514236e+02, 3.55831543e+02, 2.31407059e+02,
    3.43794403e+02, 2.30050369e+02, 3.31892639e+02, 2.28850510e+02,
    3.20111511e+02, 2.27634949e+02, 3.70283630e+02, 2.23564606e+02,
    3.57862640e+02, 2.22582718e+02, 3.45593658e+02, 2.21101242e+02,
    3.33430664e+02, 2.19942322e+02, 3.21393463e+02, 2.18763565e+02,
    3.72685944e+02, 2.14215988e+02, 3.60037598e+02, 2.13244583e+02,
    3.47490112e+02, 2.11868866e+02, 3.35024689e+02, 2.10707596e+02,
    3.22778412e+02, 2.09631058e+02, 3.75212433e+02, 2.04509033e+02,
    3.62292450e+02, 2.03538803e+02, 3.49461243e+02, 2.02264816e+02,
    3.36756775e+02, 2.01058167e+02, 3.24192719e+02, 2.00002350e+02,
    3.77878632e+02, 1.94369385e+02, 3.64658478e+02, 1.93436157e+02,
    3.51514374e+02, 1.92204193e+02, 3.38547119e+02, 1.91108551e+02,
    3.25716980e+02, 1.90121460e+02 ]
