%YAML:1.0
points: [ 3.47998322e+02, 3.08887665e+02, 3.33109436e+02, 3.08589630e+02,
    3.18371429e+02, 3.08468658e+02, 3.03645996e+02, 3.08083679e+02,
    2.88986145e+02, 3.07828156e+02, 3.49941345e+02, 2.99279083e+02,
    3.34753143e+02, 2.99008270e+02, 3.19592590e+02, 2.98935852e+02,
    3.04511963e+02, 2.98509888e+02, 2.89534821e+02, 2.98221924e+02,
    3.52059967e+02, 2.89201508e+02, 3.36472992e+02, 2.89149597e+02,
    3.20917816e+02, 2.88764801e+02, 3.05460510e+02, 2.88553864e+02,
    2.90072144e+02, 2.88291107e+02, 3.54271851e+02, 2.78646362e+02,
    3.38263702e+02, 2.78790558e+02, 3.22317596e+02, 2.78203094e+02,
    3.06437897e+02, 2.78039520e+02, 2.90675262e+02, 2.77830170e+02,
    3.56637878e+02, 2.67611633e+02, 3.40185089e+02, 2.67726440e+02,
    3.23778473e+02, 2.67243103e+02, 3.07488556e+02, 2.67007904e+02,
    2.91337158e+02, 2.66947998e+02, 3.59116150e+02, 2.55961746e+02,
    3.42214508e+02, 2.56075745e+02, 3.25350159e+02, 2.55734818e+02,
    3.08643677e+02, 2.55467819e+02, 2.91997162e+02, 2.55422058e+02,
    3.61693970e+02, 2.43676514e+02, 3.44360168e+02, 2.43831390e+02,
    3.27023499e+02, 2.43514694e+02, 3.09830261e+02, 2.43362915e+02,
    2.92781036e+02, 2.43462387e+02 ]
