%YAML:1.0
points: [ 1.16234082e+03, 8.43599731e+02, 1.11986182e+03, 8.42748840e+02,
    1.07761975e+03, 8.42307251e+02, 1.03547266e+03, 8.41258423e+02,
    9.93467773e+02, 8.40631348e+02, 1.16639258e+03, 8.16038513e+02,
    1.12303674e+03, 8.15338013e+02, 1.07957507e+03, 8.15053833e+02,
    1.03646265e+03, 8.13959717e+02, 9.93646057e+02, 8.13188477e+02,
    1.17084558e+03, 7.87100952e+02, 1.12632544e+03, 7.86955322e+02,
    1.08194629e+03, 7.85929565e+02, 1.03770496e+03, 7.85360352e+02,
    9.93743530e+02, 7.84696106e+02, 1.17550061e+03, 7.56819763e+02,
    1.12973389e+03, 7.57174500e+02, 1.08436841e+03, 7.55604553e+02,
    1.03896765e+03, 7.55225708e+02, 9.93838623e+02, 7.54742859e+02,
    1.18043555e+03, 7.25144470e+02, 1.13355444e+03, 7.25494690e+02,
    1.08680408e+03, 7.24173828e+02, 1.04034717e+03, 7.23633667e+02,
    9.94129639e+02, 7.23521057e+02, 1.18568347e+03, 6.91739807e+02,
    1.13757556e+03, 6.92037415e+02, 1.08958655e+03, 6.91141418e+02,
    1.04195093e+03, 6.90518188e+02, 9.94242676e+02, 6.90500732e+02,
    1.19123730e+03, 6.56483704e+02, 1.14181921e+03, 6.56979492e+02,
    1.09246875e+03, 6.56118103e+02, 1.04340698e+03, 6.55798706e+02,
    9.94604309e+02, 6.56117493e+02 ]
