%YAML:1.0
points: [ 3.22633942e+02, 3.06790070e+02, 3.08255768e+02, 3.05627167e+02,
    2.94048096e+02, 3.04639130e+02, 2.79917114e+02, 3.03379028e+02,
    2.65885956e+02, 3.02321960e+02, 3.23969116e+02, 2.97683746e+02,
    3.09246155e+02, 2.96549438e+02, 2.94626251e+02, 2.95633331e+02,
    2.80196350e+02, 2.94401520e+02, 2.65883057e+02, 2.93293579e+02,
    3.25456818e+02, 2.88164825e+02, 3.10299713e+02, 2.87247070e+02,
    2.95368835e+02, 2.86017303e+02, 2.80548981e+02, 2.84979523e+02,
    2.65851715e+02, 2.83915405e+02, 3.26946259e+02, 2.78202301e+02,
    3.11379700e+02, 2.77483398e+02, 2.96093445e+02, 2.76049011e+02,
    2.80895416e+02, 2.75048706e+02, 2.65804047e+02, 2.74048828e+02,
    3.28536194e+02, 2.67773926e+02, 3.12613892e+02, 2.67045593e+02,
    2.96859711e+02, 2.65723785e+02, 2.81286194e+02, 2.64676025e+02,
    2.65829163e+02, 2.63805664e+02, 3.30224731e+02, 2.56797058e+02,
    3.13873535e+02, 2.56069153e+02, 2.97706879e+02, 2.54874222e+02,
    2.81707001e+02, 2.53807785e+02, 2.65809814e+02, 2.52966766e+02,
    3.31998108e+02, 2.45201385e+02, 3.15202911e+02, 2.44498047e+02,
    2.98568909e+02, 2.43349258e+02, 2.82112885e+02, 2.42399139e+02,
    2.65861359e+02, 2.41687943e+02 ]
