%YAML:1.0
points: [ 1.09163623e+03, 8.37475830e+02, 1.05067822e+03, 8.34233826e+02,
    1.00998877e+03, 8.31415527e+02, 9.69655396e+02, 8.27980225e+02,
    9.29692993e+02, 8.25014221e+02, 1.09400244e+03, 8.11476746e+02,
    1.05212354e+03, 8.08348755e+02, 1.01029474e+03, 8.05645447e+02,
    9.69138062e+02, 8.02223145e+02, 9.28274414e+02, 7.99189880e+02,
    1.09667102e+03, 7.84176147e+02, 1.05359985e+03, 7.81598816e+02,
    1.01102393e+03, 7.78197693e+02, 9.68689575e+02, 7.75244995e+02,
    9.26848328e+02, 7.72230896e+02, 1.09944519e+03, 7.55627014e+02,
    1.05514233e+03, 7.53571106e+02, 1.01163043e+03, 7.49624512e+02,
    9.68204468e+02, 7.46821411e+02, 9.25148560e+02, 7.43974426e+02,
    1.10232068e+03, 7.25709656e+02, 1.05704089e+03, 7.23674683e+02,
    1.01223743e+03, 7.19945374e+02, 9.67754578e+02, 7.17078857e+02,
    9.23590759e+02, 7.14521179e+02, 1.10548401e+03, 6.94184753e+02,
    1.05901111e+03, 6.92115967e+02, 1.01289911e+03, 6.88816772e+02,
    9.67270081e+02, 6.85838562e+02, 9.21831543e+02, 6.83397705e+02,
    1.10877185e+03, 6.60904907e+02, 1.06099292e+03, 6.59018860e+02,
    1.01361346e+03, 6.55806091e+02, 9.66584717e+02, 6.53151367e+02,
    9.20072021e+02, 6.51014221e+02 ]
