%YAML:1.0
points: [ 8.35960999e+02, 4.58129333e+02, 8.09121521e+02, 4.54177887e+02,
    7.82462891e+02, 4.50330292e+02, 7.56457336e+02, 4.46605530e+02,
    7.30611755e+02, 4.42839233e+02, 8.41678833e+02, 4.29532806e+02,
    8.14764954e+02, 4.25885895e+02, 7.88214050e+02, 4.22187897e+02,
    7.62198425e+02, 4.18704956e+02, 7.36364746e+02, 4.15127136e+02,
    8.47371704e+02, 4.01064056e+02, 8.20342957e+02, 3.97521912e+02,
    7.93954834e+02, 3.94219055e+02, 7.67898071e+02, 3.90862030e+02,
    7.42050598e+02, 3.87477020e+02, 8.53019348e+02, 3.72806549e+02,
    8.25922668e+02, 3.69312683e+02, 7.99651978e+02, 3.66353241e+02,
    7.73550415e+02, 3.63129456e+02, 7.47688782e+02, 3.59912872e+02,
    8.58627319e+02, 3.44531250e+02, 8.31598633e+02, 3.41319916e+02,
    8.05302246e+02, 3.38472656e+02, 7.79124390e+02, 3.35503784e+02,
    7.53288391e+02, 3.32384583e+02, 8.64233704e+02, 3.16383789e+02,
    8.37257202e+02, 3.13339142e+02, 8.10871277e+02, 3.10674530e+02,
    7.84754150e+02, 3.07876373e+02, 7.58919189e+02, 3.05011322e+02,
    8.69839722e+02, 2.88329559e+02, 8.42806824e+02, 2.85405701e+02,
    8.16415222e+02, 2.82967712e+02, 7.90221436e+02, 2.80287598e+02,
    7.64344910e+02, 2.77553802e+02 ]
