%YAML:1.0
points: [ 3.70819580e+02, 2.38910446e+02, 3.58689423e+02, 2.38564667e+02,
    3.46765076e+02, 2.38247452e+02, 3.34903687e+02, 2.37804428e+02,
    3.23189392e+02, 2.37521622e+02, 3.72022461e+02, 2.29427155e+02,
    3.59722931e+02, 2.29102539e+02, 3.47568481e+02, 2.28893372e+02,
    3.35511810e+02, 2.28505676e+02, 3.23598022e+02, 2.28130447e+02,
    3.73308868e+02, 2.19553131e+02, 3.60809814e+02, 2.19404953e+02,
    3.48391235e+02, 2.19062683e+02, 3.36157562e+02, 2.18805267e+02,
    3.24039673e+02, 2.18542221e+02, 3.74645020e+02, 2.09349518e+02,
    3.61925171e+02, 2.09337540e+02, 3.49280823e+02, 2.08962387e+02,
    3.36811523e+02, 2.08784729e+02, 3.24507721e+02, 2.08573425e+02,
    3.76081848e+02, 1.98831665e+02, 3.63101379e+02, 1.98857315e+02,
    3.50212891e+02, 1.98535706e+02, 3.37542816e+02, 1.98365005e+02,
    3.24989990e+02, 1.98304916e+02, 3.77545105e+02, 1.87917694e+02,
    3.64345062e+02, 1.87995804e+02, 3.51233185e+02, 1.87819046e+02,
    3.38291321e+02, 1.87674393e+02, 3.25537750e+02, 1.87659546e+02,
    3.79074890e+02, 1.76551224e+02, 3.65635223e+02, 1.76686020e+02,
    3.52283722e+02, 1.76582733e+02, 3.39087341e+02, 1.76565796e+02,
    3.26091248e+02, 1.76670624e+02 ]
