%YAML:1.0
points: [ 3.38346222e+02, 2.28615372e+02, 3.26424225e+02, 2.25677216e+02,
    3.14731110e+02, 2.22846863e+02, 3.03219391e+02, 2.19904663e+02,
    2.91822571e+02, 2.17090729e+02, 3.41251953e+02, 2.18366501e+02,
    3.29148834e+02, 2.15423828e+02, 3.17218567e+02, 2.12646576e+02,
    3.05504517e+02, 2.09761505e+02, 2.93947083e+02, 2.06927002e+02,
    3.44230591e+02, 2.07781219e+02, 3.31911682e+02, 2.04989380e+02,
    3.19834473e+02, 2.02085785e+02, 3.07907227e+02, 1.99271317e+02,
    2.96113068e+02, 1.96461975e+02, 3.47350983e+02, 1.96863464e+02,
    3.34815765e+02, 1.94184921e+02, 3.22552124e+02, 1.91217026e+02,
    3.10380096e+02, 1.88427795e+02, 2.98377014e+02, 1.85696808e+02,
    3.50571686e+02, 1.85662170e+02, 3.37834900e+02, 1.82949966e+02,
    3.25348053e+02, 1.80075165e+02, 3.12934387e+02, 1.77300903e+02,
    3.00733093e+02, 1.74612793e+02, 3.53949097e+02, 1.74017487e+02,
    3.40963593e+02, 1.71391022e+02, 3.28227203e+02, 1.68563339e+02,
    3.15640350e+02, 1.65781586e+02, 3.03183594e+02, 1.63145432e+02,
    3.57405090e+02, 1.61978012e+02, 3.44233734e+02, 1.59399292e+02,
    3.31253265e+02, 1.56606079e+02, 3.18383698e+02, 1.53887619e+02,
    3.05710236e+02, 1.51317581e+02 ]
