%YAML:1.0
points: [ 9.14144470e+02, 4.80350677e+02, 8.80988708e+02, 4.77143280e+02,
    8.47842773e+02, 4.74013885e+02, 8.14731934e+02, 4.70946320e+02,
    7.81562744e+02, 4.67786346e+02, 9.17488464e+02, 4.47751526e+02,
    8.84458740e+02, 4.44617371e+02, 8.51396912e+02, 4.41475037e+02,
    8.18404236e+02, 4.38497375e+02, 7.85429932e+02, 4.35300964e+02,
    9.20792114e+02, 4.15438721e+02, 8.87845276e+02, 4.12273712e+02,
    8.54928955e+02, 4.09206207e+02, 8.22103882e+02, 4.06197205e+02,
    7.89156189e+02, 4.02956268e+02, 9.24023682e+02, 3.83336395e+02,
    8.91270142e+02, 3.80060425e+02, 8.58495972e+02, 3.77169769e+02,
    8.25714661e+02, 3.74070557e+02, 7.92843323e+02, 3.70900208e+02,
    9.27377014e+02, 3.51425049e+02, 8.94709900e+02, 3.48145355e+02,
    8.61973206e+02, 3.45264496e+02, 8.29250977e+02, 3.42187927e+02,
    7.96538208e+02, 3.38926880e+02, 9.30645813e+02, 3.19712982e+02,
    8.98039734e+02, 3.16415985e+02, 8.65469971e+02, 3.13459747e+02,
    8.32875427e+02, 3.10370026e+02, 8.00297607e+02, 3.07148621e+02,
    9.33902771e+02, 2.88107849e+02, 9.01420471e+02, 2.84808441e+02,
    8.68968140e+02, 2.81839996e+02, 8.36433899e+02, 2.78709656e+02,
    8.03785095e+02, 2.75386749e+02 ]
