%YAML:1.0
points: [ 1.22877393e+03, 7.89844849e+02, 1.18710938e+03, 7.93521179e+02,
    1.14538855e+03, 7.97699768e+02, 1.10324353e+03, 8.01265930e+02,
    1.06095056e+03, 8.05188293e+02, 1.23366882e+03, 7.57779541e+02,
    1.19133289e+03, 7.61583069e+02, 1.14853918e+03, 7.65792603e+02,
    1.10551733e+03, 7.69365295e+02, 1.06237366e+03, 7.73156189e+02,
    1.23886755e+03, 7.24371704e+02, 1.19571606e+03, 7.28636963e+02,
    1.15200098e+03, 7.32107910e+02, 1.10803210e+03, 7.36004517e+02,
    1.06395386e+03, 7.39886108e+02, 1.24440356e+03, 6.89580322e+02,
    1.20027209e+03, 6.94193420e+02, 1.15556006e+03, 6.97194580e+02,
    1.11072546e+03, 7.01164246e+02, 1.06559131e+03, 7.05132385e+02,
    1.25021118e+03, 6.53385681e+02, 1.20514111e+03, 6.57876770e+02,
    1.15934375e+03, 6.61012695e+02, 1.11353650e+03, 6.64767578e+02,
    1.06749683e+03, 6.68994812e+02, 1.25634912e+03, 6.15414185e+02,
    1.21025085e+03, 6.19808838e+02, 1.16350366e+03, 6.23151123e+02,
    1.11664136e+03, 6.26819275e+02, 1.06939185e+03, 6.30989197e+02,
    1.26286597e+03, 5.75591797e+02, 1.21567236e+03, 5.80010681e+02,
    1.16780579e+03, 5.83381897e+02, 1.11987634e+03, 5.87158081e+02,
    1.07163171e+03, 5.91487732e+02 ]
