%YAML:1.0
points: [ 3.71409973e+02, 2.90089355e+02, 3.56893829e+02, 2.91408539e+02,
    3.42433746e+02, 2.92883789e+02, 3.27761993e+02, 2.94108032e+02,
    3.13038849e+02, 2.95488312e+02, 3.73590759e+02, 2.78952057e+02,
    3.58822327e+02, 2.80293427e+02, 3.43997314e+02, 2.81788818e+02,
    3.29008972e+02, 2.82997894e+02, 3.13995117e+02, 2.84294189e+02,
    3.75896362e+02, 2.67337158e+02, 3.60865692e+02, 2.68812714e+02,
    3.45641357e+02, 2.70018799e+02, 3.30392181e+02, 2.71368683e+02,
    3.15003632e+02, 2.72702850e+02, 3.78341919e+02, 2.55191681e+02,
    3.63006531e+02, 2.56838654e+02, 3.47382477e+02, 2.57836517e+02,
    3.31789551e+02, 2.59219543e+02, 3.16090881e+02, 2.60579651e+02,
    3.80907501e+02, 2.42557220e+02, 3.65251038e+02, 2.44157211e+02,
    3.49256500e+02, 2.45234726e+02, 3.33294952e+02, 2.46539764e+02,
    3.17281403e+02, 2.47977768e+02, 3.83634857e+02, 2.29320709e+02,
    3.67588196e+02, 2.30885025e+02, 3.51261810e+02, 2.32078674e+02,
    3.34888702e+02, 2.33324997e+02, 3.18488586e+02, 2.34750381e+02,
    3.86489105e+02, 2.15414948e+02, 3.70121277e+02, 2.16994370e+02,
    3.53370239e+02, 2.18179306e+02, 3.36640076e+02, 2.19485443e+02,
    3.19875549e+02, 2.21047226e+02 ]
