%YAML:1.0
points: [ 8.14510010e+02, 4.45992645e+02, 7.92118286e+02, 4.41904724e+02,
    7.69979492e+02, 4.37863708e+02, 7.48582581e+02, 4.34040894e+02,
    7.27371948e+02, 4.30271973e+02, 8.21100342e+02, 4.19689819e+02,
    7.98534363e+02, 4.15854340e+02, 7.76451233e+02, 4.12147217e+02,
    7.55033203e+02, 4.08623932e+02, 7.33791931e+02, 4.05009399e+02,
    8.27627014e+02, 3.93398682e+02, 8.04865112e+02, 3.89801453e+02,
    7.82946716e+02, 3.86411865e+02, 7.61417175e+02, 3.83121216e+02,
    7.40131653e+02, 3.79695984e+02, 8.34162415e+02, 3.67145508e+02,
    8.11248169e+02, 3.63803040e+02, 7.89317444e+02, 3.60790558e+02,
    7.67715149e+02, 3.57687408e+02, 7.46347473e+02, 3.54532471e+02,
    8.40523438e+02, 3.41003845e+02, 8.17774353e+02, 3.37862244e+02,
    7.95761658e+02, 3.35149963e+02, 7.73986816e+02, 3.32290985e+02,
    7.52547180e+02, 3.29446930e+02, 8.46979919e+02, 3.14861786e+02,
    8.24229919e+02, 3.11927856e+02, 8.02088806e+02, 3.09504303e+02,
    7.80242554e+02, 3.06881592e+02, 7.58833496e+02, 3.04342957e+02,
    8.53450745e+02, 2.88721252e+02, 8.30623108e+02, 2.86011292e+02,
    8.08364990e+02, 2.83848267e+02, 7.86310181e+02, 2.81488251e+02,
    7.64887207e+02, 2.79041962e+02 ]
