%YAML:1.0
points: [ 3.36146332e+02, 2.84417542e+02, 3.21650482e+02, 2.84979980e+02,
    3.07323914e+02, 2.85657715e+02, 2.92973663e+02, 2.86128174e+02,
    2.78626343e+02, 2.86746552e+02, 3.37009552e+02, 2.73450195e+02,
    3.22263397e+02, 2.74078766e+02, 3.07584015e+02, 2.74821259e+02,
    2.92955841e+02, 2.75302185e+02, 2.78378357e+02, 2.75894836e+02,
    3.37937927e+02, 2.62049469e+02, 3.22914459e+02, 2.62843018e+02,
    3.07900421e+02, 2.63359680e+02, 2.92969269e+02, 2.64015594e+02,
    2.78102692e+02, 2.64665222e+02, 3.38917358e+02, 2.50175400e+02,
    3.23603516e+02, 2.51127716e+02, 3.08245636e+02, 2.51519302e+02,
    2.92984711e+02, 2.52248688e+02, 2.77797668e+02, 2.52958679e+02,
    3.39971375e+02, 2.37853348e+02, 3.24315277e+02, 2.38813354e+02,
    3.08644348e+02, 2.39307999e+02, 2.93019897e+02, 2.40007919e+02,
    2.77562897e+02, 2.40835251e+02, 3.41094727e+02, 2.24982773e+02,
    3.25065735e+02, 2.25945312e+02, 3.09031464e+02, 2.26602905e+02,
    2.93095032e+02, 2.27285278e+02, 2.77255676e+02, 2.28127518e+02,
    3.42285034e+02, 2.11457108e+02, 3.25885803e+02, 2.12506104e+02,
    3.09505707e+02, 2.13188644e+02, 2.93173950e+02, 2.13992447e+02,
    2.76995972e+02, 2.14954285e+02 ]
