%YAML:1.0
points: [ 1.12981165e+03, 7.73333435e+02, 1.08849304e+03, 7.75050537e+02,
    1.04737073e+03, 7.77036194e+02, 1.00626495e+03, 7.78461731e+02,
    9.65252930e+02, 7.80310486e+02, 1.13109082e+03, 7.41927429e+02,
    1.08904724e+03, 7.43780151e+02, 1.04696057e+03, 7.45932434e+02,
    1.00505719e+03, 7.47460022e+02, 9.63305603e+02, 7.49189270e+02,
    1.13256201e+03, 7.09189819e+02, 1.08964014e+03, 7.11552612e+02,
    1.04676880e+03, 7.13134155e+02, 1.00395660e+03, 7.15083130e+02,
    9.61276062e+02, 7.17013916e+02, 1.13408911e+03, 6.75204651e+02,
    1.09025134e+03, 6.77963745e+02, 1.04648450e+03, 6.79200745e+02,
    1.00278369e+03, 6.81349426e+02, 9.59149109e+02, 6.83375244e+02,
    1.13576624e+03, 6.39815613e+02, 1.09100696e+03, 6.42620850e+02,
    1.04622791e+03, 6.44100342e+02, 1.00159625e+03, 6.46179626e+02,
    9.57047546e+02, 6.48562317e+02, 1.13755347e+03, 6.02819885e+02,
    1.09178894e+03, 6.05637573e+02, 1.04600439e+03, 6.07479858e+02,
    1.00042914e+03, 6.09537720e+02, 9.54743530e+02, 6.11972717e+02,
    1.13937646e+03, 5.64090271e+02, 1.09261292e+03, 5.67116760e+02,
    1.04575818e+03, 5.68984497e+02, 9.99067566e+02, 5.71367981e+02,
    9.52514587e+02, 5.74100342e+02 ]
