%YAML:1.0
points: [ 3.09848297e+02, 2.42913895e+02, 2.99480621e+02, 2.39168243e+02,
    2.89323151e+02, 2.35654251e+02, 2.79439453e+02, 2.32043701e+02,
    2.69647461e+02, 2.28558945e+02, 3.11642700e+02, 2.34979507e+02,
    3.01098938e+02, 2.31314056e+02, 2.90711823e+02, 2.27800720e+02,
    2.80630768e+02, 2.24169647e+02, 2.70697937e+02, 2.20669052e+02,
    3.13550629e+02, 2.26741150e+02, 3.02727020e+02, 2.23165024e+02,
    2.92240967e+02, 2.19511978e+02, 2.81871216e+02, 2.15949417e+02,
    2.71755798e+02, 2.12492981e+02, 3.15519287e+02, 2.18152176e+02,
    3.04419556e+02, 2.14705307e+02, 2.93773254e+02, 2.10901596e+02,
    2.83189087e+02, 2.07436417e+02, 2.72800415e+02, 2.03932999e+02,
    3.17606506e+02, 2.09316437e+02, 3.06266663e+02, 2.05810150e+02,
    2.95326599e+02, 2.02050674e+02, 2.84532990e+02, 1.98569733e+02,
    2.73932648e+02, 1.95186081e+02, 3.19759399e+02, 2.00017853e+02,
    3.08194641e+02, 1.96574921e+02, 2.96989227e+02, 1.92904724e+02,
    2.85982971e+02, 1.89410172e+02, 2.75107788e+02, 1.86023544e+02,
    3.21997437e+02, 1.90350983e+02, 3.10174438e+02, 1.86969910e+02,
    2.98709351e+02, 1.83308136e+02, 2.87378113e+02, 1.79858276e+02,
    2.76275421e+02, 1.76552765e+02 ]
