%YAML:1.0
points: [ 3.06009674e+02, 2.78154419e+02, 2.92092407e+02, 2.78120758e+02,
    2.78323517e+02, 2.78229340e+02, 2.64689789e+02, 2.78133423e+02,
    2.51149368e+02, 2.78166931e+02, 3.05795380e+02, 2.67406708e+02,
    2.91595367e+02, 2.67483673e+02, 2.77585541e+02, 2.67660309e+02,
    2.63720306e+02, 2.67608948e+02, 2.49961212e+02, 2.67642761e+02,
    3.05618286e+02, 2.56271576e+02, 2.91167816e+02, 2.56519226e+02,
    2.76889221e+02, 2.56531616e+02, 2.62723602e+02, 2.56662506e+02,
    2.48717056e+02, 2.56800964e+02, 3.05433624e+02, 2.44704376e+02,
    2.90652435e+02, 2.45166458e+02, 2.76148102e+02, 2.45077057e+02,
    2.61689758e+02, 2.45292114e+02, 2.47399582e+02, 2.45493988e+02,
    3.05248383e+02, 2.32742722e+02, 2.90215149e+02, 2.33203125e+02,
    2.75376556e+02, 2.33253281e+02, 2.60641083e+02, 2.33501923e+02,
    2.46103058e+02, 2.33873962e+02, 3.05070343e+02, 2.20259811e+02,
    2.89746582e+02, 2.20773361e+02, 2.74594604e+02, 2.20966446e+02,
    2.59587463e+02, 2.21266220e+02, 2.44701965e+02, 2.21704025e+02,
    3.04900391e+02, 2.07186890e+02, 2.89246613e+02, 2.07825668e+02,
    2.73762970e+02, 2.08135757e+02, 2.58449249e+02, 2.08567200e+02,
    2.43246689e+02, 2.09090591e+02 ]
