%YAML:1.0
points: [ 1.04576062e+03, 7.55530151e+02, 1.00608008e+03, 7.55500427e+02,
    9.66757751e+02, 7.55824646e+02, 9.27880371e+02, 7.55624023e+02,
    8.89208618e+02, 7.55770081e+02, 1.04409802e+03, 7.24775391e+02,
    1.00374084e+03, 7.24995178e+02, 9.63551880e+02, 7.25574829e+02,
    9.24012207e+02, 7.25433777e+02, 8.84753418e+02, 7.25556458e+02,
    1.04248303e+03, 6.92788696e+02, 1.00124945e+03, 6.93580872e+02,
    9.60503052e+02, 6.93657104e+02, 9.20062866e+02, 6.94086426e+02,
    8.80012024e+02, 6.94402466e+02, 1.04083130e+03, 6.59646118e+02,
    9.98693176e+02, 6.60932861e+02, 9.57228638e+02, 6.60727417e+02,
    9.15898132e+02, 6.61377686e+02, 8.75035095e+02, 6.61972107e+02,
    1.03908752e+03, 6.25235352e+02, 9.96186462e+02, 6.26628052e+02,
    9.53773865e+02, 6.26798279e+02, 9.11693726e+02, 6.27477966e+02,
    8.69981628e+02, 6.28439575e+02, 1.03736755e+03, 5.89254639e+02,
    9.93546631e+02, 5.90782898e+02, 9.50216614e+02, 5.91396179e+02,
    9.07308716e+02, 5.92162842e+02, 8.64683777e+02, 5.93368286e+02,
    1.03552271e+03, 5.51813782e+02, 9.90740967e+02, 5.53564148e+02,
    9.46480103e+02, 5.54352173e+02, 9.02547546e+02, 5.55584167e+02,
    8.59147644e+02, 5.57146851e+02 ]
