%YAML:1.0
points: [ 7.97257019e+02, 3.60440094e+02, 7.76254211e+02, 3.57067444e+02,
    7.55637634e+02, 3.53528198e+02, 7.35742798e+02, 3.50458252e+02,
    7.16174988e+02, 3.47193420e+02, 8.07548218e+02, 3.36621643e+02,
    7.86459290e+02, 3.33430847e+02, 7.65879395e+02, 3.30354126e+02,
    7.46052917e+02, 3.27460663e+02, 7.26362366e+02, 3.24533081e+02,
    8.17752380e+02, 3.12915497e+02, 7.96453064e+02, 3.09984375e+02,
    7.76084839e+02, 3.07271301e+02, 7.56143188e+02, 3.04724487e+02,
    7.36439575e+02, 3.01960999e+02, 8.27721069e+02, 2.89461029e+02,
    8.06442444e+02, 2.86704773e+02, 7.86105652e+02, 2.84539703e+02,
    7.66079102e+02, 2.82027161e+02, 7.46301697e+02, 2.79613037e+02,
    8.37588257e+02, 2.66303711e+02, 8.16415039e+02, 2.63681396e+02,
    7.96026978e+02, 2.61865356e+02, 7.75929993e+02, 2.59673004e+02,
    7.56151001e+02, 2.57392120e+02, 8.47499207e+02, 2.43193924e+02,
    8.26254639e+02, 2.41011108e+02, 8.05831848e+02, 2.39232666e+02,
    7.85646545e+02, 2.37355209e+02, 7.65875366e+02, 2.35413818e+02,
    8.57247498e+02, 2.20443787e+02, 8.36045654e+02, 2.18252518e+02,
    8.15448486e+02, 2.16901016e+02, 7.95176025e+02, 2.15252411e+02,
    7.75418457e+02, 2.13293320e+02 ]
