%YAML:1.0
points: [ 2.78967163e+02, 2.33695908e+02, 2.70757416e+02, 2.29696518e+02,
    2.62640411e+02, 2.25919220e+02, 2.54968704e+02, 2.22125015e+02,
    2.47340744e+02, 2.18475082e+02, 2.78956512e+02, 2.26154709e+02,
    2.70613525e+02, 2.22252686e+02, 2.62382660e+02, 2.18514465e+02,
    2.54477829e+02, 2.14681671e+02, 2.46843460e+02, 2.11108200e+02,
    2.78992188e+02, 2.18357071e+02, 2.70378845e+02, 2.14556778e+02,
    2.62198120e+02, 2.10746140e+02, 2.54089951e+02, 2.07057419e+02,
    2.46291214e+02, 2.03560684e+02, 2.79022095e+02, 2.10302368e+02,
    2.70122314e+02, 2.06647873e+02, 2.61903412e+02, 2.02761688e+02,
    2.53654236e+02, 1.99145508e+02, 2.45671783e+02, 1.95669739e+02,
    2.78998840e+02, 2.01958527e+02, 2.69964111e+02, 1.98346130e+02,
    2.61585785e+02, 1.94548508e+02, 2.53215912e+02, 1.90957321e+02,
    2.45035141e+02, 1.87577301e+02, 2.78991058e+02, 1.93292953e+02,
    2.69786560e+02, 1.89717377e+02, 2.61150909e+02, 1.86024872e+02,
    2.52751251e+02, 1.82487717e+02, 2.44389679e+02, 1.79087082e+02,
    2.78979553e+02, 1.84287643e+02, 2.69636139e+02, 1.80842926e+02,
    2.60773621e+02, 1.77154221e+02, 2.52128693e+02, 1.73728302e+02,
    2.43597015e+02, 1.70457916e+02 ]
