%YAML:1.0
points: [ 1.06221509e+03, 8.14954590e+02, 1.02382916e+03, 8.16948059e+02,
    9.85712891e+02, 8.19397949e+02, 9.48179871e+02, 8.21066040e+02,
    9.10930176e+02, 8.23141663e+02, 1.05820935e+03, 7.87999023e+02,
    1.01912836e+03, 7.90276917e+02, 9.80308350e+02, 7.92987549e+02,
    9.41932312e+02, 7.94914734e+02, 9.04144165e+02, 7.96998352e+02,
    1.05428931e+03, 7.59917236e+02, 1.01424268e+03, 7.62878601e+02,
    9.74803101e+02, 7.65036743e+02, 9.35725586e+02, 7.67531067e+02,
    8.97033081e+02, 7.69997620e+02, 1.05013318e+03, 7.30764221e+02,
    1.00923346e+03, 7.34369080e+02, 9.68969116e+02, 7.36186829e+02,
    9.29111084e+02, 7.39029846e+02, 8.89577209e+02, 7.41741943e+02,
    1.04576160e+03, 7.00587219e+02, 1.00414124e+03, 7.04269409e+02,
    9.62921326e+02, 7.06587708e+02, 9.22225525e+02, 7.09406555e+02,
    8.81967041e+02, 7.12613220e+02, 1.04125085e+03, 6.68909119e+02,
    9.98768433e+02, 6.72807434e+02, 9.56680542e+02, 6.75664124e+02,
    9.15099854e+02, 6.78594482e+02, 8.73827026e+02, 6.82063110e+02,
    1.03655481e+03, 6.35794006e+02, 9.93080444e+02, 6.40046631e+02,
    9.50047363e+02, 6.43130371e+02, 9.07468811e+02, 6.46618103e+02,
    8.65497192e+02, 6.50528076e+02 ]
