%YAML:1.0
points: [ 3.11217377e+02, 2.98870178e+02, 2.97716522e+02, 2.99550842e+02,
    2.84390991e+02, 3.00351044e+02, 2.71199768e+02, 3.00966339e+02,
    2.58156586e+02, 3.01686279e+02, 3.10241364e+02, 2.89480804e+02,
    2.96443268e+02, 2.90246979e+02, 2.82896362e+02, 2.91179779e+02,
    2.69423462e+02, 2.91819061e+02, 2.56175293e+02, 2.92560577e+02,
    3.09230957e+02, 2.79678741e+02, 2.95202087e+02, 2.80700775e+02,
    2.81323273e+02, 2.81422180e+02, 2.67592957e+02, 2.82286407e+02,
    2.54086700e+02, 2.83101074e+02, 3.08180878e+02, 2.69510742e+02,
    2.93871552e+02, 2.70745178e+02, 2.79714996e+02, 2.71355042e+02,
    2.65736145e+02, 2.72352417e+02, 2.51884323e+02, 2.73301575e+02,
    3.07115692e+02, 2.58960388e+02, 2.92499237e+02, 2.60237335e+02,
    2.78060883e+02, 2.60999786e+02, 2.63786896e+02, 2.62003632e+02,
    2.49649551e+02, 2.63126709e+02, 3.06003143e+02, 2.47942825e+02,
    2.91074066e+02, 2.49267960e+02, 2.76342926e+02, 2.50249161e+02,
    2.61761047e+02, 2.51281662e+02, 2.47351730e+02, 2.52491608e+02,
    3.04812256e+02, 2.36427124e+02, 2.89614410e+02, 2.37902298e+02,
    2.74518707e+02, 2.38960770e+02, 2.59609100e+02, 2.40167282e+02,
    2.44920990e+02, 2.41533127e+02 ]
