%YAML:1.0
points: [ 8.86406982e+02, 6.09777100e+02, 8.62430847e+02, 6.06868896e+02,
    8.38786926e+02, 6.04264465e+02, 8.15576172e+02, 6.01326965e+02,
    7.92680054e+02, 5.98727051e+02, 8.85717651e+02, 5.85447876e+02,
    8.61587646e+02, 5.82797241e+02, 8.37687500e+02, 5.80265320e+02,
    8.14420410e+02, 5.77577332e+02, 7.91282043e+02, 5.74910583e+02,
    8.85085693e+02, 5.60763428e+02, 8.60630188e+02, 5.58361877e+02,
    8.36757385e+02, 5.55796814e+02, 8.13221375e+02, 5.53328125e+02,
    7.89831604e+02, 5.50952637e+02, 8.84366028e+02, 5.35705322e+02,
    8.59618591e+02, 5.33557922e+02, 8.35781799e+02, 5.31011902e+02,
    8.11939514e+02, 5.28763977e+02, 7.88430847e+02, 5.26567749e+02,
    8.83641907e+02, 5.10275757e+02, 8.58744324e+02, 5.08275726e+02,
    8.34690002e+02, 5.05948212e+02, 8.10662964e+02, 5.03834198e+02,
    7.86941345e+02, 5.01802826e+02, 8.82988098e+02, 4.84368622e+02,
    8.57876343e+02, 4.82592194e+02, 8.33524658e+02, 4.80460083e+02,
    8.09390625e+02, 4.78511780e+02, 7.85417419e+02, 4.76714142e+02,
    8.82296631e+02, 4.58067047e+02, 8.56999512e+02, 4.56472107e+02,
    8.32298645e+02, 4.54535645e+02, 8.07938416e+02, 4.52878113e+02,
    7.83737427e+02, 4.51203186e+02 ]
