%YAML:1.0
points: [ 2.95698547e+02, 2.18310089e+02, 2.85805695e+02, 2.16266861e+02,
    2.76172699e+02, 2.14341232e+02, 2.66949005e+02, 2.12375458e+02,
    2.57944275e+02, 2.10551498e+02, 2.95399902e+02, 2.08256241e+02,
    2.85338654e+02, 2.06313202e+02, 2.75634430e+02, 2.04569916e+02,
    2.66316437e+02, 2.02758270e+02, 2.57228058e+02, 2.01014084e+02,
    2.95108032e+02, 1.97891022e+02, 2.84849945e+02, 1.96206863e+02,
    2.75103882e+02, 1.94449646e+02, 2.65638153e+02, 1.92848221e+02,
    2.56463898e+02, 1.91247345e+02, 2.94776764e+02, 1.87291687e+02,
    2.84355469e+02, 1.85851776e+02, 2.74592041e+02, 1.84168854e+02,
    2.64924713e+02, 1.82672409e+02, 2.55622620e+02, 1.81241058e+02,
    2.94442841e+02, 1.76405060e+02, 2.83904999e+02, 1.75099136e+02,
    2.73959930e+02, 1.73612747e+02, 2.64246277e+02, 1.72266632e+02,
    2.54755035e+02, 1.71003387e+02, 2.94159302e+02, 1.65255417e+02,
    2.83466400e+02, 1.64093018e+02, 2.73345520e+02, 1.62792740e+02,
    2.63528320e+02, 1.61535095e+02, 2.53876541e+02, 1.60407974e+02,
    2.93780701e+02, 1.53705124e+02, 2.82965790e+02, 1.52707245e+02,
    2.72707031e+02, 1.51572144e+02, 2.62686707e+02, 1.50546341e+02,
    2.52904282e+02, 1.49605881e+02 ]
