%YAML:1.0
points: [ 2.82080292e+02, 2.26231018e+02, 2.73493408e+02, 2.22949982e+02,
    2.65013641e+02, 2.19808090e+02, 2.56954102e+02, 2.16619904e+02,
    2.49055740e+02, 2.13557037e+02, 2.81891022e+02, 2.17599045e+02,
    2.73112000e+02, 2.14366745e+02, 2.64518036e+02, 2.11299377e+02,
    2.56349060e+02, 2.08197342e+02, 2.48379379e+02, 2.05251022e+02,
    2.81729919e+02, 2.08591537e+02, 2.72664642e+02, 2.05496506e+02,
    2.64097290e+02, 2.02406052e+02, 2.55687012e+02, 1.99482635e+02,
    2.47610718e+02, 1.96624268e+02, 2.81467346e+02, 1.99255508e+02,
    2.72202576e+02, 1.96396515e+02, 2.63632507e+02, 1.93322174e+02,
    2.55058411e+02, 1.90496841e+02, 2.46813507e+02, 1.87756226e+02,
    2.81197784e+02, 1.89691406e+02, 2.71811066e+02, 1.86918991e+02,
    2.63042389e+02, 1.83965546e+02, 2.54437393e+02, 1.81230606e+02,
    2.46007202e+02, 1.78630737e+02, 2.80931885e+02, 1.79806824e+02,
    2.71454498e+02, 1.77149353e+02, 2.62480255e+02, 1.74338287e+02,
    2.53731445e+02, 1.71682159e+02, 2.45174271e+02, 1.69172226e+02,
    2.80674469e+02, 1.69513779e+02, 2.70970184e+02, 1.66973099e+02,
    2.61852539e+02, 1.64317429e+02, 2.52914001e+02, 1.61845352e+02,
    2.44192673e+02, 1.59470093e+02 ]
