%YAML:1.0
points: [ 1.21590613e+03, 7.24264954e+02, 1.17760217e+03, 7.34059570e+02,
    1.13922485e+03, 7.44262695e+02, 1.10027148e+03, 7.54064453e+02,
    1.06122729e+03, 7.64191284e+02, 1.21338806e+03, 6.90441284e+02,
    1.17458960e+03, 7.00344971e+02, 1.13546594e+03, 7.10592773e+02,
    1.09591284e+03, 7.20425415e+02, 1.05622852e+03, 7.30503723e+02,
    1.21079321e+03, 6.55546997e+02, 1.17163770e+03, 6.65707092e+02,
    1.13163367e+03, 6.75531555e+02, 1.09152417e+03, 6.85615723e+02,
    1.05115259e+03, 6.95846008e+02, 1.20834045e+03, 6.19477661e+02,
    1.16845154e+03, 6.30021362e+02, 1.12777686e+03, 6.39445740e+02,
    1.08700439e+03, 6.49693420e+02, 1.04591675e+03, 6.59926758e+02,
    1.20581055e+03, 5.82311340e+02, 1.16527954e+03, 5.92762817e+02,
    1.12387598e+03, 6.02364441e+02, 1.08237207e+03, 6.12471069e+02,
    1.04059521e+03, 6.22991516e+02, 1.20325037e+03, 5.43721985e+02,
    1.16194763e+03, 5.54165588e+02, 1.11987817e+03, 5.64003479e+02,
    1.07766467e+03, 5.74062927e+02, 1.03503625e+03, 5.84585632e+02,
    1.20057800e+03, 5.03887573e+02, 1.15856763e+03, 5.14356934e+02,
    1.11578040e+03, 5.24156311e+02, 1.07281055e+03, 5.34386353e+02,
    1.02955078e+03, 5.45033569e+02 ]
