%YAML:1.0
points: [ 3.65782440e+02, 2.67273438e+02, 3.52434692e+02, 2.70715118e+02,
    3.39152740e+02, 2.74234894e+02, 3.25626648e+02, 2.77643036e+02,
    3.12073669e+02, 2.81159180e+02, 3.65221405e+02, 2.55526810e+02,
    3.51725403e+02, 2.58938568e+02, 3.38177643e+02, 2.62539398e+02,
    3.24410309e+02, 2.65903931e+02, 3.10638550e+02, 2.69411987e+02,
    3.64695190e+02, 2.43335953e+02, 3.51024353e+02, 2.46891861e+02,
    3.37132385e+02, 2.50293228e+02, 3.23237610e+02, 2.53807587e+02,
    3.09196442e+02, 2.57334045e+02, 3.64158142e+02, 2.30752411e+02,
    3.50317169e+02, 2.34445679e+02, 3.36101746e+02, 2.37698364e+02,
    3.21957092e+02, 2.41268402e+02, 3.07711731e+02, 2.44822006e+02,
    3.63655762e+02, 2.17787186e+02, 3.49548431e+02, 2.21456207e+02,
    3.35117249e+02, 2.24804001e+02, 3.20666046e+02, 2.28319229e+02,
    3.06230530e+02, 2.31966049e+02, 3.63153320e+02, 2.04309769e+02,
    3.48783478e+02, 2.08018921e+02, 3.34127441e+02, 2.11428909e+02,
    3.19399750e+02, 2.14950775e+02, 3.04658325e+02, 2.18618835e+02,
    3.62615967e+02, 1.90400391e+02, 3.48037506e+02, 1.94065628e+02,
    3.33099731e+02, 1.97520859e+02, 3.18136383e+02, 2.01119949e+02,
    3.03177368e+02, 2.04830276e+02 ]
