%YAML:1.0
points: [ 8.46414062e+02, 4.37361786e+02, 8.25784302e+02, 4.21847107e+02,
    8.05023743e+02, 4.06549683e+02, 7.84538940e+02, 3.90998138e+02,
    7.63944702e+02, 3.75660248e+02, 8.56254456e+02, 4.18927856e+02,
    8.35263123e+02, 4.03240540e+02, 8.14125305e+02, 3.87773010e+02,
    7.93394226e+02, 3.71993439e+02, 7.72447327e+02, 3.56261963e+02,
    8.66472046e+02, 3.99827057e+02, 8.44886169e+02, 3.84097076e+02,
    8.23727112e+02, 3.68071075e+02, 8.02463684e+02, 3.52197601e+02,
    7.81159912e+02, 3.36373138e+02, 8.76919495e+02, 3.80128845e+02,
    8.54798706e+02, 3.64316803e+02, 8.33499268e+02, 3.47789948e+02,
    8.11769653e+02, 3.31744171e+02, 7.90012573e+02, 3.15657166e+02,
    8.87692810e+02, 3.59855652e+02, 8.65330994e+02, 3.43739777e+02,
    8.43486938e+02, 3.27035767e+02, 8.21410156e+02, 3.10626434e+02,
    7.99260437e+02, 2.94408966e+02, 8.98857605e+02, 3.38892242e+02,
    8.76154663e+02, 3.22436279e+02, 8.53781982e+02, 3.05603424e+02,
    8.31422974e+02, 2.88873779e+02, 8.08836609e+02, 2.72327942e+02,
    9.10443848e+02, 3.17105225e+02, 8.87303772e+02, 3.00475769e+02,
    8.64494690e+02, 2.83286133e+02, 8.41503601e+02, 2.66351959e+02,
    8.18569153e+02, 2.49608887e+02 ]
