%YAML:1.0
points: [ 3.22787140e+02, 2.60433502e+02, 3.09432220e+02, 2.62943451e+02,
    2.96246918e+02, 2.65472321e+02, 2.83047607e+02, 2.67890015e+02,
    2.69888702e+02, 2.70379242e+02, 3.21116364e+02, 2.48945557e+02,
    3.07625153e+02, 2.51462769e+02, 2.94231567e+02, 2.54130157e+02,
    2.80844604e+02, 2.56560852e+02, 2.67509216e+02, 2.59093323e+02,
    3.19433441e+02, 2.37087875e+02, 3.05770294e+02, 2.39805222e+02,
    2.92148041e+02, 2.42327850e+02, 2.78587860e+02, 2.44945999e+02,
    2.65095367e+02, 2.47525391e+02, 3.17709717e+02, 2.24901413e+02,
    3.03906860e+02, 2.27777161e+02, 2.90050659e+02, 2.30239258e+02,
    2.76283264e+02, 2.32923355e+02, 2.62570618e+02, 2.35639999e+02,
    3.15992981e+02, 2.12388840e+02, 3.01983063e+02, 2.15276428e+02,
    2.87924500e+02, 2.17890488e+02, 2.73965881e+02, 2.20640121e+02,
    2.60100494e+02, 2.23434158e+02, 3.14213989e+02, 1.99459854e+02,
    2.99996490e+02, 2.02436249e+02, 2.85709045e+02, 2.05157928e+02,
    2.71505432e+02, 2.07936035e+02, 2.57432800e+02, 2.10787003e+02,
    3.12366272e+02, 1.86159851e+02, 2.97936859e+02, 1.89187698e+02,
    2.83439880e+02, 1.91990219e+02, 2.69081421e+02, 1.94864243e+02,
    2.54746582e+02, 1.97830139e+02 ]
