%YAML:1.0
points: [ 1.09550244e+03, 7.04701599e+02, 1.05745154e+03, 7.11866333e+02,
    1.01955188e+03, 7.19292358e+02, 9.81751343e+02, 7.26276001e+02,
    9.44010986e+02, 7.33432312e+02, 1.08999060e+03, 6.71709961e+02,
    1.05150696e+03, 6.79093994e+02, 1.01301050e+03, 6.86692444e+02,
    9.74618408e+02, 6.93760071e+02, 9.36432983e+02, 7.01066895e+02,
    1.08442139e+03, 6.37681580e+02, 1.04539771e+03, 6.45498718e+02,
    1.00635681e+03, 6.52854858e+02, 9.67428955e+02, 6.60327576e+02,
    9.28674133e+02, 6.67813904e+02, 1.07876221e+03, 6.02715637e+02,
    1.03913745e+03, 6.10936157e+02, 9.99469116e+02, 6.18105835e+02,
    9.60010925e+02, 6.25861328e+02, 9.20573669e+02, 6.33566162e+02,
    1.07292480e+03, 5.66762268e+02, 1.03271680e+03, 5.75076050e+02,
    9.92477966e+02, 5.82582642e+02, 9.52370728e+02, 5.90327026e+02,
    9.12400513e+02, 5.98399658e+02, 1.06692749e+03, 5.29663147e+02,
    1.02610156e+03, 5.38081970e+02, 9.85200623e+02, 5.45909241e+02,
    9.44562378e+02, 5.53800232e+02, 9.03922119e+02, 5.62037842e+02,
    1.06071497e+03, 4.91314758e+02, 1.01928784e+03, 4.99982086e+02,
    9.77772339e+02, 5.08009674e+02, 9.36433105e+02, 5.16228760e+02,
    8.95198975e+02, 5.24733826e+02 ]
