%YAML:1.0
points: [ 8.46420227e+02, 4.37349548e+02, 8.25782532e+02, 4.21860107e+02,
    8.05025330e+02, 4.06560333e+02, 7.84536438e+02, 3.91023499e+02,
    7.63922852e+02, 3.75654053e+02, 8.56258972e+02, 4.18939545e+02,
    8.35265808e+02, 4.03257416e+02, 8.14145752e+02, 3.87791962e+02,
    7.93378296e+02, 3.72008423e+02, 7.72482910e+02, 3.56279724e+02,
    8.66471375e+02, 3.99824036e+02, 8.44906738e+02, 3.84113251e+02,
    8.23726990e+02, 3.68057709e+02, 8.02474182e+02, 3.52204163e+02,
    7.81181824e+02, 3.36360321e+02, 8.76943115e+02, 3.80126709e+02,
    8.54814941e+02, 3.64343292e+02, 8.33487732e+02, 3.47795837e+02,
    8.11767029e+02, 3.31759674e+02, 7.90001221e+02, 3.15672150e+02,
    8.87707275e+02, 3.59873108e+02, 8.65330078e+02, 3.43753113e+02,
    8.43497314e+02, 3.27030243e+02, 8.21389465e+02, 3.10618103e+02,
    7.99291626e+02, 2.94421844e+02, 8.98874756e+02, 3.38903687e+02,
    8.76162476e+02, 3.22435699e+02, 8.53797058e+02, 3.05613892e+02,
    8.31410828e+02, 2.88882782e+02, 8.08832825e+02, 2.72344147e+02,
    9.10458740e+02, 3.17103943e+02, 8.87315308e+02, 3.00482391e+02,
    8.64482605e+02, 2.83297211e+02, 8.41521057e+02, 2.66354462e+02,
    8.18570129e+02, 2.49627777e+02 ]
