%YAML:1.0
points: [ 2.78424408e+02, 2.38293167e+02, 2.70297729e+02, 2.33541214e+02,
    2.62311462e+02, 2.28995300e+02, 2.54729401e+02, 2.24469910e+02,
    2.47187973e+02, 2.20086700e+02, 2.78671539e+02, 2.31622726e+02,
    2.70373901e+02, 2.26858017e+02, 2.62250916e+02, 2.22372742e+02,
    2.54431610e+02, 2.17748535e+02, 2.46856537e+02, 2.13405579e+02,
    2.78911041e+02, 2.24637436e+02, 2.70403137e+02, 2.19997467e+02,
    2.62257874e+02, 2.15323898e+02, 2.54220154e+02, 2.10819382e+02,
    2.46452866e+02, 2.06467331e+02, 2.79194061e+02, 2.17404404e+02,
    2.70376038e+02, 2.12845245e+02, 2.62227692e+02, 2.08073883e+02,
    2.53996918e+02, 2.03612625e+02, 2.46028748e+02, 1.99252960e+02,
    2.79472229e+02, 2.09894623e+02, 2.70473816e+02, 2.05298447e+02,
    2.62073914e+02, 2.00587982e+02, 2.53753113e+02, 1.96091217e+02,
    2.45565216e+02, 1.91814453e+02, 2.79732361e+02, 2.02000153e+02,
    2.70571350e+02, 1.97472290e+02, 2.61892059e+02, 1.92757034e+02,
    2.53508011e+02, 1.88300491e+02, 2.45134201e+02, 1.84000900e+02,
    2.79989136e+02, 1.93845352e+02, 2.70633759e+02, 1.89328903e+02,
    2.61764435e+02, 1.84624573e+02, 2.53123901e+02, 1.80285843e+02,
    2.44520233e+02, 1.76018829e+02 ]
