%YAML:1.0
points: [ 1.01830591e+03, 6.88046204e+02, 9.81916748e+02, 6.93513550e+02,
    9.45837280e+02, 6.99175842e+02, 9.10244080e+02, 7.04353882e+02,
    8.74917542e+02, 7.09727661e+02, 1.01119666e+03, 6.55838806e+02,
    9.74403198e+02, 6.61557068e+02, 9.37879944e+02, 6.67527161e+02,
    9.01905334e+02, 6.72908020e+02, 8.66214905e+02, 6.78419006e+02,
    1.00407159e+03, 6.22720459e+02, 9.66712891e+02, 6.28989563e+02,
    9.29882263e+02, 6.34708740e+02, 8.93373413e+02, 6.40572754e+02,
    8.57246460e+02, 6.46370728e+02, 9.96699768e+02, 5.88677368e+02,
    9.58825256e+02, 5.95473938e+02, 9.21550415e+02, 6.01179688e+02,
    8.84587341e+02, 6.07399780e+02, 8.47950317e+02, 6.13453613e+02,
    9.89086182e+02, 5.53877258e+02, 9.50877258e+02, 5.60836487e+02,
    9.13089111e+02, 5.66884216e+02, 8.75635681e+02, 5.73303162e+02,
    8.38572815e+02, 5.79822937e+02, 9.81360168e+02, 5.17986938e+02,
    9.42573547e+02, 5.25175964e+02, 9.04327148e+02, 5.31739868e+02,
    8.66447571e+02, 5.38308411e+02, 8.28872192e+02, 5.45100586e+02,
    9.73347412e+02, 4.81106262e+02, 9.34150757e+02, 4.88650879e+02,
    8.95258362e+02, 4.95422516e+02, 8.56899048e+02, 5.02481750e+02,
    8.18848511e+02, 5.09654480e+02 ]
