%YAML:1.0
points: [ 3.27133789e+02, 2.25159409e+02, 3.15475128e+02, 2.21847168e+02,
    3.04069336e+02, 2.18689896e+02, 2.92874237e+02, 2.15468643e+02,
    2.81816315e+02, 2.12368301e+02, 3.29759155e+02, 2.14914413e+02,
    3.17904327e+02, 2.11675949e+02, 3.06278107e+02, 2.08581604e+02,
    2.94908905e+02, 2.05380646e+02, 2.83655640e+02, 2.02292252e+02,
    3.32510345e+02, 2.04333817e+02, 3.20401215e+02, 2.01246170e+02,
    3.08603241e+02, 1.98091537e+02, 2.97023346e+02, 1.95030594e+02,
    2.85581512e+02, 1.91986496e+02, 3.35354706e+02, 1.93455109e+02,
    3.22971588e+02, 1.90479691e+02, 3.11032593e+02, 1.87278534e+02,
    2.99185486e+02, 1.84272614e+02, 2.87556305e+02, 1.81282227e+02,
    3.38277924e+02, 1.82269775e+02, 3.25726929e+02, 1.79320084e+02,
    3.13543457e+02, 1.76176743e+02, 3.01442993e+02, 1.73194016e+02,
    2.89607910e+02, 1.70300446e+02, 3.41362152e+02, 1.70657394e+02,
    3.28574677e+02, 1.67725784e+02, 3.16079529e+02, 1.64698074e+02,
    3.03816406e+02, 1.61716690e+02, 2.91740112e+02, 1.58885376e+02,
    3.44536011e+02, 1.58635986e+02, 3.31498108e+02, 1.55744919e+02,
    3.18771027e+02, 1.52742569e+02, 3.06233429e+02, 1.49865082e+02,
    2.93891510e+02, 1.47127899e+02 ]
