%YAML:1.0
points: [ 8.53189453e+02, 3.60633514e+02, 8.35283508e+02, 3.40228088e+02,
    8.17003174e+02, 3.19792114e+02, 7.98918213e+02, 2.98962402e+02,
    7.80499939e+02, 2.78072418e+02, 8.66960876e+02, 3.46248810e+02,
    8.48588440e+02, 3.25412079e+02, 8.30057739e+02, 3.04617554e+02,
    8.11683167e+02, 2.83294189e+02, 7.93092285e+02, 2.61960754e+02,
    8.81239441e+02, 3.31373444e+02, 8.62352783e+02, 3.10204224e+02,
    8.43906311e+02, 2.88662537e+02, 8.25043457e+02, 2.67098785e+02,
    8.06015991e+02, 2.45291840e+02, 8.95934509e+02, 3.15851593e+02,
    8.76679810e+02, 2.94503540e+02, 8.58078857e+02, 2.72200989e+02,
    8.38888306e+02, 2.50146347e+02, 8.19480286e+02, 2.27922775e+02,
    9.11224915e+02, 2.99889038e+02, 8.91716187e+02, 2.77974335e+02,
    8.72685425e+02, 2.55243576e+02, 8.53186951e+02, 2.32644455e+02,
    8.33394348e+02, 2.09980942e+02, 9.27173584e+02, 2.83206696e+02,
    9.07408264e+02, 2.60765381e+02, 8.87873840e+02, 2.37682465e+02,
    8.68122314e+02, 2.14475159e+02, 8.47879456e+02, 1.91264481e+02,
    9.43783508e+02, 2.65869537e+02, 9.23635803e+02, 2.43010025e+02,
    9.03729858e+02, 2.19261551e+02, 8.83421448e+02, 1.95585358e+02,
    8.62829163e+02, 1.71962341e+02 ]
