%YAML:1.0
points: [ 2.95057953e+02, 2.54590118e+02, 2.82264343e+02, 2.56470184e+02,
    2.69680542e+02, 2.58441345e+02, 2.57203949e+02, 2.60253204e+02,
    2.44830826e+02, 2.62158081e+02, 2.92844849e+02, 2.43382034e+02,
    2.79888458e+02, 2.45358414e+02, 2.67128510e+02, 2.47411789e+02,
    2.54557770e+02, 2.49311737e+02, 2.42052994e+02, 2.51250641e+02,
    2.90550995e+02, 2.31868088e+02, 2.77488251e+02, 2.34040237e+02,
    2.64593140e+02, 2.36038422e+02, 2.51851120e+02, 2.38109619e+02,
    2.39178482e+02, 2.40132324e+02, 2.88220184e+02, 2.20036331e+02,
    2.75008026e+02, 2.22408218e+02, 2.61962067e+02, 2.24378006e+02,
    2.49026077e+02, 2.26541901e+02, 2.36225250e+02, 2.28683441e+02,
    2.85870056e+02, 2.07929367e+02, 2.72464935e+02, 2.10375748e+02,
    2.59280579e+02, 2.12507996e+02, 2.46173386e+02, 2.14703369e+02,
    2.33188156e+02, 2.16996887e+02, 2.83418213e+02, 1.95484314e+02,
    2.69886902e+02, 1.97958725e+02, 2.56482483e+02, 2.00266891e+02,
    2.43239990e+02, 2.02574478e+02, 2.30096329e+02, 2.04883102e+02,
    2.80968414e+02, 1.82683472e+02, 2.67205994e+02, 1.85282272e+02,
    2.53644608e+02, 1.87686508e+02, 2.40206512e+02, 1.90086426e+02,
    2.26914459e+02, 1.92611786e+02 ]
