%YAML:1.0
points: [ 8.72160461e+02, 2.94348083e+02, 8.57372559e+02, 2.69744354e+02,
    8.42162720e+02, 2.44990204e+02, 8.27059448e+02, 2.19485703e+02,
    8.11526550e+02, 1.93797745e+02, 8.88918274e+02, 2.84452148e+02,
    8.73948547e+02, 2.59391724e+02, 8.58472351e+02, 2.34005280e+02,
    8.43278809e+02, 2.07979477e+02, 8.27651184e+02, 1.81631607e+02,
    9.06436584e+02, 2.74344727e+02, 8.91002563e+02, 2.48804672e+02,
    8.75892273e+02, 2.22662567e+02, 8.60296082e+02, 1.96112411e+02,
    8.44422241e+02, 1.69168625e+02, 9.24653992e+02, 2.63798248e+02,
    9.08834167e+02, 2.37797379e+02, 8.93796692e+02, 2.10743347e+02,
    8.77908508e+02, 1.83543381e+02, 8.61748840e+02, 1.55958008e+02,
    9.43437988e+02, 2.52834610e+02, 9.27558655e+02, 2.26208115e+02,
    9.12247192e+02, 1.98541962e+02, 8.96308594e+02, 1.70634705e+02,
    8.79801392e+02, 1.42386917e+02, 9.63167358e+02, 2.41385544e+02,
    9.47146851e+02, 2.14105469e+02, 9.31497253e+02, 1.85863647e+02,
    9.15405212e+02, 1.57128052e+02, 8.98728271e+02, 1.28214783e+02,
    9.83729492e+02, 2.29455383e+02, 9.67514465e+02, 2.01571899e+02,
    9.51673462e+02, 1.72463989e+02, 9.35229980e+02, 1.43106400e+02,
    9.18267273e+02, 1.13451347e+02 ]
