%YAML:1.0
points: [ 1.00350446e+03, 6.14474792e+02, 9.65678955e+02, 6.16487610e+02,
    9.28137390e+02, 6.18666321e+02, 8.90982361e+02, 6.20478210e+02,
    8.54106812e+02, 6.22492249e+02, 1.00045294e+03, 5.79168518e+02,
    9.62225220e+02, 5.81356689e+02, 9.24254211e+02, 5.83766174e+02,
    8.86732788e+02, 5.85753540e+02, 8.49412537e+02, 5.87781250e+02,
    9.97448425e+02, 5.42932922e+02, 9.58676819e+02, 5.45516968e+02,
    9.20349243e+02, 5.47714050e+02, 8.82326965e+02, 5.50078186e+02,
    8.44554749e+02, 5.52383057e+02, 9.94280518e+02, 5.05885284e+02,
    9.55085815e+02, 5.08835022e+02, 9.16279297e+02, 5.10966522e+02,
    8.77792969e+02, 5.13558533e+02, 8.39618042e+02, 5.16050598e+02,
    9.91139282e+02, 4.67917786e+02, 9.51462280e+02, 4.70944702e+02,
    9.12190186e+02, 4.73415314e+02, 8.73203857e+02, 4.76107300e+02,
    8.34541443e+02, 4.78904510e+02, 9.87923279e+02, 4.28960815e+02,
    9.47717834e+02, 4.32135437e+02, 9.08030396e+02, 4.34955353e+02,
    8.68488770e+02, 4.37725098e+02, 8.29318359e+02, 4.40786835e+02,
    9.84586914e+02, 3.89007965e+02, 9.43913452e+02, 3.92379517e+02,
    9.03658569e+02, 3.95326294e+02, 8.63626099e+02, 3.98502167e+02,
    8.23890991e+02, 4.01676086e+02 ]
