%YAML:1.0
points: [ 2.90263458e+02, 2.28989883e+02, 2.77019867e+02, 2.29705215e+02,
    2.63950409e+02, 2.30453964e+02, 2.50997543e+02, 2.31095261e+02,
    2.38091980e+02, 2.31785919e+02, 2.89453888e+02, 2.16746826e+02,
    2.76073181e+02, 2.17542023e+02, 2.62840607e+02, 2.18355667e+02,
    2.49722153e+02, 2.19022598e+02, 2.36706665e+02, 2.19779388e+02,
    2.88627411e+02, 2.04091080e+02, 2.75109558e+02, 2.04998642e+02,
    2.61702576e+02, 2.05807144e+02, 2.48432816e+02, 2.06654648e+02,
    2.35240707e+02, 2.07508331e+02, 2.87785522e+02, 1.91230286e+02,
    2.74137817e+02, 1.92308075e+02, 2.60563446e+02, 1.92985626e+02,
    2.47115189e+02, 1.93918594e+02, 2.33736633e+02, 1.94817032e+02,
    2.86988037e+02, 1.78028717e+02, 2.73105896e+02, 1.79115158e+02,
    2.59337097e+02, 1.79997314e+02, 2.45722031e+02, 1.80911118e+02,
    2.32200134e+02, 1.81898270e+02, 2.86139038e+02, 1.64440048e+02,
    2.72076843e+02, 1.65643387e+02, 2.58178070e+02, 1.66613968e+02,
    2.44321793e+02, 1.67625412e+02, 2.30619354e+02, 1.68633804e+02,
    2.85221527e+02, 1.50468140e+02, 2.71032623e+02, 1.51766357e+02,
    2.56982544e+02, 1.52809723e+02, 2.42962326e+02, 1.53877930e+02,
    2.28990234e+02, 1.55068405e+02 ]
