%YAML:1.0
points: [ 2.83976532e+02, 2.16412308e+02, 2.74753693e+02, 2.12826920e+02,
    2.65683380e+02, 2.09412674e+02, 2.56985382e+02, 2.05981201e+02,
    2.48486267e+02, 2.02711655e+02, 2.84970215e+02, 2.06926498e+02,
    2.75581879e+02, 2.03437622e+02, 2.66359558e+02, 2.00151398e+02,
    2.57542419e+02, 1.96807571e+02, 2.48914017e+02, 1.93582962e+02,
    2.86028931e+02, 1.97168121e+02, 2.76366150e+02, 1.93863403e+02,
    2.67108429e+02, 1.90503250e+02, 2.58084412e+02, 1.87308395e+02,
    2.49349884e+02, 1.84206635e+02, 2.87080872e+02, 1.87125107e+02,
    2.77149475e+02, 1.83958511e+02, 2.67880249e+02, 1.80618439e+02,
    2.58675934e+02, 1.77531143e+02, 2.49738129e+02, 1.74500854e+02,
    2.88174011e+02, 1.76749664e+02, 2.78079346e+02, 1.73653641e+02,
    2.68627228e+02, 1.70472626e+02, 2.59281097e+02, 1.67451889e+02,
    2.50135681e+02, 1.64558228e+02, 2.89302460e+02, 1.66041351e+02,
    2.79056396e+02, 1.63077209e+02, 2.69371277e+02, 1.60045486e+02,
    2.59876587e+02, 1.57078033e+02, 2.50601089e+02, 1.54288177e+02,
    2.90442200e+02, 1.54931427e+02, 2.80038574e+02, 1.52092560e+02,
    2.70138367e+02, 1.49144135e+02, 2.60474823e+02, 1.46380188e+02,
    2.50910278e+02, 1.43706741e+02 ]
