%YAML:1.0
points: [ 9.05383362e+02, 3.00689911e+02, 8.83164734e+02, 2.75204529e+02,
    8.60579956e+02, 2.49424393e+02, 8.38000916e+02, 2.23267258e+02,
    8.14998230e+02, 1.96759232e+02, 9.27972351e+02, 2.79131470e+02,
    9.05572815e+02, 2.53066010e+02, 8.82711792e+02, 2.26883636e+02,
    8.59939941e+02, 2.00153122e+02, 8.36786865e+02, 1.73066940e+02,
    9.51350098e+02, 2.56862854e+02, 9.28529724e+02, 2.30396332e+02,
    9.05790283e+02, 2.03422974e+02, 8.82579407e+02, 1.76242691e+02,
    8.59179260e+02, 1.48616913e+02, 9.75425537e+02, 2.33946899e+02,
    9.52289917e+02, 2.07021729e+02, 9.29376343e+02, 1.79299850e+02,
    9.06011414e+02, 1.51577881e+02, 8.82201355e+02, 1.23327469e+02,
    1.00024573e+03, 2.10252899e+02, 9.76957397e+02, 1.82759171e+02,
    9.53799377e+02, 1.54497116e+02, 9.30123962e+02, 1.26060623e+02,
    9.06125122e+02, 9.72656708e+01, 1.02594751e+03, 1.85781097e+02,
    1.00249060e+03, 1.57616119e+02, 9.78960876e+02, 1.28853088e+02,
    9.55076965e+02, 9.96880646e+01, 9.30778809e+02, 7.02057571e+01,
    1.05253943e+03, 1.60411926e+02, 1.02882935e+03, 1.31658371e+02,
    1.00505676e+03, 1.02175171e+02, 9.80810791e+02, 7.24093933e+01,
    9.56282227e+02, 4.23269463e+01 ]
