%YAML:1.0
points: [ 3.16060913e+02, 2.12024231e+02, 3.05164185e+02, 2.19818649e+02,
    2.94576447e+02, 2.27513245e+02, 2.84195129e+02, 2.34870514e+02,
    2.74013245e+02, 2.42217453e+02, 3.07763275e+02, 2.02105118e+02,
    2.96872375e+02, 2.10100571e+02, 2.86298279e+02, 2.17956772e+02,
    2.75935974e+02, 2.25526169e+02, 2.65755219e+02, 2.32977432e+02,
    2.99309937e+02, 1.92028107e+02, 2.88445587e+02, 2.00289261e+02,
    2.77879089e+02, 2.08191833e+02, 2.67507751e+02, 2.15945648e+02,
    2.57349213e+02, 2.23630997e+02, 2.90743958e+02, 1.81812195e+02,
    2.79938538e+02, 1.90304276e+02, 2.69314880e+02, 1.98293793e+02,
    2.58974915e+02, 2.06262192e+02, 2.48814468e+02, 2.14040955e+02,
    2.82103333e+02, 1.71399628e+02, 2.71216309e+02, 1.80023056e+02,
    2.60644623e+02, 1.88244415e+02, 2.50266464e+02, 1.96414688e+02,
    2.40128098e+02, 2.04423233e+02, 2.73244476e+02, 1.60828583e+02,
    2.62356079e+02, 1.69636673e+02, 2.51827530e+02, 1.78061142e+02,
    2.41416611e+02, 1.86368759e+02, 2.31262253e+02, 1.94561157e+02,
    2.64221130e+02, 1.49982254e+02, 2.53316040e+02, 1.59066803e+02,
    2.42818146e+02, 1.67634171e+02, 2.32384613e+02, 1.76164795e+02,
    2.22220993e+02, 1.84610962e+02 ]
