%YAML:1.0
points: [ 2.54693253e+02, 1.95669220e+02, 2.47392044e+02, 1.88886780e+02,
    2.40085495e+02, 1.82228836e+02, 2.33119781e+02, 1.75665192e+02,
    2.26145599e+02, 1.69227615e+02, 2.59002960e+02, 1.87633804e+02,
    2.51497498e+02, 1.80802780e+02, 2.44044815e+02, 1.74159943e+02,
    2.36892151e+02, 1.67516220e+02, 2.29839951e+02, 1.61106628e+02,
    2.63506073e+02, 1.79311874e+02, 2.55683701e+02, 1.72437973e+02,
    2.48238937e+02, 1.65679916e+02, 2.40846695e+02, 1.59086685e+02,
    2.33588028e+02, 1.52538040e+02, 2.68089752e+02, 1.70629074e+02,
    2.60013519e+02, 1.63803894e+02, 2.52541290e+02, 1.56953842e+02,
    2.44903824e+02, 1.50308716e+02, 2.37475937e+02, 1.43755692e+02,
    2.72860046e+02, 1.61679138e+02, 2.64626495e+02, 1.54800552e+02,
    2.56871033e+02, 1.47947281e+02, 2.49114746e+02, 1.41241150e+02,
    2.41453079e+02, 1.34688232e+02, 2.77855682e+02, 1.52378082e+02,
    2.69444122e+02, 1.45449524e+02, 2.61433502e+02, 1.38558472e+02,
    2.53518295e+02, 1.31806564e+02, 2.45626373e+02, 1.25225845e+02,
    2.83033417e+02, 1.42669800e+02, 2.74366577e+02, 1.35715393e+02,
    2.66109497e+02, 1.28790939e+02, 2.57911041e+02, 1.22040283e+02,
    2.49802933e+02, 1.15443382e+02 ]
