%YAML:1.0
points: [ 1.07623059e+03, 5.65677979e+02, 1.04566296e+03, 5.88029053e+02,
    1.01567590e+03, 6.10159973e+02, 9.86437378e+02, 6.31442017e+02,
    9.57691406e+02, 6.52499573e+02, 1.05193701e+03, 5.37246277e+02,
    1.02133197e+03, 5.60138611e+02, 9.91451233e+02, 5.82697815e+02,
    9.62150818e+02, 6.04438416e+02, 9.33436829e+02, 6.25847595e+02,
    1.02721057e+03, 5.08268585e+02, 9.96645630e+02, 5.31843811e+02,
    9.66724426e+02, 5.54567566e+02, 9.37443542e+02, 5.76949768e+02,
    9.08785461e+02, 5.98881470e+02, 1.00214508e+03, 4.78777618e+02,
    9.71529419e+02, 5.03075348e+02, 9.41628357e+02, 5.26060547e+02,
    9.12391479e+02, 5.48977539e+02, 8.83643005e+02, 5.71445435e+02,
    9.76634277e+02, 4.48825653e+02, 9.46015259e+02, 4.73536407e+02,
    9.16096985e+02, 4.97159027e+02, 8.86909851e+02, 5.20581238e+02,
    8.58150330e+02, 5.43598633e+02, 9.50650940e+02, 4.18342133e+02,
    9.20010193e+02, 4.43492554e+02, 8.90146240e+02, 4.67812225e+02,
    8.60977356e+02, 4.91636597e+02, 8.32204529e+02, 5.15240906e+02,
    9.24204834e+02, 3.87301788e+02, 8.93570862e+02, 4.13024017e+02,
    8.63744690e+02, 4.37889801e+02, 8.34515320e+02, 4.62431976e+02,
    8.05705383e+02, 4.86529572e+02 ]
