%YAML:1.0
points: [ 3.47820068e+02, 2.15907104e+02, 3.36206421e+02, 2.24375443e+02,
    3.24914368e+02, 2.32658417e+02, 3.13710022e+02, 2.40699631e+02,
    3.02727539e+02, 2.48684525e+02, 3.39812592e+02, 2.05911072e+02,
    3.28160797e+02, 2.14511398e+02, 3.16815430e+02, 2.22975723e+02,
    3.05532745e+02, 2.31195251e+02, 2.94503143e+02, 2.39356873e+02,
    3.31620483e+02, 1.95647110e+02, 3.20031281e+02, 2.04476883e+02,
    3.08457001e+02, 2.13023468e+02, 2.97239960e+02, 2.21546738e+02,
    2.86150635e+02, 2.29828110e+02, 3.23309204e+02, 1.85196579e+02,
    3.11603302e+02, 1.94255676e+02, 3.00080566e+02, 2.02890411e+02,
    2.88700531e+02, 2.11612976e+02, 2.77576721e+02, 2.20099243e+02,
    3.14834381e+02, 1.74422470e+02, 3.03092163e+02, 1.83716721e+02,
    2.91408386e+02, 1.92571686e+02, 2.80077362e+02, 2.01390533e+02,
    2.68880280e+02, 2.10195084e+02, 3.06155914e+02, 1.63428802e+02,
    2.94327087e+02, 1.72977310e+02, 2.82608246e+02, 1.82086807e+02,
    2.71187927e+02, 1.91073792e+02, 2.59978333e+02, 1.99985657e+02,
    2.97238525e+02, 1.52191849e+02, 2.85333557e+02, 1.61880051e+02,
    2.73597229e+02, 1.71209457e+02, 2.62103668e+02, 1.80407562e+02,
    2.50776031e+02, 1.89570068e+02 ]
