%YAML:1.0
points: [ 1.16466211e+03, 5.76980286e+02, 1.13205542e+03, 6.00992615e+02,
    1.10011328e+03, 6.24889282e+02, 1.06852771e+03, 6.48011414e+02,
    1.03743359e+03, 6.71032288e+02, 1.14115991e+03, 5.48232788e+02,
    1.10849048e+03, 5.72787720e+02, 1.07634253e+03, 5.97191833e+02,
    1.04455212e+03, 6.20813171e+02, 1.01330573e+03, 6.44206848e+02,
    1.11717383e+03, 5.18785522e+02, 1.08430969e+03, 5.44053955e+02,
    1.05193201e+03, 5.68561523e+02, 1.02003125e+03, 5.92913513e+02,
    9.88578186e+02, 6.16828491e+02, 1.09265845e+03, 4.88714691e+02,
    1.05965588e+03, 5.14718994e+02, 1.02695544e+03, 5.39448242e+02,
    9.94847534e+02, 5.64305725e+02, 9.63229614e+02, 5.88827515e+02,
    1.06754822e+03, 4.57842468e+02, 1.03441052e+03, 4.84342743e+02,
    1.00150586e+03, 5.09833008e+02, 9.69178772e+02, 5.35174500e+02,
    9.37414551e+02, 5.60259583e+02, 1.04184521e+03, 4.26206757e+02,
    1.00844598e+03, 4.53220123e+02, 9.75422485e+02, 4.79372955e+02,
    9.42900940e+02, 5.05207581e+02, 9.10945679e+02, 5.30951965e+02,
    1.01546558e+03, 3.93789398e+02, 9.81889465e+02, 4.21390015e+02,
    9.48617859e+02, 4.48128326e+02, 9.15930115e+02, 4.74640961e+02,
    8.83829895e+02, 5.00955322e+02 ]
