%YAML:1.0
points: [ 2.90193024e+02, 2.03741974e+02, 2.80739197e+02, 1.96594223e+02,
    2.71372040e+02, 1.89601028e+02, 2.62220459e+02, 1.82592041e+02,
    2.53083740e+02, 1.75688141e+02, 2.96519836e+02, 1.94784958e+02,
    2.86889282e+02, 1.87581635e+02, 2.77314850e+02, 1.80540710e+02,
    2.68012909e+02, 1.73457764e+02, 2.58678070e+02, 1.66471085e+02,
    3.03065063e+02, 1.85533386e+02, 2.93182098e+02, 1.78323242e+02,
    2.83518280e+02, 1.71108261e+02, 2.73968323e+02, 1.64021545e+02,
    2.64430847e+02, 1.56951157e+02, 3.09839539e+02, 1.75924316e+02,
    2.99720123e+02, 1.68711304e+02, 2.89931641e+02, 1.61417984e+02,
    2.80150146e+02, 1.54225296e+02, 2.70409515e+02, 1.47123657e+02,
    3.16831696e+02, 1.66062927e+02, 3.06542114e+02, 1.58737320e+02,
    2.96545288e+02, 1.51375336e+02, 2.86522797e+02, 1.44095184e+02,
    2.76596558e+02, 1.36912628e+02, 3.24127319e+02, 1.55817322e+02,
    3.13604401e+02, 1.48431229e+02, 3.03327515e+02, 1.40994583e+02,
    2.93129944e+02, 1.33667389e+02, 2.82959106e+02, 1.26424606e+02,
    3.31664429e+02, 1.45213013e+02, 3.20874847e+02, 1.37699295e+02,
    3.10422974e+02, 1.30228043e+02, 2.99942596e+02, 1.22810318e+02,
    2.89596863e+02, 1.15505569e+02 ]
