%YAML:1.0
points: [ 9.35513489e+02, 3.01259949e+02, 9.12640747e+02, 2.74757904e+02,
    8.89369324e+02, 2.47955750e+02, 8.65796326e+02, 2.20520660e+02,
    8.41836121e+02, 1.92730438e+02, 9.60319824e+02, 2.78936890e+02,
    9.37330994e+02, 2.51908432e+02, 9.13819763e+02, 2.24575867e+02,
    8.90192139e+02, 1.96523788e+02, 8.66132996e+02, 1.68117996e+02,
    9.85902161e+02, 2.55963531e+02, 9.62631165e+02, 2.28451431e+02,
    9.39177124e+02, 2.00375031e+02, 9.15369873e+02, 1.71911972e+02,
    8.91079163e+02, 1.42811295e+02, 1.01219214e+03, 2.32350784e+02,
    9.88746582e+02, 2.04373962e+02, 9.65242981e+02, 1.75475830e+02,
    9.41219971e+02, 1.46410080e+02, 9.16728638e+02, 1.16700829e+02,
    1.03928760e+03, 2.08040970e+02, 1.01575745e+03, 1.79439636e+02,
    9.92037476e+02, 1.49953033e+02, 9.67882080e+02, 1.20155937e+02,
    9.43225952e+02, 8.98444443e+01, 1.06719849e+03, 1.83021408e+02,
    1.04360376e+03, 1.53686081e+02, 1.01971155e+03, 1.23635231e+02,
    9.95385986e+02, 9.31184845e+01, 9.70624390e+02, 6.20666428e+01,
    1.09601514e+03, 1.57128998e+02, 1.07232092e+03, 1.27162735e+02,
    1.04823950e+03, 9.63799210e+01, 1.02374268e+03, 6.51269073e+01,
    9.98798828e+02, 3.34792976e+01 ]
