%YAML:1.0
points: [ 9.68510742e+02, 3.01919006e+02, 9.45223877e+02, 2.74528625e+02,
    9.21453064e+02, 2.46713440e+02, 8.97306396e+02, 2.18111191e+02,
    8.72637939e+02, 1.89069138e+02, 9.95201904e+02, 2.78912964e+02,
    9.71838379e+02, 2.50975006e+02, 9.48046387e+02, 2.22561890e+02,
    9.23882812e+02, 1.93425720e+02, 8.99138611e+02, 1.63607376e+02,
    1.02266010e+03, 2.55234650e+02, 9.99198242e+02, 2.26834641e+02,
    9.75391357e+02, 1.97632385e+02, 9.51161316e+02, 1.67998657e+02,
    9.26340820e+02, 1.37548233e+02, 1.05075049e+03, 2.31016968e+02,
    1.02732629e+03, 2.02089172e+02, 1.00347577e+03, 1.72136642e+02,
    9.79111694e+02, 1.41821640e+02, 9.54268066e+02, 1.10730713e+02,
    1.07959119e+03, 2.06153687e+02, 1.05622180e+03, 1.76569977e+02,
    1.03227075e+03, 1.46020950e+02, 1.00788831e+03, 1.14918915e+02,
    9.82971008e+02, 8.32222290e+01, 1.10926611e+03, 1.80571457e+02,
    1.08589478e+03, 1.50309799e+02, 1.06189136e+03, 1.19126671e+02,
    1.03743237e+03, 8.72409286e+01, 1.01255206e+03, 5.48577499e+01,
    1.13984583e+03, 1.54274368e+02, 1.11645190e+03, 1.23303329e+02,
    1.09240808e+03, 9.13953018e+01, 1.06782568e+03, 5.88935356e+01,
    1.04291992e+03, 2.56870975e+01 ]
