%YAML:1.0
points: [ 2.55497742e+02, 2.42683090e+02, 2.47610809e+02, 2.32318344e+02,
    2.39591980e+02, 2.21817871e+02, 2.31376129e+02, 2.10931183e+02,
    2.23011612e+02, 1.99875641e+02, 2.67024384e+02, 2.35451050e+02,
    2.59213470e+02, 2.24880676e+02, 2.51259628e+02, 2.14279373e+02,
    2.43160599e+02, 2.03239304e+02, 2.34754532e+02, 1.92011887e+02,
    2.78590363e+02, 2.28072205e+02, 2.70946259e+02, 2.17568771e+02,
    2.63096039e+02, 2.06572479e+02, 2.55062195e+02, 1.95414703e+02,
    2.46718170e+02, 1.84057190e+02, 2.90357391e+02, 2.20673050e+02,
    2.82801819e+02, 2.09974136e+02, 2.75053345e+02, 1.98805984e+02,
    2.67094574e+02, 1.87482819e+02, 2.58873108e+02, 1.76004776e+02,
    3.02344025e+02, 2.13169876e+02, 2.94961975e+02, 2.02316177e+02,
    2.87195068e+02, 1.90990814e+02, 2.79263062e+02, 1.79415512e+02,
    2.71244202e+02, 1.67765900e+02, 3.14501221e+02, 2.05576599e+02,
    3.07158203e+02, 1.94515732e+02, 2.99457550e+02, 1.83117172e+02,
    2.91716309e+02, 1.71342361e+02, 2.83736725e+02, 1.59392624e+02,
    3.26965454e+02, 1.97839905e+02, 3.19624298e+02, 1.86649277e+02,
    3.12128174e+02, 1.75072784e+02, 3.04344421e+02, 1.63157349e+02,
    2.96645599e+02, 1.51116180e+02 ]
