%YAML:1.0
points: [ 9.00769897e+02, 6.53788635e+02, 8.77487915e+02, 6.24014038e+02,
    8.53617188e+02, 5.93740356e+02, 8.29311584e+02, 5.62442871e+02,
    8.04336609e+02, 5.30595032e+02, 9.33438171e+02, 6.32928833e+02,
    9.10421387e+02, 6.02825867e+02, 8.86787720e+02, 5.72090698e+02,
    8.62636841e+02, 5.40299133e+02, 8.37953064e+02, 5.07915649e+02,
    9.66573120e+02, 6.11760742e+02, 9.43773071e+02, 5.81423401e+02,
    9.20401733e+02, 5.49940430e+02, 8.96477783e+02, 5.17848389e+02,
    8.72018188e+02, 4.84992035e+02, 1.00009863e+03, 5.90439331e+02,
    9.77648438e+02, 5.59781189e+02, 9.54495911e+02, 5.27625916e+02,
    9.30834290e+02, 4.95103851e+02, 9.06616150e+02, 4.61823120e+02,
    1.03417358e+03, 5.68934875e+02, 1.01191101e+03, 5.37761047e+02,
    9.88984680e+02, 5.05195679e+02, 9.65610291e+02, 4.72142731e+02,
    9.41648254e+02, 4.38363983e+02, 1.06865588e+03, 5.47127014e+02,
    1.04671960e+03, 5.15429626e+02, 1.02409900e+03, 4.82523773e+02,
    1.00095331e+03, 4.48825470e+02, 9.77276123e+02, 4.14565002e+02,
    1.10368347e+03, 5.25036316e+02, 1.08202734e+03, 4.92872223e+02,
    1.05966736e+03, 4.59434875e+02, 1.03682495e+03, 4.25384735e+02,
    1.01345154e+03, 3.90601044e+02 ]
