%YAML:1.0
points: [ 2.86274078e+02, 2.34121719e+02, 2.77787659e+02, 2.26658737e+02,
    2.69245148e+02, 2.19256561e+02, 2.60815155e+02, 2.11697845e+02,
    2.52261108e+02, 2.04188461e+02, 2.92922821e+02, 2.28161377e+02,
    2.84226410e+02, 2.20569824e+02, 2.75465607e+02, 2.12979355e+02,
    2.66873566e+02, 2.05270477e+02, 2.58201233e+02, 1.97613022e+02,
    2.99814453e+02, 2.21936554e+02, 2.90876007e+02, 2.14232956e+02,
    2.82090729e+02, 2.06354401e+02, 2.73200378e+02, 1.98588562e+02,
    2.64319305e+02, 1.90779404e+02, 3.07016785e+02, 2.15486511e+02,
    2.97815857e+02, 2.07685242e+02, 2.88928986e+02, 1.99571182e+02,
    2.79837524e+02, 1.91612259e+02, 2.70740570e+02, 1.83651642e+02,
    3.14508942e+02, 2.08763260e+02, 3.05148468e+02, 2.00764893e+02,
    2.95994049e+02, 1.92477570e+02, 2.86738129e+02, 1.84317566e+02,
    2.77421692e+02, 1.76244858e+02, 3.22382446e+02, 2.01704712e+02,
    3.12796204e+02, 1.93502823e+02, 3.03427887e+02, 1.85153397e+02,
    2.93970703e+02, 1.76773849e+02, 2.84447723e+02, 1.68453094e+02,
    3.30632416e+02, 1.94325928e+02, 3.20814514e+02, 1.85994293e+02,
    3.11218994e+02, 1.77373779e+02, 3.01535492e+02, 1.68867050e+02,
    2.91739777e+02, 1.60421219e+02 ]
