%YAML:1.0
points: [ 1.06664026e+03, 3.03413635e+02, 1.04419641e+03, 2.73916565e+02,
    1.04419641e+03, 2.73916565e+02, 1.02108905e+03, 2.43651749e+02,
    9.59733154e+02, 2.34912964e+02, 1.09713074e+03, 2.78769928e+02,
    1.07486633e+03, 2.48713196e+02, 1.07486633e+03, 2.48713196e+02,
    1.02108905e+03, 2.43651749e+02, 9.97289490e+02, 2.12317383e+02,
    1.12814697e+03, 2.53661423e+02, 1.10629236e+03, 2.23071014e+02,
    1.10629236e+03, 2.23071014e+02, 1.08356592e+03, 1.91363205e+02,
    1.02855286e+03, 1.85780258e+02, 1.15970728e+03, 2.28119125e+02,
    1.13833472e+03, 1.96975998e+02, 1.13833472e+03, 1.96975998e+02,
    1.11573792e+03, 1.64451126e+02, 1.09283728e+03, 1.31158325e+02,
    1.19204761e+03, 2.02199829e+02, 1.17090222e+03, 1.70260284e+02,
    1.17090222e+03, 1.70260284e+02, 1.14862195e+03, 1.37072083e+02,
    1.12592090e+03, 1.03043343e+02, 1.22492859e+03, 1.75695953e+02,
    1.20407495e+03, 1.43043137e+02, 1.20407495e+03, 1.43043137e+02,
    1.18219702e+03, 1.09226257e+02, 1.15973499e+03, 7.43667221e+01,
    1.25850012e+03, 1.48697510e+02, 1.23802954e+03, 1.15302498e+02,
    1.23802954e+03, 1.15302498e+02, 1.21642407e+03, 8.07891312e+01,
    1.19435876e+03, 4.51564445e+01 ]
