%YAML:1.0
points: [ 2.82572632e+02, 2.49805756e+02, 2.74790009e+02, 2.42681870e+02,
    2.66875427e+02, 2.35622223e+02, 2.58988861e+02, 2.28312759e+02,
    2.50973785e+02, 2.20997665e+02, 2.89179321e+02, 2.46130737e+02,
    2.81215027e+02, 2.38837662e+02, 2.73111115e+02, 2.31584564e+02,
    2.65087311e+02, 2.24066910e+02, 2.56966919e+02, 2.16581680e+02,
    2.96091949e+02, 2.42220795e+02, 2.87911591e+02, 2.34861786e+02,
    2.79765808e+02, 2.27243439e+02, 2.71492035e+02, 2.19664520e+02,
    2.63181366e+02, 2.11953445e+02, 3.03318298e+02, 2.38155930e+02,
    2.94883118e+02, 2.30733521e+02, 2.86673889e+02, 2.22774887e+02,
    2.78218658e+02, 2.14991898e+02, 2.69713104e+02, 2.07112839e+02,
    3.10860565e+02, 2.33972778e+02, 3.02289551e+02, 2.26318634e+02,
    2.93861328e+02, 2.18192551e+02, 2.85270233e+02, 2.10158066e+02,
    2.76529205e+02, 2.02125290e+02, 3.18801941e+02, 2.29569046e+02,
    3.10075470e+02, 2.21676819e+02, 3.01399414e+02, 2.13399048e+02,
    2.92665497e+02, 2.05088379e+02, 2.83747223e+02, 1.96849518e+02,
    3.27151947e+02, 2.24891357e+02, 3.18214264e+02, 2.16820236e+02,
    3.09413391e+02, 2.08323669e+02, 3.00398041e+02, 1.99828720e+02,
    2.91253693e+02, 1.91422394e+02 ]
