%YAML:1.0
points: [ 3.14321320e+02, 2.55508102e+02, 3.07122742e+02, 2.44794540e+02,
    2.99733490e+02, 2.33912155e+02, 2.92029449e+02, 2.22432022e+02,
    2.84057281e+02, 2.10668060e+02, 3.26804871e+02, 2.46770615e+02,
    3.19792450e+02, 2.36005493e+02, 3.12655640e+02, 2.24916443e+02,
    3.05162201e+02, 2.13261337e+02, 2.97423065e+02, 2.01266907e+02,
    3.39279724e+02, 2.38110138e+02, 3.32580017e+02, 2.27229431e+02,
    3.25529541e+02, 2.15799881e+02, 3.18320801e+02, 2.04048340e+02,
    3.10836975e+02, 1.91893143e+02, 3.51846161e+02, 2.29394913e+02,
    3.45480774e+02, 2.18397415e+02, 3.38504395e+02, 2.06759888e+02,
    3.31560822e+02, 1.94838623e+02, 3.24322845e+02, 1.82573807e+02,
    3.64506989e+02, 2.20702072e+02, 3.58338501e+02, 2.09522949e+02,
    3.51617096e+02, 1.97725525e+02, 3.44818329e+02, 1.85656357e+02,
    3.37898682e+02, 1.73141312e+02, 3.77208557e+02, 2.11962509e+02,
    3.71249634e+02, 2.00596420e+02, 3.64822388e+02, 1.88699890e+02,
    3.58215271e+02, 1.76430176e+02, 3.51570129e+02, 1.63714020e+02,
    3.89953156e+02, 2.03184143e+02, 3.84240570e+02, 1.91660858e+02,
    3.78058838e+02, 1.79631256e+02, 3.71754639e+02, 1.67164780e+02,
    3.65388153e+02, 1.54285873e+02 ]
