%YAML:1.0
points: [ 1.06396155e+03, 6.90527039e+02, 1.04230115e+03, 6.59924194e+02,
    1.02007831e+03, 6.28531738e+02, 9.96783630e+02, 5.95583923e+02,
    9.72859192e+02, 5.61694519e+02, 1.09968030e+03, 6.65480225e+02,
    1.07872144e+03, 6.34625732e+02, 1.05712134e+03, 6.02661133e+02,
    1.03446204e+03, 5.69239502e+02, 1.01115863e+03, 5.34832092e+02,
    1.13542212e+03, 6.40497437e+02, 1.11528918e+03, 6.09368530e+02,
    1.09400049e+03, 5.76636292e+02, 1.07220532e+03, 5.42919434e+02,
    1.04953760e+03, 5.08012604e+02, 1.17133948e+03, 6.15494385e+02,
    1.15201953e+03, 5.84024109e+02, 1.13101990e+03, 5.50680359e+02,
    1.10993262e+03, 5.16560181e+02, 1.08808044e+03, 4.81218140e+02,
    1.20733582e+03, 5.90581543e+02, 1.18857483e+03, 5.58583130e+02,
    1.16831519e+03, 5.24838257e+02, 1.14779883e+03, 4.90210022e+02,
    1.12670129e+03, 4.54388397e+02, 1.24353381e+03, 5.65634705e+02,
    1.22531421e+03, 5.33104187e+02, 1.20583044e+03, 4.99020721e+02,
    1.18587146e+03, 4.63818237e+02, 1.16553601e+03, 4.27463165e+02,
    1.27982703e+03, 5.40612366e+02, 1.26233984e+03, 5.07612061e+02,
    1.24351453e+03, 4.73058838e+02, 1.22432898e+03, 4.37532532e+02,
    1.20471252e+03, 4.00619049e+02 ]
