%YAML:1.0
points: [ 2.62164703e+02, 2.19469772e+02, 2.58120239e+02, 2.09449142e+02,
    2.53914703e+02, 1.99286484e+02, 2.49708954e+02, 1.88760605e+02,
    2.45319992e+02, 1.78045456e+02, 2.72250122e+02, 2.18153015e+02,
    2.68251984e+02, 2.08002991e+02, 2.64119965e+02, 1.97666702e+02,
    2.59991516e+02, 1.86958328e+02, 2.55665405e+02, 1.75976486e+02,
    2.82721191e+02, 2.16845047e+02, 2.78678772e+02, 2.06552750e+02,
    2.74736694e+02, 1.95935562e+02, 2.70570831e+02, 1.85066345e+02,
    2.66331696e+02, 1.73894119e+02, 2.93556366e+02, 2.15498535e+02,
    2.89544373e+02, 2.05106842e+02, 2.85709625e+02, 1.94149155e+02,
    2.81618317e+02, 1.83101501e+02, 2.77464722e+02, 1.71708649e+02,
    3.04792603e+02, 2.14150558e+02, 3.00853302e+02, 2.03490082e+02,
    2.97029022e+02, 1.92348297e+02, 2.93051605e+02, 1.81058289e+02,
    2.88893372e+02, 1.69490341e+02, 3.16450165e+02, 2.12762299e+02,
    3.12630005e+02, 2.01900467e+02, 3.08812805e+02, 1.90532425e+02,
    3.04904694e+02, 1.78976059e+02, 3.00848145e+02, 1.67125015e+02,
    3.28617676e+02, 2.11277679e+02, 3.24829468e+02, 2.00240784e+02,
    3.21112610e+02, 1.88629684e+02, 3.17281616e+02, 1.76816299e+02,
    3.13266144e+02, 1.64791077e+02 ]
