%YAML:1.0
points: [ 3.65167664e+02, 2.63338318e+02, 3.59396545e+02, 2.52619263e+02,
    3.53500916e+02, 2.41598206e+02, 3.47153412e+02, 2.29889938e+02,
    3.40608215e+02, 2.17771851e+02, 3.77441681e+02, 2.53488754e+02,
    3.71970917e+02, 2.42719330e+02, 3.66388763e+02, 2.31484802e+02,
    3.60325623e+02, 2.19629593e+02, 3.54104889e+02, 2.07264191e+02,
    3.89545593e+02, 2.43780426e+02, 3.84563171e+02, 2.32894470e+02,
    3.79033905e+02, 2.21388748e+02, 3.73415497e+02, 2.09399750e+02,
    3.67536407e+02, 1.96884430e+02, 4.01614807e+02, 2.34135483e+02,
    3.97110046e+02, 2.23124359e+02, 3.91659821e+02, 2.11402603e+02,
    3.86430237e+02, 1.99224609e+02, 3.80960815e+02, 1.86559814e+02,
    4.13611298e+02, 2.24593231e+02, 4.09327637e+02, 2.13413681e+02,
    4.04288086e+02, 2.01517868e+02, 3.99301880e+02, 1.89201385e+02,
    3.94255096e+02, 1.76338043e+02, 4.25515991e+02, 2.15043121e+02,
    4.21477936e+02, 2.03733322e+02, 4.16838470e+02, 1.91724869e+02,
    4.12107269e+02, 1.79236832e+02, 4.07360107e+02, 1.66240753e+02,
    4.37179626e+02, 2.05688599e+02, 4.33523376e+02, 1.94203827e+02,
    4.29194458e+02, 1.82050476e+02, 4.24868591e+02, 1.69436951e+02,
    4.20478210e+02, 1.56287506e+02 ]
