%YAML:1.0
points: [ 1.28921228e+03, 3.61239738e+01, 1.28378247e+03, 8.31795807e+01,
    1.27882312e+03, 1.28678513e+02, 1.27439819e+03, 1.72611694e+02,
    1.26937000e+03, 2.14710281e+02, 1.24872510e+03, 3.75274734e+01,
    1.24417468e+03, 8.48399811e+01, 1.24007397e+03, 1.30628769e+02,
    1.23619482e+03, 1.74829132e+02, 1.23184668e+03, 2.17162628e+02,
    1.20803113e+03, 3.89043617e+01, 1.20413477e+03, 8.65909119e+01,
    1.20065393e+03, 1.32577423e+02, 1.19768811e+03, 1.77059113e+02,
    1.19401111e+03, 2.19620575e+02, 1.16675439e+03, 4.03031044e+01,
    1.16375867e+03, 8.83359909e+01, 1.16094897e+03, 1.34546555e+02,
    1.15864282e+03, 1.79373184e+02, 1.15570776e+03, 2.22054245e+02,
    1.12507117e+03, 4.17656326e+01, 1.12289758e+03, 9.02105103e+01,
    1.12086304e+03, 1.36643585e+02, 1.11910718e+03, 1.81530884e+02,
    1.11698157e+03, 2.24631485e+02, 1.08280432e+03, 4.32818184e+01,
    1.08149939e+03, 9.19816971e+01, 1.08037927e+03, 1.38875534e+02,
    1.07904041e+03, 1.83750229e+02, 1.07791162e+03, 2.27195114e+02,
    1.04006433e+03, 4.47820816e+01, 1.03955884e+03, 9.37199783e+01,
    1.03921826e+03, 1.40845718e+02, 1.03866492e+03, 1.86135849e+02,
    1.03825598e+03, 2.29806183e+02 ]
