%YAML:1.0
points: [ 1.20591467e+03, 7.12873291e+02, 1.18804773e+03, 6.82174866e+02,
    1.16969275e+03, 6.50489746e+02, 1.15005347e+03, 6.16970093e+02,
    1.12991772e+03, 5.82263367e+02, 1.24127490e+03, 6.84695923e+02,
    1.22426355e+03, 6.53791748e+02, 1.20679712e+03, 6.21510071e+02,
    1.18802405e+03, 5.87462524e+02, 1.16864526e+03, 5.52192810e+02,
    1.27621558e+03, 6.56890320e+02, 1.26050342e+03, 6.25696167e+02,
    1.24318201e+03, 5.92618713e+02, 1.22562585e+03, 5.58328125e+02,
    1.20724622e+03, 5.22505493e+02, 1.31106006e+03, 6.29411926e+02,
    1.29654126e+03, 5.97714966e+02, 1.27956287e+03, 5.64111877e+02,
    1.26309509e+03, 5.29363159e+02, 1.24579126e+03, 4.93067017e+02,
    1.34590393e+03, 6.02120544e+02, 1.33197070e+03, 5.69877686e+02,
    1.31604443e+03, 5.35840515e+02, 1.30016162e+03, 5.00700684e+02,
    1.28400342e+03, 4.63904449e+02, 1.38058655e+03, 5.74930115e+02,
    1.36739209e+03, 5.42242676e+02, 1.35253003e+03, 5.07874298e+02,
    1.33738513e+03, 4.72107941e+02, 1.32221692e+03, 4.34852692e+02,
    1.41509253e+03, 5.47974670e+02, 1.40281409e+03, 5.14819580e+02,
    1.38881531e+03, 4.80126495e+02, 1.37475073e+03, 4.44053497e+02,
    1.36058411e+03, 4.06199615e+02 ]
