%YAML:1.0
points: [ 6.96411011e+02, 5.53846863e+02, 6.80918091e+02, 5.29476196e+02,
    6.65181946e+02, 5.05225220e+02, 6.49788269e+02, 4.80744781e+02,
    6.34133606e+02, 4.56379883e+02, 7.12216125e+02, 5.40943237e+02,
    6.96387512e+02, 5.16100342e+02, 6.80304321e+02, 4.91540131e+02,
    6.64740784e+02, 4.66688904e+02, 6.48983826e+02, 4.41893188e+02,
    7.28658142e+02, 5.27599915e+02, 7.12161926e+02, 5.02535278e+02,
    6.96350098e+02, 4.77271515e+02, 6.80238464e+02, 4.52201538e+02,
    6.64166565e+02, 4.27012970e+02, 7.45489380e+02, 5.13817749e+02,
    7.28536377e+02, 4.88556732e+02, 7.12784729e+02, 4.62610870e+02,
    6.96295593e+02, 4.37191833e+02, 6.79756470e+02, 4.11546112e+02,
    7.62732056e+02, 4.99591614e+02, 7.45671997e+02, 4.73973450e+02,
    7.29470886e+02, 4.47677124e+02, 7.12841858e+02, 4.21700378e+02,
    6.95923645e+02, 3.95777222e+02, 7.80728760e+02, 4.85027466e+02,
    7.63382263e+02, 4.58885681e+02, 7.46696777e+02, 4.32272491e+02,
    7.29883789e+02, 4.05712952e+02, 7.12614868e+02, 3.79309204e+02,
    7.99274353e+02, 4.69829773e+02, 7.81666199e+02, 4.43282166e+02,
    7.64614319e+02, 4.16146332e+02, 7.47236816e+02, 3.89103973e+02,
    7.29694214e+02, 3.62443451e+02 ]
