%YAML:1.0
points: [ 2.95138275e+02, 2.58858276e+02, 2.86292633e+02, 2.52865067e+02,
    2.77436768e+02, 2.47115692e+02, 2.68603027e+02, 2.41080215e+02,
    2.59774872e+02, 2.35204910e+02, 3.00117889e+02, 2.54552902e+02,
    2.91056244e+02, 2.48506897e+02, 2.81989838e+02, 2.42598282e+02,
    2.72965881e+02, 2.36421051e+02, 2.63975281e+02, 2.30361801e+02,
    3.05383545e+02, 2.50068481e+02, 2.96056152e+02, 2.44026291e+02,
    2.86843658e+02, 2.37716217e+02, 2.77559143e+02, 2.31560226e+02,
    2.68281952e+02, 2.25307953e+02, 3.10913971e+02, 2.45343002e+02,
    3.01282959e+02, 2.39266998e+02, 2.91949249e+02, 2.32690720e+02,
    2.82395996e+02, 2.26384583e+02, 2.72930725e+02, 2.20038437e+02,
    3.16700806e+02, 2.40459000e+02, 3.06852814e+02, 2.34193756e+02,
    2.97231506e+02, 2.27492508e+02, 2.87482971e+02, 2.20962051e+02,
    2.77709229e+02, 2.14531540e+02, 3.22810791e+02, 2.35318787e+02,
    3.12714050e+02, 2.28854507e+02, 3.02800903e+02, 2.22063553e+02,
    2.92826508e+02, 2.15320892e+02, 2.82794037e+02, 2.08709656e+02,
    3.29234131e+02, 2.29891968e+02, 3.18872253e+02, 2.23281891e+02,
    3.08683105e+02, 2.16290100e+02, 2.98430145e+02, 2.09456985e+02,
    2.88099060e+02, 2.02705750e+02 ]
