%YAML:1.0
points: [ 1.49586011e+03, 3.03222122e+01, 1.48380164e+03, 7.86852036e+01,
    1.47261218e+03, 1.25429825e+02, 1.46238770e+03, 1.70642807e+02,
    1.45108887e+03, 2.13952469e+02, 1.46383777e+03, 2.89912262e+01,
    1.45242444e+03, 7.80436325e+01, 1.44183240e+03, 1.25726593e+02,
    1.43191150e+03, 1.71679794e+02, 1.42110864e+03, 2.15684479e+02,
    1.43125439e+03, 2.74930382e+01, 1.42015527e+03, 7.76228027e+01,
    1.40991333e+03, 1.25989075e+02, 1.40065869e+03, 1.72862030e+02,
    1.39023926e+03, 2.17424194e+02, 1.39735730e+03, 2.61592522e+01,
    1.38701843e+03, 7.73001556e+01, 1.37700818e+03, 1.26352280e+02,
    1.36843262e+03, 1.74136841e+02, 1.35837805e+03, 2.19337677e+02,
    1.36256738e+03, 2.47362041e+01, 1.35280457e+03, 7.69623718e+01,
    1.34341528e+03, 1.26884575e+02, 1.33472034e+03, 1.75246384e+02,
    1.32552161e+03, 2.21413422e+02, 1.32640356e+03, 2.33280315e+01,
    1.31729321e+03, 7.65620346e+01, 1.30882568e+03, 1.27689201e+02,
    1.29993152e+03, 1.76433746e+02, 1.29171594e+03, 2.23655060e+02,
    1.28920923e+03, 2.19536476e+01, 1.28057446e+03, 7.60665512e+01,
    1.27266064e+03, 1.28065262e+02, 1.26443396e+03, 1.77866196e+02,
    1.25681860e+03, 2.25785583e+02 ]
