%YAML:1.0
points: [ 1.78782349e+02, 2.08025970e+02, 1.73354523e+02, 1.99458359e+02,
    1.67849228e+02, 1.91065842e+02, 1.62398560e+02, 1.82449936e+02,
    1.56938339e+02, 1.74059448e+02, 1.84537598e+02, 2.03514999e+02,
    1.78982758e+02, 1.94895844e+02, 1.73348923e+02, 1.86327637e+02,
    1.67832291e+02, 1.77609863e+02, 1.62314011e+02, 1.69020050e+02,
    1.90480988e+02, 1.98877731e+02, 1.84741318e+02, 1.90152542e+02,
    1.79194870e+02, 1.81338028e+02, 1.73508087e+02, 1.72588287e+02,
    1.67851974e+02, 1.63817459e+02, 1.96616318e+02, 1.94078293e+02,
    1.90673813e+02, 1.85243179e+02, 1.85162704e+02, 1.76267578e+02,
    1.79366577e+02, 1.67349289e+02, 1.73584198e+02, 1.58390823e+02,
    2.02901062e+02, 1.89146164e+02, 1.96922150e+02, 1.80182877e+02,
    1.91252457e+02, 1.71071701e+02, 1.85407700e+02, 1.61988922e+02,
    1.79465546e+02, 1.52935913e+02, 2.09452759e+02, 1.84091751e+02,
    2.03359177e+02, 1.74949478e+02, 1.97513306e+02, 1.65660645e+02,
    1.91603546e+02, 1.56374512e+02, 1.85572403e+02, 1.47203323e+02,
    2.16168747e+02, 1.78774017e+02, 2.09963791e+02, 1.69482147e+02,
    2.04022324e+02, 1.60071533e+02, 1.97942352e+02, 1.50657333e+02,
    1.91765793e+02, 1.41285172e+02 ]
