%YAML:1.0
points: [ 1.90173019e+02, 2.45890625e+02, 1.83613541e+02, 2.38701202e+02,
    1.76885208e+02, 2.31581161e+02, 1.70341690e+02, 2.24396164e+02,
    1.63651749e+02, 2.17235168e+02, 1.94747696e+02, 2.40864563e+02,
    1.88018234e+02, 2.33629013e+02, 1.81175385e+02, 2.26397278e+02,
    1.74505005e+02, 2.19080032e+02, 1.67776413e+02, 2.11799957e+02,
    1.99528427e+02, 2.35708313e+02, 1.92539948e+02, 2.28403473e+02,
    1.85739349e+02, 2.20960953e+02, 1.78837662e+02, 2.13560593e+02,
    1.71986450e+02, 2.06186340e+02, 2.04413742e+02, 2.30409836e+02,
    1.97185471e+02, 2.22983566e+02, 1.90386154e+02, 2.15347427e+02,
    1.83358246e+02, 2.07886444e+02, 1.76349136e+02, 2.00381180e+02,
    2.09430588e+02, 2.24892914e+02, 2.02111069e+02, 2.17365768e+02,
    1.95130402e+02, 2.09625610e+02, 1.88008972e+02, 2.01973618e+02,
    1.80813904e+02, 1.94409348e+02, 2.14607437e+02, 2.19188446e+02,
    2.07198456e+02, 2.11522202e+02, 2.00027283e+02, 2.03701355e+02,
    1.92804153e+02, 1.95934753e+02, 1.85492981e+02, 1.88222992e+02,
    2.19951035e+02, 2.13283463e+02, 2.12430344e+02, 2.05480713e+02,
    2.05103073e+02, 1.97547348e+02, 1.97685577e+02, 1.89657822e+02,
    1.90206512e+02, 1.81897827e+02 ]
