%YAML:1.0
points: [ 1.50728345e+03, 7.23042908e+02, 1.47528735e+03, 7.39925232e+02,
    1.44361047e+03, 7.57084045e+02, 1.41160852e+03, 7.73728210e+02,
    1.37984192e+03, 7.90639954e+02, 1.50037537e+03, 6.97276550e+02,
    1.46811780e+03, 7.14400146e+02, 1.43576538e+03, 7.32003174e+02,
    1.40316760e+03, 7.48942444e+02, 1.37095923e+03, 7.65929871e+02,
    1.49329321e+03, 6.70721863e+02, 1.46071179e+03, 6.88469666e+02,
    1.42762585e+03, 7.05760132e+02, 1.39467810e+03, 7.23245300e+02,
    1.36199670e+03, 7.40565979e+02, 1.48611768e+03, 6.43340393e+02,
    1.45314856e+03, 6.61663208e+02, 1.41922278e+03, 6.78839478e+02,
    1.38590881e+03, 6.96706909e+02, 1.35271741e+03, 7.14409912e+02,
    1.47889478e+03, 6.15041077e+02, 1.44520312e+03, 6.33763306e+02,
    1.41086816e+03, 6.51322449e+02, 1.37690881e+03, 6.69359863e+02,
    1.34333423e+03, 6.87583618e+02, 1.47122742e+03, 5.85907043e+02,
    1.43702856e+03, 6.04839355e+02, 1.40217212e+03, 6.22991028e+02,
    1.36777014e+03, 6.41140747e+02, 1.33347058e+03, 6.59802246e+02,
    1.46346118e+03, 5.55709839e+02, 1.42873157e+03, 5.75042542e+02,
    1.39332056e+03, 5.93447815e+02, 1.35840417e+03, 6.12213867e+02,
    1.32377637e+03, 6.31356873e+02 ]
