%YAML:1.0
points: [ 3.49128723e+02, 2.63404846e+02, 3.40570068e+02, 2.58369873e+02,
    3.31912506e+02, 2.53352524e+02, 3.22936890e+02, 2.47963943e+02,
    3.13882263e+02, 2.42619690e+02, 3.57761719e+02, 2.57094360e+02,
    3.49192810e+02, 2.51924805e+02, 3.40443024e+02, 2.46751785e+02,
    3.31442169e+02, 2.41220612e+02, 3.22274628e+02, 2.35641342e+02,
    3.66759583e+02, 2.50549500e+02, 3.58162842e+02, 2.45340866e+02,
    3.49280029e+02, 2.39769363e+02, 3.40259460e+02, 2.34209045e+02,
    3.30961334e+02, 2.28490417e+02, 3.76058411e+02, 2.43771545e+02,
    3.67456146e+02, 2.38569534e+02, 3.58488831e+02, 2.32659698e+02,
    3.49401398e+02, 2.26917374e+02, 3.40096252e+02, 2.20986893e+02,
    3.85731201e+02, 2.36788437e+02, 3.77094025e+02, 2.31373398e+02,
    3.68087341e+02, 2.25339432e+02, 3.58933746e+02, 2.19365646e+02,
    3.49533722e+02, 2.13325943e+02, 3.95733734e+02, 2.29578201e+02,
    3.87099274e+02, 2.23922607e+02, 3.78069000e+02, 2.17789566e+02,
    3.68848145e+02, 2.11542404e+02, 3.59403961e+02, 2.05268082e+02,
    4.06153046e+02, 2.22054306e+02, 3.97473389e+02, 2.16235657e+02,
    3.88409363e+02, 2.09872986e+02, 3.79202881e+02, 2.03433624e+02,
    3.69692169e+02, 1.97105896e+02 ]
