%YAML:1.0
points: [ 7.30068970e+02, 6.62892944e+02, 7.11046082e+02, 6.42125183e+02,
    6.91966614e+02, 6.21668640e+02, 6.73144226e+02, 6.00858276e+02,
    6.54186768e+02, 5.80335693e+02, 7.42443604e+02, 6.48401428e+02,
    7.23128418e+02, 6.27392822e+02, 7.03602783e+02, 6.06571289e+02,
    6.84557922e+02, 5.85479187e+02, 6.65393799e+02, 5.64584045e+02,
    7.55422607e+02, 6.33521118e+02, 7.35380615e+02, 6.12371826e+02,
    7.15926208e+02, 5.90956726e+02, 6.96303772e+02, 5.69857361e+02,
    6.76783203e+02, 5.48696167e+02, 7.68572937e+02, 6.18198486e+02,
    7.48011536e+02, 5.96910156e+02, 7.28587219e+02, 5.74828552e+02,
    7.08566345e+02, 5.53419067e+02, 6.88496216e+02, 5.31916443e+02,
    7.82279602e+02, 6.02366699e+02, 7.61442871e+02, 5.80807495e+02,
    7.41444946e+02, 5.58463318e+02, 7.21087708e+02, 5.36488098e+02,
    7.00637329e+02, 5.14807800e+02, 7.96364197e+02, 5.85993286e+02,
    7.75220581e+02, 5.64018372e+02, 7.54740723e+02, 5.41484924e+02,
    7.34167297e+02, 5.19065002e+02, 7.13243286e+02, 4.97043579e+02,
    8.10987000e+02, 5.69058533e+02, 7.89426147e+02, 5.46725525e+02,
    7.68469666e+02, 5.23755798e+02, 7.47268005e+02, 5.01104065e+02,
    7.25961609e+02, 4.78790588e+02 ]
