%YAML:1.0
points: [ 7.66922607e+02, 7.37021484e+02, 7.45809021e+02, 7.19247986e+02,
    7.24579285e+02, 7.01604187e+02, 7.03748047e+02, 6.83789673e+02,
    6.82787476e+02, 6.66246765e+02, 7.76762390e+02, 7.21856628e+02,
    7.55210693e+02, 7.03795227e+02, 7.33540527e+02, 6.86052795e+02,
    7.12438904e+02, 6.67980774e+02, 6.91212952e+02, 6.50103821e+02,
    7.87048706e+02, 7.06226196e+02, 7.64843750e+02, 6.88139587e+02,
    7.43181946e+02, 6.69677124e+02, 7.21487183e+02, 6.51647400e+02,
    6.99849060e+02, 6.33488342e+02, 7.97582458e+02, 6.90063354e+02,
    7.74737427e+02, 6.71972046e+02, 7.53003906e+02, 6.52935669e+02,
    7.30880188e+02, 6.34645874e+02, 7.08766602e+02, 6.16282227e+02,
    8.08433411e+02, 6.73487976e+02, 7.85280151e+02, 6.55074158e+02,
    7.63025879e+02, 6.35929565e+02, 7.40517090e+02, 6.17149109e+02,
    7.17917358e+02, 5.98787170e+02, 8.19612671e+02, 6.56407043e+02,
    7.96135742e+02, 6.37646973e+02, 7.73332825e+02, 6.18298706e+02,
    7.50491882e+02, 5.99232971e+02, 7.27319885e+02, 5.80422791e+02,
    8.31175537e+02, 6.38516296e+02, 8.07305054e+02, 6.19583801e+02,
    7.83988281e+02, 5.99887878e+02, 7.60549927e+02, 5.80649414e+02,
    7.36957642e+02, 5.61794922e+02 ]
