%YAML:1.0
points: [ 2.02891586e+02, 2.71718353e+02, 1.95491943e+02, 2.65471344e+02,
    1.88033127e+02, 2.59427246e+02, 1.80738464e+02, 2.53219864e+02,
    1.73421906e+02, 2.47131332e+02, 2.06521942e+02, 2.66434479e+02,
    1.99002487e+02, 2.60192108e+02, 1.91432724e+02, 2.54008270e+02,
    1.84008774e+02, 2.47714737e+02, 1.76580627e+02, 2.41501495e+02,
    2.10331833e+02, 2.60983124e+02, 2.02631561e+02, 2.54735321e+02,
    1.95029083e+02, 2.48343231e+02, 1.87416473e+02, 2.42019775e+02,
    1.79802368e+02, 2.35745911e+02, 2.14273361e+02, 2.55364120e+02,
    2.06312698e+02, 2.49091187e+02, 1.98717178e+02, 2.42527740e+02,
    1.90909653e+02, 2.36125214e+02, 1.83200165e+02, 2.29771317e+02,
    2.18313141e+02, 2.49608154e+02, 2.10239853e+02, 2.43183502e+02,
    2.02454102e+02, 2.36567505e+02, 1.94567169e+02, 2.30027588e+02,
    1.86624664e+02, 2.23663376e+02, 2.22497681e+02, 2.43623428e+02,
    2.14276779e+02, 2.37080139e+02, 2.06312653e+02, 2.30418472e+02,
    1.98288895e+02, 2.23760086e+02, 1.90221405e+02, 2.17268295e+02,
    2.26809631e+02, 2.37438339e+02, 2.18452301e+02, 2.30827515e+02,
    2.10300797e+02, 2.23991135e+02, 2.02086243e+02, 2.17330734e+02,
    1.93811859e+02, 2.10752289e+02 ]
