%YAML:1.0
points: [ 1.34727539e+03, 7.50382812e+02, 1.32471582e+03, 7.72962585e+02,
    1.30282080e+03, 7.95147644e+02, 1.28153760e+03, 8.16174316e+02,
    1.26093689e+03, 8.36895691e+02, 1.31783936e+03, 7.33676697e+02,
    1.29556555e+03, 7.56654541e+02, 1.27414587e+03, 7.79241394e+02,
    1.25327197e+03, 8.00500916e+02, 1.23301794e+03, 8.21396973e+02,
    1.28816699e+03, 7.16857361e+02, 1.26640247e+03, 7.40490540e+02,
    1.24524573e+03, 7.62818970e+02, 1.22480371e+03, 7.84708923e+02,
    1.20495178e+03, 8.05939026e+02, 1.25835352e+03, 7.00021362e+02,
    1.23708240e+03, 7.24251282e+02, 1.21628796e+03, 7.46541443e+02,
    1.19619922e+03, 7.68852051e+02, 1.17671729e+03, 7.90516846e+02,
    1.22849768e+03, 6.83139648e+02, 1.20761694e+03, 7.07618103e+02,
    1.18720410e+03, 7.30390991e+02, 1.16751904e+03, 7.52906433e+02,
    1.14842163e+03, 7.75025818e+02, 1.19847180e+03, 6.66098572e+02,
    1.17794580e+03, 6.90913940e+02, 1.15797668e+03, 7.14191589e+02,
    1.13860706e+03, 7.36942932e+02, 1.11995947e+03, 7.59424438e+02,
    1.16819727e+03, 6.49086426e+02, 1.14814307e+03, 6.74202759e+02,
    1.12854822e+03, 6.97908813e+02, 1.10955664e+03, 7.21191162e+02,
    1.09125586e+03, 7.44004028e+02 ]
