%YAML:1.0
points: [ 3.59464874e+02, 2.27934509e+02, 3.49586670e+02, 2.21599579e+02,
    3.39705078e+02, 2.15310394e+02, 3.29598053e+02, 2.08796768e+02,
    3.19406494e+02, 2.02272186e+02, 3.67779053e+02, 2.18588196e+02,
    3.57886505e+02, 2.12178329e+02, 3.47903717e+02, 2.05724197e+02,
    3.37741913e+02, 1.99066589e+02, 3.27460693e+02, 1.92364731e+02,
    3.76328827e+02, 2.09036667e+02, 3.66434418e+02, 2.02535995e+02,
    3.56309326e+02, 1.95808441e+02, 3.46104279e+02, 1.89089615e+02,
    3.35742065e+02, 1.82250244e+02, 3.85113037e+02, 1.99244629e+02,
    3.75212738e+02, 1.92671753e+02, 3.64973755e+02, 1.85718002e+02,
    3.54716003e+02, 1.78805618e+02, 3.44285431e+02, 1.71810745e+02,
    3.94165314e+02, 1.89228134e+02, 3.84210327e+02, 1.82491959e+02,
    3.73927521e+02, 1.75394547e+02, 3.63560333e+02, 1.68282898e+02,
    3.53114380e+02, 1.61142532e+02, 4.03383759e+02, 1.78950424e+02,
    3.93394806e+02, 1.72001602e+02, 3.83144012e+02, 1.64797028e+02,
    3.72678101e+02, 1.57490540e+02, 3.62154083e+02, 1.50152679e+02,
    4.12865204e+02, 1.68385605e+02, 4.02902588e+02, 1.61262161e+02,
    3.92513428e+02, 1.53896362e+02, 3.82103668e+02, 1.46373337e+02,
    3.71520264e+02, 1.38927719e+02 ]
