%YAML:1.0
points: [ 3.64986694e+02, 1.88226822e+02, 3.54056610e+02, 1.81568985e+02,
    3.43170471e+02, 1.74874786e+02, 3.32165192e+02, 1.68143784e+02,
    3.21124451e+02, 1.61369186e+02, 3.72529968e+02, 1.77111099e+02,
    3.61583740e+02, 1.70371140e+02, 3.50657379e+02, 1.63650375e+02,
    3.39607361e+02, 1.56774368e+02, 3.28479248e+02, 1.49885727e+02,
    3.80159454e+02, 1.65886292e+02, 3.69228760e+02, 1.59077667e+02,
    3.58163391e+02, 1.52193466e+02, 3.47130768e+02, 1.45275909e+02,
    3.35946075e+02, 1.38316162e+02, 3.87900452e+02, 1.54457611e+02,
    3.77041077e+02, 1.47564713e+02, 3.65809998e+02, 1.40576355e+02,
    3.54691498e+02, 1.33593674e+02, 3.43450806e+02, 1.26473137e+02,
    3.95725311e+02, 1.42984909e+02, 3.84828400e+02, 1.35968506e+02,
    3.73587646e+02, 1.28915344e+02, 3.62368042e+02, 1.21793533e+02,
    3.51211365e+02, 1.14552467e+02, 4.03585388e+02, 1.31278488e+02,
    3.92660248e+02, 1.24176758e+02, 3.81438690e+02, 1.17067101e+02,
    3.70249268e+02, 1.09820747e+02, 3.59048767e+02, 1.02490273e+02,
    4.11536499e+02, 1.19476234e+02, 4.00613220e+02, 1.12243256e+02,
    3.89379944e+02, 1.05041794e+02, 3.78171997e+02, 9.76592865e+01,
    3.66979431e+02, 9.02717361e+01 ]
