%YAML:1.0
points: [ 2.20813797e+02, 2.89187805e+02, 2.12023514e+02, 2.83019684e+02,
    2.03178421e+02, 2.76955475e+02, 1.94306244e+02, 2.70682434e+02,
    1.85351227e+02, 2.64473541e+02, 2.26200958e+02, 2.83107758e+02,
    2.17306808e+02, 2.76886047e+02, 2.08327057e+02, 2.70743256e+02,
    1.99369858e+02, 2.64332550e+02, 1.90317703e+02, 2.57978394e+02,
    2.31850739e+02, 2.76881134e+02, 2.22772430e+02, 2.70633087e+02,
    2.13742157e+02, 2.64163208e+02, 2.04610062e+02, 2.57785461e+02,
    1.95431992e+02, 2.51334869e+02, 2.37581238e+02, 2.70434448e+02,
    2.28348297e+02, 2.64166809e+02, 2.19289658e+02, 2.57505524e+02,
    2.10022049e+02, 2.50988419e+02, 2.00698318e+02, 2.44483505e+02,
    2.43512039e+02, 2.63865387e+02, 2.34193115e+02, 2.57481049e+02,
    2.24979782e+02, 2.50706635e+02, 2.15576218e+02, 2.44030121e+02,
    2.06110153e+02, 2.37453827e+02, 2.49645752e+02, 2.57049744e+02,
    2.40214554e+02, 2.50547729e+02, 2.30800644e+02, 2.43714844e+02,
    2.21310806e+02, 2.36891830e+02, 2.11679947e+02, 2.30143402e+02,
    2.56021698e+02, 2.50050522e+02, 2.46384293e+02, 2.43419968e+02,
    2.36863937e+02, 2.36471436e+02, 2.27214340e+02, 2.29561020e+02,
    2.17406479e+02, 2.22740952e+02 ]
