%YAML:1.0
points: [ 1.32555920e+03, 7.48979492e+02, 1.30342810e+03, 7.71265991e+02,
    1.28198022e+03, 7.93172058e+02, 1.26130237e+03, 8.13859863e+02,
    1.24127344e+03, 8.34207458e+02, 1.29584094e+03, 7.31853516e+02,
    1.27416504e+03, 7.54501404e+02, 1.25316943e+03, 7.76753479e+02,
    1.23288086e+03, 7.97743530e+02, 1.21324451e+03, 8.18261414e+02,
    1.26602832e+03, 7.14613525e+02, 1.24484070e+03, 7.37962708e+02,
    1.22425867e+03, 7.59934326e+02, 1.20435303e+03, 7.81524048e+02,
    1.18513831e+03, 8.02401917e+02, 1.23619446e+03, 6.97460510e+02,
    1.21539624e+03, 7.21378723e+02, 1.19535986e+03, 7.43316589e+02,
    1.17579712e+03, 7.65268860e+02, 1.15693066e+03, 7.86571228e+02,
    1.20626685e+03, 6.80351990e+02, 1.18586658e+03, 7.04415222e+02,
    1.16622339e+03, 7.26849487e+02, 1.14722876e+03, 7.49026001e+02,
    1.12867224e+03, 7.70791870e+02, 1.17620203e+03, 6.63031616e+02,
    1.15624072e+03, 6.87426025e+02, 1.13702808e+03, 7.10384705e+02,
    1.11837610e+03, 7.32757629e+02, 1.10032825e+03, 7.54793762e+02,
    1.14604614e+03, 6.45701538e+02, 1.12657690e+03, 6.70513184e+02,
    1.10770203e+03, 6.93794556e+02, 1.08951379e+03, 7.16658630e+02,
    1.07178503e+03, 7.39101868e+02 ]
