%YAML:1.0
points: [ 8.13741516e+02, 7.87305115e+02, 7.88399597e+02, 7.69546692e+02,
    7.62818909e+02, 7.52054321e+02, 7.37312561e+02, 7.33989624e+02,
    7.11499084e+02, 7.16105591e+02, 8.28651917e+02, 7.69848206e+02,
    8.02945557e+02, 7.51918030e+02, 7.76899597e+02, 7.34093079e+02,
    7.51115051e+02, 7.15756287e+02, 7.25067444e+02, 6.97472717e+02,
    8.44053101e+02, 7.51974121e+02, 8.17856750e+02, 7.33959473e+02,
    7.91808594e+02, 7.15377563e+02, 7.65453918e+02, 6.96958496e+02,
    7.39014954e+02, 6.78427368e+02, 8.60011475e+02, 7.33485962e+02,
    8.33230164e+02, 7.15446533e+02, 8.07040100e+02, 6.96181580e+02,
    7.80251587e+02, 6.77532043e+02, 7.53326416e+02, 6.58649841e+02,
    8.76241699e+02, 7.14748901e+02, 8.49149109e+02, 6.96295166e+02,
    8.22493164e+02, 6.76781982e+02, 7.95465393e+02, 6.57623230e+02,
    7.68061462e+02, 6.38571960e+02, 8.93120850e+02, 6.95218506e+02,
    8.65707642e+02, 6.76393127e+02, 8.38552856e+02, 6.56724365e+02,
    8.11168762e+02, 6.37060974e+02, 7.83316345e+02, 6.17617004e+02,
    9.10609253e+02, 6.75113159e+02, 8.82724243e+02, 6.55956970e+02,
    8.55129089e+02, 6.35873352e+02, 8.27173157e+02, 6.15965576e+02,
    7.98908264e+02, 5.96350586e+02 ]
