%YAML:1.0
points: [ 1.25482275e+03, 7.42226501e+02, 1.23518274e+03, 7.63578247e+02,
    1.21615906e+03, 7.84512512e+02, 1.19786877e+03, 8.04296936e+02,
    1.18015784e+03, 8.23663818e+02, 1.22484949e+03, 7.23930054e+02,
    1.20570044e+03, 7.45663818e+02, 1.18726282e+03, 7.66878540e+02,
    1.16953992e+03, 7.86841614e+02, 1.15227429e+03, 8.06356750e+02,
    1.19494446e+03, 7.05627014e+02, 1.17630969e+03, 7.27956177e+02,
    1.15844202e+03, 7.48961853e+02, 1.14118591e+03, 7.69465698e+02,
    1.12440906e+03, 7.89300354e+02, 1.16513306e+03, 6.87443787e+02,
    1.14707532e+03, 7.10306763e+02, 1.12970764e+03, 7.31285522e+02,
    1.11291724e+03, 7.52144592e+02, 1.09670276e+03, 7.72427185e+02,
    1.13547607e+03, 6.69470032e+02, 1.11795081e+03, 6.92442810e+02,
    1.10117004e+03, 7.13852600e+02, 1.08482178e+03, 7.34932373e+02,
    1.06899878e+03, 7.55534851e+02, 1.10591870e+03, 6.51450439e+02,
    1.08890393e+03, 6.74671448e+02, 1.07256921e+03, 6.96526733e+02,
    1.05672522e+03, 7.17767517e+02, 1.04142273e+03, 7.38634766e+02,
    1.07642200e+03, 6.33506958e+02, 1.05987671e+03, 6.57050903e+02,
    1.04406323e+03, 6.79239746e+02, 1.02870862e+03, 7.00949890e+02,
    1.01370209e+03, 7.22062195e+02 ]
