%YAML:1.0
points: [ 4.03731232e+02, 1.90465942e+02, 3.93528442e+02, 1.83935913e+02,
    3.83114990e+02, 1.77320816e+02, 3.72567505e+02, 1.70570862e+02,
    3.61733826e+02, 1.63733871e+02, 4.10998718e+02, 1.78923599e+02,
    4.00860413e+02, 1.72259521e+02, 3.90642609e+02, 1.65470581e+02,
    3.79954376e+02, 1.58634705e+02, 3.69212494e+02, 1.51658768e+02,
    4.18388428e+02, 1.67285019e+02, 4.08429108e+02, 1.60497620e+02,
    3.97992493e+02, 1.53594299e+02, 3.87548218e+02, 1.46594818e+02,
    3.76817383e+02, 1.39452942e+02, 4.25759277e+02, 1.55608734e+02,
    4.15906158e+02, 1.48696152e+02, 4.05500275e+02, 1.41632690e+02,
    3.95054718e+02, 1.34503937e+02, 3.84501404e+02, 1.27255043e+02,
    4.33091370e+02, 1.43936157e+02, 4.23369202e+02, 1.36833206e+02,
    4.12984100e+02, 1.29660919e+02, 4.02657654e+02, 1.22324776e+02,
    3.92166901e+02, 1.14967186e+02, 4.40491943e+02, 1.32136185e+02,
    4.30781952e+02, 1.24928696e+02, 4.20624817e+02, 1.17585457e+02,
    4.10223663e+02, 1.10176392e+02, 3.99798401e+02, 1.02580803e+02,
    4.47758911e+02, 1.20336487e+02, 4.38190155e+02, 1.12994545e+02,
    4.28066681e+02, 1.05521210e+02, 4.17862885e+02, 9.78897247e+01,
    4.07533752e+02, 9.01690140e+01 ]
