%YAML:1.0
points: [ 7.31913818e+02, 5.76723022e+02, 7.12802979e+02, 5.49656738e+02,
    6.93425964e+02, 5.22397400e+02, 6.74184631e+02, 4.94723724e+02,
    6.54544922e+02, 4.67021179e+02, 7.54657593e+02, 5.61596558e+02,
    7.35398682e+02, 5.34078125e+02, 7.15785645e+02, 5.06560547e+02,
    6.96409851e+02, 4.78451996e+02, 6.76650696e+02, 4.50240326e+02,
    7.78106995e+02, 5.46099915e+02, 7.58423035e+02, 5.18302063e+02,
    7.39015503e+02, 4.90051636e+02, 7.19233093e+02, 4.61694061e+02,
    6.99354614e+02, 4.33124756e+02, 8.02082275e+02, 5.30223572e+02,
    7.82013062e+02, 5.02171722e+02, 7.62773071e+02, 4.73198792e+02,
    7.42755554e+02, 4.44439911e+02, 7.22526672e+02, 4.15345703e+02,
    8.26725891e+02, 5.13954651e+02, 8.06591919e+02, 4.85468353e+02,
    7.86951599e+02, 4.56044983e+02, 7.66799194e+02, 4.26723907e+02,
    7.46365601e+02, 3.97280518e+02, 8.52086426e+02, 4.97232605e+02,
    8.31853699e+02, 4.68176941e+02, 8.11883911e+02, 4.38505219e+02,
    7.91621155e+02, 4.08567352e+02, 7.70862305e+02, 3.78584106e+02,
    8.78196411e+02, 4.80006317e+02, 8.57730286e+02, 4.50473755e+02,
    8.37559387e+02, 4.20234955e+02, 8.16955200e+02, 3.89907867e+02,
    7.95996826e+02, 3.59504913e+02 ]
