%YAML:1.0
points: [ 1.93234406e+02, 2.16000961e+02, 1.86606705e+02, 2.06464813e+02,
    1.79895721e+02, 1.97062302e+02, 1.73193512e+02, 1.87388565e+02,
    1.66381927e+02, 1.77740448e+02, 2.01380920e+02, 2.10703247e+02,
    1.94737625e+02, 2.01125061e+02, 1.87901489e+02, 1.91484055e+02,
    1.81183716e+02, 1.81731628e+02, 1.74330353e+02, 1.71897293e+02,
    2.09802002e+02, 2.05298096e+02, 2.02973114e+02, 1.95612106e+02,
    1.96235336e+02, 1.85785492e+02, 1.89347366e+02, 1.75914047e+02,
    1.82418320e+02, 1.65904739e+02, 2.18367004e+02, 1.99796539e+02,
    2.11415863e+02, 1.89999222e+02, 2.04751877e+02, 1.79956055e+02,
    1.97806702e+02, 1.69891357e+02, 1.90777206e+02, 1.59743835e+02,
    2.27206909e+02, 1.94137421e+02, 2.20219833e+02, 1.84172226e+02,
    2.13393311e+02, 1.73966553e+02, 2.06417252e+02, 1.63740402e+02,
    1.99319443e+02, 1.53474686e+02, 2.36258377e+02, 1.88324829e+02,
    2.29220856e+02, 1.78184830e+02, 2.22316513e+02, 1.67846085e+02,
    2.15301422e+02, 1.57430588e+02, 2.08150726e+02, 1.46913696e+02,
    2.45566483e+02, 1.82324799e+02, 2.38473907e+02, 1.72003494e+02,
    2.31522659e+02, 1.61536209e+02, 2.24393219e+02, 1.50893112e+02,
    2.17136230e+02, 1.40254333e+02 ]
