%YAML:1.0
points: [ 4.44738342e+02, 1.80278244e+02, 4.36616089e+02, 1.74028549e+02,
    4.28429138e+02, 1.67527435e+02, 4.19730896e+02, 1.60895157e+02,
    4.10932465e+02, 1.54014587e+02, 4.50351715e+02, 1.68662704e+02,
    4.42443542e+02, 1.62241089e+02, 4.34370697e+02, 1.55603394e+02,
    4.25807343e+02, 1.48773560e+02, 4.17091766e+02, 1.41711777e+02,
    4.55706970e+02, 1.57194473e+02, 4.48264618e+02, 1.50574677e+02,
    4.40094757e+02, 1.43796310e+02, 4.31753052e+02, 1.36756165e+02,
    4.23217865e+02, 1.29502869e+02, 4.61122498e+02, 1.45822113e+02,
    4.53922211e+02, 1.38953690e+02, 4.45738098e+02, 1.31983368e+02,
    4.37619934e+02, 1.24864883e+02, 4.29225250e+02, 1.17428703e+02,
    4.66505066e+02, 1.34424118e+02, 4.59307312e+02, 1.27501938e+02,
    4.51405518e+02, 1.20328659e+02, 4.43391205e+02, 1.13027000e+02,
    4.35218536e+02, 1.05400993e+02, 4.71712463e+02, 1.23240303e+02,
    4.64628845e+02, 1.16156982e+02, 4.56856049e+02, 1.08887848e+02,
    4.49061798e+02, 1.01334908e+02, 4.41038513e+02, 9.35530396e+01,
    4.76794067e+02, 1.12208092e+02, 4.69908356e+02, 1.04879700e+02,
    4.62262451e+02, 9.74624329e+01, 4.54586365e+02, 8.97425766e+01,
    4.46831696e+02, 8.17725754e+01 ]
