%YAML:1.0
points: [ 1.22101282e+03, 7.37930420e+02, 1.20269348e+03, 7.58820129e+02,
    1.18493872e+03, 7.79316040e+02, 1.16799622e+03, 7.98627075e+02,
    1.15148303e+03, 8.17519104e+02, 1.19135498e+03, 7.19086365e+02,
    1.17356750e+03, 7.40395813e+02, 1.15643567e+03, 7.61143188e+02,
    1.13999158e+03, 7.80606384e+02, 1.12402979e+03, 7.99721375e+02,
    1.16186780e+03, 7.00365295e+02, 1.14456116e+03, 7.22196289e+02,
    1.12807996e+03, 7.42735474e+02, 1.11215649e+03, 7.62786255e+02,
    1.09673193e+03, 7.82124573e+02, 1.13254932e+03, 6.81834473e+02,
    1.11583496e+03, 7.04174805e+02, 1.09997314e+03, 7.24705872e+02,
    1.08453296e+03, 7.45044617e+02, 1.06953088e+03, 7.64737549e+02,
    1.10343750e+03, 6.63536865e+02, 1.08727905e+03, 6.85945190e+02,
    1.07193445e+03, 7.06871399e+02, 1.05701160e+03, 7.27418213e+02,
    1.04250964e+03, 7.47478455e+02, 1.07458972e+03, 6.45239258e+02,
    1.05896143e+03, 6.67905884e+02, 1.04405200e+03, 6.89252686e+02,
    1.02963745e+03, 7.09976196e+02, 1.01564917e+03, 7.30293823e+02,
    1.04578345e+03, 6.27087463e+02, 1.03069348e+03, 6.50037048e+02,
    1.01637646e+03, 6.71678406e+02, 1.00238403e+03, 6.92867737e+02,
    9.88740356e+02, 7.13410889e+02 ]
