%YAML:1.0
points: [ 2.14200516e+02, 2.25313034e+02, 2.06824051e+02, 2.15277008e+02,
    1.99385712e+02, 2.05222839e+02, 1.91810043e+02, 1.94869843e+02,
    1.84081192e+02, 1.84509018e+02, 2.24008514e+02, 2.19314163e+02,
    2.16661819e+02, 2.09156372e+02, 2.09134415e+02, 1.98901718e+02,
    2.01633850e+02, 1.88512283e+02, 1.93894501e+02, 1.77820587e+02,
    2.34015244e+02, 2.13186493e+02, 2.26651321e+02, 2.02898865e+02,
    2.19225891e+02, 1.92513062e+02, 2.11633377e+02, 1.81857803e+02,
    2.03865280e+02, 1.71084015e+02, 2.44305496e+02, 2.06871323e+02,
    2.36812088e+02, 1.96626160e+02, 2.29492828e+02, 1.85870728e+02,
    2.21819504e+02, 1.75128174e+02, 2.14102493e+02, 1.64215775e+02,
    2.54731140e+02, 2.00598969e+02, 2.47317459e+02, 1.90015945e+02,
    2.39857239e+02, 1.79214111e+02, 2.32284988e+02, 1.68270004e+02,
    2.24551819e+02, 1.57206619e+02, 2.65420502e+02, 1.94015488e+02,
    2.57968903e+02, 1.83441605e+02, 2.50560364e+02, 1.72456512e+02,
    2.42937180e+02, 1.61253616e+02, 2.35212540e+02, 1.50012909e+02,
    2.76349060e+02, 1.87449814e+02, 2.68946655e+02, 1.76572144e+02,
    2.61488312e+02, 1.65424698e+02, 2.53867584e+02, 1.54052597e+02,
    2.46123596e+02, 1.42597778e+02 ]
