%YAML:1.0
points: [ 7.87525146e+02, 6.03673828e+02, 7.66117859e+02, 5.74916504e+02,
    7.44292236e+02, 5.45867188e+02, 7.22377625e+02, 5.16217468e+02,
    6.99967834e+02, 4.86317627e+02, 8.15194824e+02, 5.86421753e+02,
    7.93714539e+02, 5.57247253e+02, 7.71793335e+02, 5.27842224e+02,
    7.49895386e+02, 4.97718842e+02, 7.27572388e+02, 4.67286285e+02,
    8.43471069e+02, 5.68816711e+02, 8.21814148e+02, 5.39354126e+02,
    8.00176025e+02, 5.09258759e+02, 7.78084229e+02, 4.78868256e+02,
    7.55669189e+02, 4.47928986e+02, 8.72369751e+02, 5.50841736e+02,
    8.50571655e+02, 5.21104858e+02, 8.29062744e+02, 4.90320984e+02,
    8.06879944e+02, 4.59474426e+02, 7.84349670e+02, 4.28108795e+02,
    9.01913513e+02, 5.32588623e+02, 8.80094543e+02, 5.02360260e+02,
    8.58433838e+02, 4.71095245e+02, 8.36289062e+02, 4.39730988e+02,
    8.13705383e+02, 4.07980957e+02, 9.32137390e+02, 5.13877991e+02,
    9.10363037e+02, 4.83135590e+02, 8.88565979e+02, 4.51543121e+02,
    8.66403259e+02, 4.19558929e+02, 8.43695618e+02, 3.87300720e+02,
    9.63041077e+02, 4.94726379e+02, 9.41261475e+02, 4.63529755e+02,
    9.19420776e+02, 4.31417999e+02, 8.97130310e+02, 3.98984528e+02,
    8.74354858e+02, 3.66291351e+02 ]
