%YAML:1.0
points: [ 8.42429077e+02, 7.73582520e+02, 8.16090515e+02, 7.53327576e+02,
    7.89284119e+02, 7.33140808e+02, 7.62301758e+02, 7.12249329e+02,
    7.34789001e+02, 6.91345764e+02, 8.63573425e+02, 7.54154968e+02,
    8.37085938e+02, 7.33691589e+02, 8.09927002e+02, 7.13130920e+02,
    7.82744568e+02, 6.91841492e+02, 7.55126221e+02, 6.70479492e+02,
    8.85176392e+02, 7.34485168e+02, 8.58348633e+02, 7.13873840e+02,
    8.31320129e+02, 6.92453979e+02, 8.03812561e+02, 6.70962524e+02,
    7.75926514e+02, 6.49142395e+02, 9.07422180e+02, 7.14225037e+02,
    8.80257935e+02, 6.93460693e+02, 8.53203308e+02, 6.71294189e+02,
    8.25430115e+02, 6.49459351e+02, 7.97285767e+02, 6.27247681e+02,
    9.30245789e+02, 6.93610291e+02, 9.02892395e+02, 6.72335205e+02,
    8.75515747e+02, 6.49848572e+02, 8.47604187e+02, 6.27440857e+02,
    8.19160034e+02, 6.04879395e+02, 9.53702393e+02, 6.72399902e+02,
    9.26183167e+02, 6.50631470e+02, 8.98508240e+02, 6.27872925e+02,
    8.70384827e+02, 6.04849548e+02, 8.41706543e+02, 5.81793396e+02,
    9.77852173e+02, 6.50595215e+02, 9.50103088e+02, 6.28417908e+02,
    9.22191833e+02, 6.05104065e+02, 8.93796448e+02, 5.81752930e+02,
    8.64843933e+02, 5.58375549e+02 ]
