%YAML:1.0
points: [ 4.70422394e+02, 1.46923264e+02, 4.60115326e+02, 1.47533813e+02,
    4.49510925e+02, 1.48190628e+02, 4.38383698e+02, 1.48940018e+02,
    4.27096497e+02, 1.49618622e+02, 4.69255188e+02, 1.33557434e+02,
    4.58967316e+02, 1.34020554e+02, 4.48447266e+02, 1.34453140e+02,
    4.37287659e+02, 1.35075638e+02, 4.25920227e+02, 1.35631622e+02,
    4.68065063e+02, 1.20284676e+02, 4.57935669e+02, 1.20491280e+02,
    4.47180969e+02, 1.20870430e+02, 4.36182587e+02, 1.21209839e+02,
    4.24807617e+02, 1.21662285e+02, 4.66821533e+02, 1.07008652e+02,
    4.56848328e+02, 1.06994774e+02, 4.45936554e+02, 1.07209663e+02,
    4.34964874e+02, 1.07353676e+02, 4.23706879e+02, 1.07570305e+02,
    4.65559601e+02, 9.37384262e+01, 4.55541077e+02, 9.35089569e+01,
    4.44762939e+02, 9.35109482e+01, 4.33745728e+02, 9.35147552e+01,
    4.22596344e+02, 9.34931641e+01, 4.64193787e+02, 8.04681473e+01,
    4.54259613e+02, 8.00572205e+01, 4.43537628e+02, 7.98598175e+01,
    4.32502625e+02, 7.97115555e+01, 4.21389984e+02, 7.94704666e+01,
    4.62732117e+02, 6.72978821e+01, 4.52876862e+02, 6.66493378e+01,
    4.42226379e+02, 6.63309784e+01, 4.31325836e+02, 6.58867416e+01,
    4.20269562e+02, 6.54433670e+01 ]
