%YAML:1.0
points: [ 2.32378128e+02, 2.84396820e+02, 2.23310013e+02, 2.77359985e+02,
    2.14118576e+02, 2.70373322e+02, 2.04802399e+02, 2.63069214e+02,
    1.95362045e+02, 2.55799164e+02, 2.39878448e+02, 2.77666718e+02,
    2.30796356e+02, 2.70525909e+02, 2.21525101e+02, 2.63385071e+02,
    2.12181168e+02, 2.55976303e+02, 2.02665421e+02, 2.48515930e+02,
    2.47649612e+02, 2.70754333e+02, 2.38471329e+02, 2.63596069e+02,
    2.29188309e+02, 2.56152985e+02, 2.19738327e+02, 2.48667297e+02,
    2.10162445e+02, 2.41112991e+02, 2.55631104e+02, 2.63698853e+02,
    2.46323853e+02, 2.56487793e+02, 2.37005768e+02, 2.48765869e+02,
    2.27539948e+02, 2.41203995e+02, 2.17835083e+02, 2.33462585e+02,
    2.63775055e+02, 2.56514069e+02, 2.54447495e+02, 2.49142151e+02,
    2.45022614e+02, 2.41294540e+02, 2.35490295e+02, 2.33505219e+02,
    2.25722885e+02, 2.25707245e+02, 2.72153564e+02, 2.49123489e+02,
    2.62744598e+02, 2.41537918e+02, 2.53271652e+02, 2.33657867e+02,
    2.43658478e+02, 2.25678497e+02, 2.33803497e+02, 2.17686203e+02,
    2.80796600e+02, 2.41537079e+02, 2.71308441e+02, 2.33807693e+02,
    2.61783539e+02, 2.25748123e+02, 2.52016754e+02, 2.17642960e+02,
    2.42120300e+02, 2.09539352e+02 ]
