%YAML:1.0
points: [ 1.17531897e+03, 7.30822327e+02, 1.15899561e+03, 7.51108398e+02,
    1.14319250e+03, 7.70955933e+02, 1.12812488e+03, 7.89659912e+02,
    1.11347681e+03, 8.07941956e+02, 1.14654956e+03, 7.11405273e+02,
    1.13070667e+03, 7.32076111e+02, 1.11563440e+03, 7.52164246e+02,
    1.10112183e+03, 7.71075684e+02, 1.08696082e+03, 7.89486206e+02,
    1.11795398e+03, 6.92189697e+02, 1.10269507e+03, 7.13387207e+02,
    1.08821326e+03, 7.33285278e+02, 1.07429358e+03, 7.52669250e+02,
    1.06068335e+03, 7.71381042e+02, 1.08979846e+03, 6.73268555e+02,
    1.07504688e+03, 6.94872009e+02, 1.06115857e+03, 7.14774231e+02,
    1.04773547e+03, 7.34452026e+02, 1.03463806e+03, 7.53478394e+02,
    1.06180872e+03, 6.54655762e+02, 1.04768555e+03, 6.76344849e+02,
    1.03439868e+03, 6.96601074e+02, 1.02141583e+03, 7.16450317e+02,
    1.00882263e+03, 7.35824402e+02, 1.03415955e+03, 6.36068481e+02,
    1.02058508e+03, 6.57977478e+02, 1.00778149e+03, 6.78661255e+02,
    9.95339844e+02, 6.98712952e+02, 9.83227722e+02, 7.18238892e+02,
    1.00675507e+03, 6.17720337e+02, 9.93623169e+02, 6.39860474e+02,
    9.81398804e+02, 6.60811829e+02, 9.69405945e+02, 6.81255432e+02,
    9.57640564e+02, 7.01053528e+02 ]
