%YAML:1.0
points: [ 2.82702789e+02, 1.40557144e+02, 2.73484283e+02, 1.40623215e+02,
    2.64438293e+02, 1.40602890e+02, 2.55893234e+02, 1.40663513e+02,
    2.47653870e+02, 1.40641098e+02, 2.84019012e+02, 1.29167938e+02,
    2.74715271e+02, 1.29429611e+02, 2.65641907e+02, 1.29637283e+02,
    2.57052490e+02, 1.29866837e+02, 2.48777405e+02, 1.30103073e+02,
    2.85328949e+02, 1.17733650e+02, 2.75880280e+02, 1.18130974e+02,
    2.66948029e+02, 1.18615440e+02, 2.58238068e+02, 1.19012512e+02,
    2.49861465e+02, 1.19403740e+02, 2.86633179e+02, 1.06253876e+02,
    2.77012817e+02, 1.06813110e+02, 2.68242676e+02, 1.07556526e+02,
    2.59450653e+02, 1.08171875e+02, 2.50980286e+02, 1.08731804e+02,
    2.87923218e+02, 9.46703873e+01, 2.78293365e+02, 9.54524612e+01,
    2.69424103e+02, 9.63528137e+01, 2.60681885e+02, 9.71804123e+01,
    2.52073868e+02, 9.79291153e+01, 2.89239716e+02, 8.30268097e+01,
    2.79582245e+02, 8.40307693e+01, 2.70566101e+02, 8.51544342e+01,
    2.61824432e+02, 8.62129669e+01, 2.53224457e+02, 8.71189957e+01,
    2.90536560e+02, 7.14055176e+01, 2.80820953e+02, 7.25966873e+01,
    2.71784149e+02, 7.39154739e+01, 2.62908813e+02, 7.51465302e+01,
    2.54274521e+02, 7.62122269e+01 ]
