%YAML:1.0
points: [ 7.87611084e+02, 7.38533630e+02, 7.63464417e+02, 7.18249634e+02,
    7.38982544e+02, 6.98106689e+02, 7.14582153e+02, 6.77442444e+02,
    6.89928955e+02, 6.56883301e+02, 8.04778748e+02, 7.21327332e+02,
    7.80324219e+02, 7.00723999e+02, 7.55460449e+02, 6.80265503e+02,
    7.30835022e+02, 6.59229919e+02, 7.05969177e+02, 6.38214905e+02,
    8.22556702e+02, 7.03632202e+02, 7.97542603e+02, 6.82974915e+02,
    7.72729614e+02, 6.61694519e+02, 7.47621643e+02, 6.40573364e+02,
    7.22336426e+02, 6.19202820e+02, 8.40718201e+02, 6.85508850e+02,
    8.15267212e+02, 6.64706177e+02, 7.90454712e+02, 6.42754639e+02,
    7.64897949e+02, 6.21285950e+02, 7.39186157e+02, 5.99525513e+02,
    8.59467590e+02, 6.66847839e+02, 8.33737671e+02, 6.45673035e+02,
    8.08387268e+02, 6.23427734e+02, 7.82624756e+02, 6.01441101e+02,
    7.56539490e+02, 5.79560547e+02, 8.78839600e+02, 6.47734680e+02,
    8.52859192e+02, 6.26062927e+02, 8.27037598e+02, 6.03545166e+02,
    8.00979309e+02, 5.81048035e+02, 7.74512573e+02, 5.58702271e+02,
    8.98811157e+02, 6.27945557e+02, 8.72400940e+02, 6.05917664e+02,
    8.46216980e+02, 5.82875671e+02, 8.19670349e+02, 5.60100342e+02,
    7.92825500e+02, 5.37482727e+02 ]
