%YAML:1.0
points: [ 1.06634534e+03, 7.86061829e+02, 1.04146399e+03, 7.86210571e+02,
    1.01728992e+03, 7.86606140e+02, 9.94310364e+02, 7.86622620e+02,
    9.71998413e+02, 7.86794617e+02, 1.05563904e+03, 7.59690369e+02,
    1.03067078e+03, 7.60333984e+02, 1.00667413e+03, 7.61311584e+02,
    9.83748657e+02, 7.61773193e+02, 9.61474731e+02, 7.62346497e+02,
    1.04482361e+03, 7.32901062e+02, 1.01974792e+03, 7.34401917e+02,
    9.95992004e+02, 7.35355042e+02, 9.73032654e+02, 7.36502502e+02,
    9.50793884e+02, 7.37550110e+02, 1.03383215e+03, 7.05883545e+02,
    1.00873694e+03, 7.08197632e+02, 9.85160889e+02, 7.09305664e+02,
    9.62138550e+02, 7.10939697e+02, 9.39899597e+02, 7.12579773e+02,
    1.02268024e+03, 6.78675293e+02, 9.97756531e+02, 6.81328491e+02,
    9.74133362e+02, 6.83119568e+02, 9.51179626e+02, 6.85154846e+02,
    9.28910767e+02, 6.87361084e+02, 1.01140845e+03, 6.50964111e+02,
    9.86551331e+02, 6.54110413e+02, 9.62877380e+02, 6.56584900e+02,
    9.39988037e+02, 6.59026062e+02, 9.17790100e+02, 6.61821289e+02,
    9.99994995e+02, 6.22911682e+02, 9.75105774e+02, 6.26591309e+02,
    9.51497009e+02, 6.29661316e+02, 9.28472717e+02, 6.32810425e+02,
    9.06270142e+02, 6.36021545e+02 ]
