%YAML:1.0
points: [ 2.12013245e+02, 2.72219696e+02, 2.03667938e+02, 2.65123413e+02,
    1.95189880e+02, 2.58170776e+02, 1.86725006e+02, 2.50971146e+02,
    1.78166092e+02, 2.43837830e+02, 2.18222778e+02, 2.66211029e+02,
    2.09757004e+02, 2.59059113e+02, 2.01170837e+02, 2.51982697e+02,
    1.92648666e+02, 2.44680954e+02, 1.84012207e+02, 2.37375931e+02,
    2.24640747e+02, 2.60043549e+02, 2.16015854e+02, 2.52868088e+02,
    2.07415588e+02, 2.45501495e+02, 1.98725937e+02, 2.38150009e+02,
    1.89964020e+02, 2.30746857e+02, 2.31229904e+02, 2.53718948e+02,
    2.22406357e+02, 2.46516113e+02, 2.13834915e+02, 2.38892853e+02,
    2.05004791e+02, 2.31420227e+02, 1.96113464e+02, 2.23910889e+02,
    2.38023834e+02, 2.47239777e+02, 2.29134430e+02, 2.39877106e+02,
    2.20362747e+02, 2.32167633e+02, 2.11449493e+02, 2.24522995e+02,
    2.02411484e+02, 2.16934555e+02, 2.45008209e+02, 2.40589203e+02,
    2.36025925e+02, 2.33052078e+02, 2.27112762e+02, 2.25247589e+02,
    2.18099030e+02, 2.17422180e+02, 2.08948578e+02, 2.09649490e+02,
    2.52190475e+02, 2.33671982e+02, 2.43112869e+02, 2.26052704e+02,
    2.34075882e+02, 2.18102448e+02, 2.24906891e+02, 2.10168503e+02,
    2.15591049e+02, 2.02260849e+02 ]
