%YAML:1.0
points: [ 9.81966675e+02, 6.76296021e+02, 9.58962830e+02, 6.78069153e+02,
    9.36646545e+02, 6.79955383e+02, 9.15606628e+02, 6.81530518e+02,
    8.95137695e+02, 6.83149048e+02, 9.76000305e+02, 6.45104919e+02,
    9.52931580e+02, 6.47542908e+02, 9.30849365e+02, 6.50078613e+02,
    9.09928772e+02, 6.52224548e+02, 8.89567017e+02, 6.54385376e+02,
    9.69957214e+02, 6.13828430e+02, 9.46823364e+02, 6.17049316e+02,
    9.25177002e+02, 6.19886597e+02, 9.04221985e+02, 6.22781372e+02,
    8.83949707e+02, 6.25497742e+02, 9.63871765e+02, 5.82614685e+02,
    9.40779480e+02, 5.86594177e+02, 9.19435974e+02, 5.89905701e+02,
    8.98470520e+02, 5.93363525e+02, 8.78239197e+02, 5.96727478e+02,
    9.57773926e+02, 5.51490601e+02, 9.34881470e+02, 5.55948425e+02,
    9.13628906e+02, 5.60031799e+02, 8.92749023e+02, 5.64000427e+02,
    8.72504272e+02, 5.67878967e+02, 9.51765259e+02, 5.20281494e+02,
    9.28994324e+02, 5.25289124e+02, 9.07692200e+02, 5.30083801e+02,
    8.86944763e+02, 5.34602966e+02, 8.66843384e+02, 5.39097839e+02,
    9.45709900e+02, 4.89109924e+02, 9.22967834e+02, 4.94734253e+02,
    9.01714050e+02, 5.00109314e+02, 8.80991272e+02, 5.05353241e+02,
    8.60822937e+02, 5.10271942e+02 ]
