%YAML:1.0
points: [ 2.88004303e+02, 1.12005600e+02, 2.78616852e+02, 1.12736237e+02,
    2.69495178e+02, 1.13289658e+02, 2.60841125e+02, 1.13972389e+02,
    2.52407394e+02, 1.14537575e+02, 2.90142212e+02, 1.01168999e+02,
    2.80707001e+02, 1.02077553e+02, 2.71561737e+02, 1.02808594e+02,
    2.62880554e+02, 1.03705597e+02, 2.54443924e+02, 1.04469810e+02,
    2.92234985e+02, 9.03988953e+01, 2.82733551e+02, 9.13800812e+01,
    2.73708435e+02, 9.25221176e+01, 2.64874725e+02, 9.34398193e+01,
    2.56443054e+02, 9.43244629e+01, 2.94339111e+02, 7.96281281e+01,
    2.84742188e+02, 8.06901779e+01, 2.75816345e+02, 8.21175995e+01,
    2.66914246e+02, 8.32370682e+01, 2.58386322e+02, 8.43356400e+01,
    2.96402985e+02, 6.89630356e+01, 2.86840210e+02, 7.02052612e+01,
    2.77825653e+02, 7.17763519e+01, 2.68957092e+02, 7.30981140e+01,
    2.60358765e+02, 7.42900696e+01, 2.98471313e+02, 5.83496628e+01,
    2.88838593e+02, 5.98458481e+01, 2.79822235e+02, 6.14031296e+01,
    2.70923492e+02, 6.30270081e+01, 2.62330200e+02, 6.43361435e+01,
    3.00499176e+02, 4.78021431e+01, 2.90863831e+02, 4.94146805e+01,
    2.81778107e+02, 5.12118568e+01, 2.72890778e+02, 5.28742905e+01,
    2.64216614e+02, 5.43330460e+01 ]
