%YAML:1.0
points: [ 9.41522705e+02, 8.17980957e+02, 9.14170471e+02, 7.98516113e+02,
    8.86139160e+02, 7.78975952e+02, 8.57396362e+02, 7.58481567e+02,
    8.27990845e+02, 7.37779480e+02, 9.67054688e+02, 7.95533203e+02,
    9.39816345e+02, 7.75766296e+02, 9.11730042e+02, 7.55655945e+02,
    8.83097168e+02, 7.34613831e+02, 8.53730225e+02, 7.13305603e+02,
    9.93181335e+02, 7.72559082e+02, 9.65993103e+02, 7.52647949e+02,
    9.37988892e+02, 7.31653870e+02, 9.09353027e+02, 7.10411499e+02,
    8.79958862e+02, 6.88577209e+02, 1.01985455e+03, 7.49344177e+02,
    9.92676453e+02, 7.29150391e+02, 9.64754089e+02, 7.07354126e+02,
    9.36162659e+02, 6.85645020e+02, 9.06837830e+02, 6.63310059e+02,
    1.04709204e+03, 7.25713501e+02, 1.01997211e+03, 7.05001404e+02,
    9.92120300e+02, 6.82711609e+02, 9.63506958e+02, 6.60390930e+02,
    9.34251526e+02, 6.37690918e+02, 1.07491650e+03, 7.01601746e+02,
    1.04787817e+03, 6.80308960e+02, 1.02004712e+03, 6.57690063e+02,
    9.91585327e+02, 6.34677429e+02, 9.62312561e+02, 6.11349915e+02,
    1.10341821e+03, 6.76919373e+02, 1.07648547e+03, 6.55141357e+02,
    1.04871021e+03, 6.32004150e+02, 1.02031329e+03, 6.08560852e+02,
    9.91111145e+02, 5.84791687e+02 ]
