%YAML:1.0
points: [ 2.68403442e+02, 2.99864838e+02, 2.59103760e+02, 2.93091492e+02,
    2.49590332e+02, 2.86284210e+02, 2.39859543e+02, 2.79123505e+02,
    2.29841217e+02, 2.71909027e+02, 2.77488739e+02, 2.92015137e+02,
    2.68213043e+02, 2.85117950e+02, 2.58697601e+02, 2.78162262e+02,
    2.48970490e+02, 2.70811279e+02, 2.39007065e+02, 2.63371979e+02,
    2.86745239e+02, 2.84047974e+02, 2.77500916e+02, 2.77096954e+02,
    2.68003052e+02, 2.69761292e+02, 2.58269714e+02, 2.62357422e+02,
    2.48302582e+02, 2.54759613e+02, 2.96205719e+02, 2.75939575e+02,
    2.87001953e+02, 2.68919861e+02, 2.77464508e+02, 2.61275879e+02,
    2.67784698e+02, 2.53716568e+02, 2.57878815e+02, 2.45974335e+02,
    3.05865112e+02, 2.67721436e+02, 2.96669952e+02, 2.60490997e+02,
    2.87194916e+02, 2.52733749e+02, 2.77477875e+02, 2.44950760e+02,
    2.67567169e+02, 2.37056808e+02, 3.15769318e+02, 2.59324158e+02,
    3.06568878e+02, 2.51920319e+02, 2.97141907e+02, 2.44032623e+02,
    2.87439484e+02, 2.36010590e+02, 2.77524780e+02, 2.27887329e+02,
    3.25918060e+02, 2.50737610e+02, 3.16751495e+02, 2.43149963e+02,
    3.07301971e+02, 2.35077393e+02, 2.97663849e+02, 2.26912811e+02,
    2.87786377e+02, 2.18687424e+02 ]
