%YAML:1.0
points: [ 2.91185944e+02, 9.91268692e+01, 2.81764313e+02, 1.00094688e+02,
    2.72536713e+02, 1.00957489e+02, 2.63820007e+02, 1.01938950e+02,
    2.55357956e+02, 1.02718079e+02, 2.93655670e+02, 8.87803879e+01,
    2.84212494e+02, 8.99689484e+01, 2.74963135e+02, 9.09381943e+01,
    2.66293152e+02, 9.20964355e+01, 2.57771393e+02, 9.31355972e+01,
    2.96124390e+02, 7.85067139e+01, 2.86549530e+02, 7.97400131e+01,
    2.77528900e+02, 8.11285706e+01, 2.68673431e+02, 8.22574310e+01,
    2.60157990e+02, 8.34242783e+01, 2.98567780e+02, 6.83814545e+01,
    2.88891327e+02, 6.96886520e+01, 2.79971466e+02, 7.13171234e+01,
    2.71052856e+02, 7.26572723e+01, 2.62519348e+02, 7.39421844e+01,
    3.00960571e+02, 5.83182831e+01, 2.91268097e+02, 5.98275223e+01,
    2.82303864e+02, 6.15429955e+01, 2.73467926e+02, 6.30810432e+01,
    2.64764801e+02, 6.44256592e+01, 3.03328064e+02, 4.83485451e+01,
    2.93675476e+02, 5.00450134e+01, 2.84560150e+02, 5.19065781e+01,
    2.75792267e+02, 5.35902977e+01, 2.67117340e+02, 5.51545372e+01,
    3.05569946e+02, 3.85424538e+01, 2.96013519e+02, 4.02582703e+01,
    2.86894806e+02, 4.22228432e+01, 2.78029022e+02, 4.40749435e+01,
    2.69348297e+02, 4.56559906e+01 ]
