%YAML:1.0
points: [ 9.28672913e+02, 7.86969421e+02, 9.01881592e+02, 7.65405212e+02,
    8.74455383e+02, 7.43685059e+02, 8.46439270e+02, 7.20886108e+02,
    8.17705139e+02, 6.97810669e+02, 9.55686646e+02, 7.64606262e+02,
    9.29085571e+02, 7.42733032e+02, 9.01636597e+02, 7.20427185e+02,
    8.73647888e+02, 6.97195618e+02, 8.45031128e+02, 6.73535767e+02,
    9.83191406e+02, 7.41860107e+02, 9.56685486e+02, 7.19760376e+02,
    9.29438171e+02, 6.96623047e+02, 9.01452942e+02, 6.73080322e+02,
    8.72835083e+02, 6.48968750e+02, 1.01122351e+03, 7.18802673e+02,
    9.84796631e+02, 6.96490112e+02, 9.57675476e+02, 6.72441467e+02,
    9.29851379e+02, 6.48487244e+02, 9.01292480e+02, 6.23818970e+02,
    1.03989966e+03, 6.95430237e+02, 1.01354266e+03, 6.72472961e+02,
    9.86468628e+02, 6.48050598e+02, 9.58743530e+02, 6.23446167e+02,
    9.30284180e+02, 5.98378113e+02, 1.06910730e+03, 6.71521240e+02,
    1.04286963e+03, 6.48028748e+02, 1.01587213e+03, 6.23233643e+02,
    9.88281067e+02, 5.97959290e+02, 9.59937805e+02, 5.72257507e+02,
    1.09893982e+03, 6.47158691e+02, 1.07285144e+03, 6.23167542e+02,
    1.04602063e+03, 5.97780579e+02, 1.01854504e+03, 5.72080933e+02,
    9.90213562e+02, 5.45954041e+02 ]
