%YAML:1.0
points: [ 9.48911499e+02, 6.39534668e+02, 9.25768921e+02, 6.35871643e+02,
    9.03261475e+02, 6.32427246e+02, 8.81990784e+02, 6.28967773e+02,
    8.61164734e+02, 6.25729980e+02, 9.48564453e+02, 6.08578674e+02,
    9.25205872e+02, 6.05472473e+02, 9.02673950e+02, 6.02639587e+02,
    8.81397705e+02, 5.99681763e+02, 8.60586609e+02, 5.96854309e+02,
    9.48201599e+02, 5.77232910e+02, 9.24553528e+02, 5.74863770e+02,
    9.02271362e+02, 5.72374939e+02, 8.80781982e+02, 5.70152405e+02,
    8.59882141e+02, 5.67843079e+02, 9.47748535e+02, 5.45818115e+02,
    9.23937195e+02, 5.44121338e+02, 9.01824829e+02, 5.42109802e+02,
    8.80118835e+02, 5.40393311e+02, 8.59114197e+02, 5.38764160e+02,
    9.47295471e+02, 5.14207764e+02, 9.23477173e+02, 5.13070740e+02,
    9.01214783e+02, 5.11746094e+02, 8.79459717e+02, 5.10527863e+02,
    8.58319214e+02, 5.09387054e+02, 9.46869568e+02, 4.82374878e+02,
    9.23000732e+02, 4.81767334e+02, 9.00535583e+02, 4.81074982e+02,
    8.78758057e+02, 4.80397308e+02, 8.57558838e+02, 4.79900665e+02,
    9.46438538e+02, 4.50249725e+02, 9.22437073e+02, 4.50227448e+02,
    8.99864258e+02, 4.50218353e+02, 8.77842407e+02, 4.50230316e+02,
    8.56529968e+02, 4.50129761e+02 ]
