%YAML:1.0
points: [ 2.64196198e+02, 2.89053406e+02, 2.55102142e+02, 2.81524109e+02,
    2.45828918e+02, 2.73961365e+02, 2.36291702e+02, 2.66034576e+02,
    2.26552124e+02, 2.58000092e+02, 2.73753845e+02, 2.81260132e+02,
    2.64713867e+02, 2.73596863e+02, 2.55420258e+02, 2.65882690e+02,
    2.45968979e+02, 2.57764679e+02, 2.36228134e+02, 2.49535187e+02,
    2.83488464e+02, 2.73342255e+02, 2.74474182e+02, 2.65627625e+02,
    2.65229980e+02, 2.57529541e+02, 2.55796341e+02, 2.49363647e+02,
    2.46110794e+02, 2.40972351e+02, 2.93395538e+02, 2.65288910e+02,
    2.84454346e+02, 2.57507141e+02, 2.75233398e+02, 2.49136673e+02,
    2.65819885e+02, 2.40804794e+02, 2.56183807e+02, 2.32212967e+02,
    3.03544708e+02, 2.57172272e+02, 2.94634399e+02, 2.49166916e+02,
    2.85408600e+02, 2.40655731e+02, 2.76059784e+02, 2.32079559e+02,
    2.66406860e+02, 2.23417160e+02, 3.13916992e+02, 2.48867630e+02,
    3.05049744e+02, 2.40675995e+02, 2.95877991e+02, 2.32045593e+02,
    2.86477081e+02, 2.23253235e+02, 2.76929321e+02, 2.14327637e+02,
    3.24513092e+02, 2.40405518e+02, 3.15668640e+02, 2.32023392e+02,
    3.06531952e+02, 2.23211121e+02, 2.97224854e+02, 2.14226288e+02,
    2.87674408e+02, 2.05156570e+02 ]
