%YAML:1.0
points: [ 8.95676941e+02, 6.68178528e+02, 8.71928894e+02, 6.39345703e+02,
    8.47537537e+02, 6.10136536e+02, 8.22731079e+02, 5.79872620e+02,
    7.97303650e+02, 5.49099854e+02, 9.27485474e+02, 6.47206421e+02,
    9.03974854e+02, 6.18069702e+02, 8.79751465e+02, 5.88356689e+02,
    8.55148010e+02, 5.57643616e+02, 8.29932861e+02, 5.26310913e+02,
    9.59782776e+02, 6.25974121e+02, 9.36416138e+02, 5.96562927e+02,
    9.12514771e+02, 5.66101562e+02, 8.88052856e+02, 5.35087524e+02,
    8.63004578e+02, 5.03282440e+02, 9.92531799e+02, 6.04527466e+02,
    9.69369751e+02, 5.74764465e+02, 9.45708557e+02, 5.43566650e+02,
    9.21414490e+02, 5.12134338e+02, 8.96609314e+02, 4.79834503e+02,
    1.02574524e+03, 5.82807800e+02, 1.00288464e+03, 5.52593994e+02,
    9.79360107e+02, 5.20967468e+02, 9.55361511e+02, 4.88945557e+02,
    9.30734436e+02, 4.56219269e+02, 1.05947876e+03, 5.60774170e+02,
    1.03684094e+03, 5.30034241e+02, 1.01359039e+03, 4.98033630e+02,
    9.89785339e+02, 4.65403473e+02, 9.65412354e+02, 4.32135437e+02,
    1.09373596e+03, 5.38370850e+02, 1.07142310e+03, 5.07159607e+02,
    1.04838428e+03, 4.74679047e+02, 1.02483972e+03, 4.41655853e+02,
    1.00072052e+03, 4.07901031e+02 ]
