%YAML:1.0
points: [ 9.48926697e+02, 6.39554871e+02, 9.25786987e+02, 6.35874390e+02,
    9.03267700e+02, 6.32441589e+02, 8.81996155e+02, 6.28977600e+02,
    8.61174622e+02, 6.25759155e+02, 9.48584656e+02, 6.08583313e+02,
    9.25232666e+02, 6.05468079e+02, 9.02687134e+02, 6.02635376e+02,
    8.81393616e+02, 5.99673096e+02, 8.60598572e+02, 5.96858521e+02,
    9.48218872e+02, 5.77230835e+02, 9.24563660e+02, 5.74872009e+02,
    9.02284546e+02, 5.72354370e+02, 8.80786072e+02, 5.70137573e+02,
    8.59892395e+02, 5.67858948e+02, 9.47771973e+02, 5.45815247e+02,
    9.23941467e+02, 5.44127380e+02, 9.01834412e+02, 5.42105652e+02,
    8.80133423e+02, 5.40420593e+02, 8.59109680e+02, 5.38751587e+02,
    9.47295410e+02, 5.14220337e+02, 9.23493408e+02, 5.13077148e+02,
    9.01227173e+02, 5.11725952e+02, 8.79473816e+02, 5.10535950e+02,
    8.58315613e+02, 5.09389191e+02, 9.46881592e+02, 4.82375000e+02,
    9.23009155e+02, 4.81756195e+02, 9.00543823e+02, 4.81090607e+02,
    8.78752747e+02, 4.80395447e+02, 8.57572021e+02, 4.79899872e+02,
    9.46441772e+02, 4.50248871e+02, 9.22426453e+02, 4.50217377e+02,
    8.99863159e+02, 4.50218506e+02, 8.77848145e+02, 4.50228302e+02,
    8.56521118e+02, 4.50111755e+02 ]
