%YAML:1.0
points: [ 2.73542908e+02, 1.00067009e+02, 2.66112122e+02, 1.01029503e+02,
    2.58784637e+02, 1.01863213e+02, 2.52056488e+02, 1.02740982e+02,
    2.45374878e+02, 1.03620506e+02, 2.76651154e+02, 9.02623062e+01,
    2.69110870e+02, 9.14436722e+01, 2.61753265e+02, 9.24502029e+01,
    2.54922379e+02, 9.36227036e+01, 2.48246307e+02, 9.46373901e+01,
    2.79704956e+02, 8.05184402e+01, 2.71989502e+02, 8.17995224e+01,
    2.64875702e+02, 8.31322479e+01, 2.57805756e+02, 8.43397675e+01,
    2.51114624e+02, 8.55592728e+01, 2.82727600e+02, 7.08544235e+01,
    2.74826782e+02, 7.22388992e+01, 2.67840393e+02, 7.39058151e+01,
    2.60714783e+02, 7.52447357e+01, 2.53941589e+02, 7.65924988e+01,
    2.85772614e+02, 6.11751747e+01, 2.77892273e+02, 6.27380829e+01,
    2.70668854e+02, 6.46488113e+01, 2.63588531e+02, 6.62255402e+01,
    2.56681824e+02, 6.76606598e+01, 2.88667267e+02, 5.17104759e+01,
    2.80809814e+02, 5.33796730e+01, 2.73514465e+02, 5.53397789e+01,
    2.66423035e+02, 5.71553230e+01, 2.59477631e+02, 5.87385406e+01,
    2.91647644e+02, 4.21703720e+01, 2.83696411e+02, 4.41012535e+01,
    2.76365936e+02, 4.61826210e+01, 2.69233154e+02, 4.80685196e+01,
    2.62178619e+02, 4.97572823e+01 ]
