%YAML:1.0
points: [ 2.53531113e+02, 2.47687302e+02, 2.45471924e+02, 2.37661362e+02,
    2.37293152e+02, 2.27570938e+02, 2.28955521e+02, 2.17013962e+02,
    2.20276794e+02, 2.06273376e+02, 2.64732330e+02, 2.40391205e+02,
    2.56772064e+02, 2.30230423e+02, 2.48598495e+02, 2.19942093e+02,
    2.40287231e+02, 2.09292984e+02, 2.31755325e+02, 1.98351242e+02,
    2.76088684e+02, 2.32984528e+02, 2.68182526e+02, 2.22782425e+02,
    2.60145630e+02, 2.12202438e+02, 2.51876312e+02, 2.01391296e+02,
    2.43377335e+02, 1.90347733e+02, 2.87534882e+02, 2.25565582e+02,
    2.79768341e+02, 2.15166351e+02, 2.71783691e+02, 2.04346176e+02,
    2.63545715e+02, 1.93406342e+02, 2.55213989e+02, 1.82239380e+02,
    2.99248871e+02, 2.17959351e+02, 2.91525146e+02, 2.07494614e+02,
    2.83573608e+02, 1.96514343e+02, 2.75452606e+02, 1.85316055e+02,
    2.67239960e+02, 1.74051483e+02, 3.11167816e+02, 2.10331055e+02,
    3.03495514e+02, 1.99637939e+02, 2.95672272e+02, 1.88526276e+02,
    2.87619873e+02, 1.77181473e+02, 2.79434387e+02, 1.65556320e+02,
    3.23280426e+02, 2.02543137e+02, 3.15761322e+02, 1.91637268e+02,
    3.08020630e+02, 1.80341248e+02, 3.00005280e+02, 1.68836945e+02,
    2.91909851e+02, 1.57174210e+02 ]
