%YAML:1.0
points: [ 2.60535522e+02, 2.77746002e+02, 2.51674271e+02, 2.69482117e+02,
    2.42671478e+02, 2.61197235e+02, 2.33398193e+02, 2.52492493e+02,
    2.23966721e+02, 2.43688431e+02, 2.70541779e+02, 2.70067505e+02,
    2.61775269e+02, 2.61656158e+02, 2.52796463e+02, 2.53184021e+02,
    2.43581711e+02, 2.44323242e+02, 2.34161057e+02, 2.35325821e+02,
    2.80751190e+02, 2.62223999e+02, 2.72046936e+02, 2.53797119e+02,
    2.63107178e+02, 2.44951813e+02, 2.53936584e+02, 2.36016724e+02,
    2.44529434e+02, 2.26833267e+02, 2.91139374e+02, 2.54295731e+02,
    2.82464661e+02, 2.45774277e+02, 2.73549744e+02, 2.36677277e+02,
    2.64441101e+02, 2.27594513e+02, 2.55147095e+02, 2.18217743e+02,
    3.01742554e+02, 2.46275742e+02, 2.93149109e+02, 2.37577499e+02,
    2.84251526e+02, 2.28312210e+02, 2.75199768e+02, 2.18981720e+02,
    2.65908173e+02, 2.09513336e+02, 3.12551239e+02, 2.38122711e+02,
    3.04023743e+02, 2.29179611e+02, 2.95173584e+02, 2.19824707e+02,
    2.86147308e+02, 2.10274246e+02, 2.76920807e+02, 2.00544830e+02,
    3.23611115e+02, 2.29798752e+02, 3.15117676e+02, 2.20699036e+02,
    3.06313477e+02, 2.11115692e+02, 2.97338715e+02, 2.01369385e+02,
    2.88200623e+02, 1.91511871e+02 ]
