%YAML:1.0
points: [ 2.96750397e+02, 9.88872986e+01, 2.86830444e+02, 9.98471527e+01,
    2.77062286e+02, 1.00679497e+02, 2.67906281e+02, 1.01661491e+02,
    2.58916473e+02, 1.02455498e+02, 2.99073883e+02, 8.83456421e+01,
    2.89096832e+02, 8.95392685e+01, 2.79360046e+02, 9.05392151e+01,
    2.70161835e+02, 9.16614227e+01, 2.61195862e+02, 9.27085037e+01,
    3.01299072e+02, 7.80030060e+01, 2.91265900e+02, 7.92036667e+01,
    2.81726685e+02, 8.05417557e+01, 2.72378296e+02, 8.17264252e+01,
    2.63420654e+02, 8.28653259e+01, 3.03494537e+02, 6.77973328e+01,
    2.93382935e+02, 6.90517120e+01, 2.84002197e+02, 7.06358490e+01,
    2.74613770e+02, 7.20227737e+01, 2.65616608e+02, 7.32296600e+01,
    3.05665009e+02, 5.75809898e+01, 2.95600067e+02, 5.90791130e+01,
    2.86183929e+02, 6.07341003e+01, 2.76889160e+02, 6.22537804e+01,
    2.67765228e+02, 6.35979729e+01, 3.07904968e+02, 4.74964905e+01,
    2.97820801e+02, 4.91407814e+01, 2.88262360e+02, 5.09576912e+01,
    2.79033051e+02, 5.26142921e+01, 2.69943268e+02, 5.41597099e+01,
    3.10060883e+02, 3.75866089e+01, 2.99947845e+02, 3.92907906e+01,
    2.90412384e+02, 4.12198067e+01, 2.81109283e+02, 4.30270348e+01,
    2.72022095e+02, 4.46104050e+01 ]
