%YAML:1.0
points: [ 9.10682922e+02, 5.70253540e+02, 8.89001648e+02, 5.58146790e+02,
    8.67724792e+02, 5.46350220e+02, 8.47531677e+02, 5.34975891e+02,
    8.27740967e+02, 5.23963074e+02, 9.19153076e+02, 5.41449646e+02,
    8.96976929e+02, 5.29610352e+02, 8.75407776e+02, 5.18421814e+02,
    8.55010132e+02, 5.07386230e+02, 8.35020691e+02, 4.96585632e+02,
    9.27695984e+02, 5.12210449e+02, 9.04919617e+02, 5.00806519e+02,
    8.83474670e+02, 4.89739166e+02, 8.62573975e+02, 4.79244781e+02,
    8.42256775e+02, 4.68838226e+02, 9.36281860e+02, 4.82323090e+02,
    9.13093140e+02, 4.71475128e+02, 8.91549744e+02, 4.60776611e+02,
    8.70297974e+02, 4.50552002e+02, 8.49551270e+02, 4.40652100e+02,
    9.44998779e+02, 4.52084412e+02, 9.21530396e+02, 4.41646515e+02,
    8.99605652e+02, 4.31385010e+02, 8.78059998e+02, 4.21540833e+02,
    8.56973755e+02, 4.12020081e+02, 9.53894836e+02, 4.21378448e+02,
    9.30215210e+02, 4.11378693e+02, 9.07800415e+02, 4.01586578e+02,
    8.85921326e+02, 3.92035706e+02, 8.64542603e+02, 3.82926331e+02,
    9.62949036e+02, 3.90123169e+02, 9.38898132e+02, 3.80496490e+02,
    9.15998535e+02, 3.71130249e+02, 8.93689575e+02, 3.62073364e+02,
    8.71981873e+02, 3.53302704e+02 ]
