%YAML:1.0
points: [ 9.17415649e+02, 7.54592224e+02, 8.91371521e+02, 7.30840576e+02,
    8.64701233e+02, 7.06961487e+02, 8.37415466e+02, 6.81977478e+02,
    8.09492615e+02, 6.56673401e+02, 9.45793945e+02, 7.32463562e+02,
    9.19917114e+02, 7.08420166e+02, 8.93311096e+02, 6.84014343e+02,
    8.66146729e+02, 6.58529541e+02, 8.38339294e+02, 6.32654236e+02,
    9.74707397e+02, 7.09987122e+02, 9.48959534e+02, 6.85805054e+02,
    9.22513000e+02, 6.60442566e+02, 8.95409241e+02, 6.34690430e+02,
    8.67668030e+02, 6.08285278e+02, 1.00418524e+03, 6.87228271e+02,
    9.78534424e+02, 6.62738647e+02, 9.52241821e+02, 6.36595703e+02,
    9.25296753e+02, 6.10395691e+02, 8.97675964e+02, 5.83489807e+02,
    1.03418298e+03, 6.64188782e+02, 1.00869958e+03, 6.39093506e+02,
    9.82529907e+02, 6.12501160e+02, 9.55714966e+02, 5.85660156e+02,
    9.28190247e+02, 5.58346802e+02, 1.06472693e+03, 6.40635986e+02,
    1.03943176e+03, 6.14988220e+02, 1.01339105e+03, 5.88031921e+02,
    9.86722961e+02, 5.60613037e+02, 9.59365845e+02, 5.32596985e+02,
    1.09587817e+03, 6.16703491e+02, 1.07077002e+03, 5.90490051e+02,
    1.04491931e+03, 5.63021301e+02, 1.01839575e+03, 5.35169067e+02,
    9.91168762e+02, 5.06661987e+02 ]
