%YAML:1.0
points: [ 1.07722754e+03, 6.11673340e+02, 1.04387170e+03, 5.99956238e+02,
    1.01105219e+03, 5.88470703e+02, 9.78976318e+02, 5.77105286e+02,
    9.47331726e+02, 5.65968384e+02, 1.08788135e+03, 5.78171082e+02,
    1.05427075e+03, 5.66616150e+02, 1.02115369e+03, 5.55471436e+02,
    9.88781982e+02, 5.44304016e+02, 9.56914673e+02, 5.33396729e+02,
    1.09874988e+03, 5.44228699e+02, 1.06469226e+03, 5.33031433e+02,
    1.03149072e+03, 5.21881592e+02, 9.98781372e+02, 5.11122284e+02,
    9.66540405e+02, 5.00389191e+02, 1.10967310e+03, 5.09921082e+02,
    1.07534668e+03, 4.98975983e+02, 1.04184241e+03, 4.88054474e+02,
    1.00883765e+03, 4.77431274e+02, 9.76303833e+02, 4.66955353e+02,
    1.12079346e+03, 4.75197632e+02, 1.08614905e+03, 4.64488495e+02,
    1.05235974e+03, 4.53833405e+02, 1.01899493e+03, 4.43419159e+02,
    9.86178711e+02, 4.33232330e+02, 1.13205481e+03, 4.40038147e+02,
    1.09716687e+03, 4.29524261e+02, 1.06295959e+03, 4.19186981e+02,
    1.02935156e+03, 4.09002106e+02, 9.96251282e+02, 3.99016876e+02,
    1.14355945e+03, 4.04359741e+02, 1.10826428e+03, 3.94135132e+02,
    1.07374414e+03, 3.84051117e+02, 1.03970679e+03, 3.74143250e+02,
    1.00634241e+03, 3.64402283e+02 ]
