%YAML:1.0
points: [ 2.84783386e+02, 2.85162811e+02, 2.76134949e+02, 2.76952820e+02,
    2.67276428e+02, 2.68648590e+02, 2.58142670e+02, 2.59930725e+02,
    2.48695328e+02, 2.51060059e+02, 2.95446167e+02, 2.76745789e+02,
    2.86930695e+02, 2.68419281e+02, 2.78161774e+02, 2.59945953e+02,
    2.69094696e+02, 2.51030411e+02, 2.59761536e+02, 2.41926102e+02,
    3.06247589e+02, 2.68281830e+02, 2.97859863e+02, 2.59906403e+02,
    2.89157074e+02, 2.51039368e+02, 2.80221283e+02, 2.42058807e+02,
    2.71005554e+02, 2.32777008e+02, 3.17241547e+02, 2.59734253e+02,
    3.09030243e+02, 2.51237930e+02, 3.00303558e+02, 2.42108826e+02,
    2.91476685e+02, 2.32931747e+02, 2.82403259e+02, 2.23506622e+02,
    3.28399292e+02, 2.51101761e+02, 3.20264130e+02, 2.42428436e+02,
    3.11699280e+02, 2.33130051e+02, 3.02981018e+02, 2.23733215e+02,
    2.94024109e+02, 2.14104523e+02, 3.39763947e+02, 2.42371887e+02,
    3.31726746e+02, 2.33474854e+02, 3.23286835e+02, 2.24054092e+02,
    3.14655121e+02, 2.14378967e+02, 3.05807373e+02, 2.04494720e+02,
    3.51300659e+02, 2.33497894e+02, 3.43399353e+02, 2.24407043e+02,
    3.35119110e+02, 2.14749405e+02, 3.26583862e+02, 2.04961823e+02,
    3.17875153e+02, 1.94939087e+02 ]
