%YAML:1.0
points: [ 4.04260803e+02, 9.72724762e+01, 3.91141296e+02, 9.78375778e+01,
    3.78010376e+02, 9.84124832e+01, 3.64753876e+02, 9.91163101e+01,
    3.51562866e+02, 9.97415848e+01, 4.02507690e+02, 8.54037704e+01,
    3.89490723e+02, 8.59094849e+01, 3.76497253e+02, 8.64262238e+01,
    3.63410370e+02, 8.71608200e+01, 3.50275024e+02, 8.77931900e+01,
    4.00747559e+02, 7.37417603e+01, 3.87952362e+02, 7.41529617e+01,
    3.75045776e+02, 7.48042603e+01, 3.62038452e+02, 7.53823395e+01,
    3.49078674e+02, 7.59886780e+01, 3.98973297e+02, 6.22913437e+01,
    3.86407410e+02, 6.25589867e+01, 3.73528381e+02, 6.32924995e+01,
    3.60716492e+02, 6.38287697e+01, 3.47832428e+02, 6.43514709e+01,
    3.97272247e+02, 5.10824852e+01, 3.84810669e+02, 5.12573776e+01,
    3.72038849e+02, 5.19886131e+01, 3.59370483e+02, 5.24048271e+01,
    3.46649841e+02, 5.29148674e+01, 3.95545410e+02, 4.00064316e+01,
    3.83207306e+02, 4.02025871e+01, 3.70625488e+02, 4.07464104e+01,
    3.58003876e+02, 4.12504578e+01, 3.45473846e+02, 4.16832848e+01,
    3.93809509e+02, 2.93057022e+01, 3.81590881e+02, 2.93455658e+01,
    3.69147034e+02, 2.98175087e+01, 3.56729675e+02, 3.02077675e+01,
    3.44291077e+02, 3.05313644e+01 ]
