%YAML:1.0
points: [ 9.84617859e+02, 7.75724243e+02, 9.58971008e+02, 7.52216125e+02,
    9.32610291e+02, 7.28449951e+02, 9.05373718e+02, 7.03452026e+02,
    8.77389832e+02, 6.77988770e+02, 1.01492041e+03, 7.51590393e+02,
    9.89611145e+02, 7.27856323e+02, 9.63512207e+02, 7.03477966e+02,
    9.36552429e+02, 6.77920471e+02, 9.08909058e+02, 6.51863586e+02,
    1.04566882e+03, 7.27281433e+02, 1.02074390e+03, 7.03241455e+02,
    9.94821777e+02, 6.77998901e+02, 9.68212952e+02, 6.52114319e+02,
    9.40803406e+02, 6.25435730e+02, 1.07683594e+03, 7.02727234e+02,
    1.05230566e+03, 6.78384216e+02, 1.02662549e+03, 6.52251709e+02,
    1.00037109e+03, 6.25875916e+02, 9.73298401e+02, 5.98670227e+02,
    1.10843713e+03, 6.77962952e+02, 1.08416528e+03, 6.52987000e+02,
    1.05884131e+03, 6.26354065e+02, 1.03293872e+03, 5.99363647e+02,
    1.00624072e+03, 5.71657776e+02, 1.14055774e+03, 6.52809021e+02,
    1.11663135e+03, 6.27213928e+02, 1.09165430e+03, 6.00191406e+02,
    1.06602393e+03, 5.72534058e+02, 1.03971313e+03, 5.44128052e+02,
    1.17311768e+03, 6.27325256e+02, 1.14958362e+03, 6.01155273e+02,
    1.12497729e+03, 5.73609070e+02, 1.09975732e+03, 5.45457764e+02,
    1.07378784e+03, 5.16546387e+02 ]
