%YAML:1.0
points: [ 3.06919098e+02, 2.87966370e+02, 2.95355682e+02, 2.83488098e+02,
    2.83642853e+02, 2.79084351e+02, 2.71597870e+02, 2.74370087e+02,
    2.59336945e+02, 2.69673889e+02, 3.13965912e+02, 2.77329529e+02,
    3.02354614e+02, 2.72774506e+02, 2.90558777e+02, 2.68195038e+02,
    2.78444458e+02, 2.63314575e+02, 2.66122314e+02, 2.58388428e+02,
    3.21156586e+02, 2.66533081e+02, 3.09548462e+02, 2.61898193e+02,
    2.97620880e+02, 2.56948883e+02, 2.85479797e+02, 2.52001877e+02,
    2.73095154e+02, 2.46907715e+02, 3.28533661e+02, 2.55494202e+02,
    3.16943512e+02, 2.50765533e+02, 3.04889526e+02, 2.45537033e+02,
    2.92689362e+02, 2.40414795e+02, 2.80223816e+02, 2.35159729e+02,
    3.36141235e+02, 2.44224747e+02, 3.24465485e+02, 2.39315277e+02,
    3.12360352e+02, 2.33912979e+02, 3.00115204e+02, 2.28571243e+02,
    2.87585114e+02, 2.23185608e+02, 3.43941559e+02, 2.32702133e+02,
    3.32218658e+02, 2.27554810e+02, 3.20090637e+02, 2.22044830e+02,
    3.07694000e+02, 2.16465195e+02, 2.95132935e+02, 2.10865295e+02,
    3.51960266e+02, 2.20876816e+02, 3.40220276e+02, 2.15507278e+02,
    3.28029114e+02, 2.09821732e+02, 3.15580353e+02, 2.04059814e+02,
    3.02950958e+02, 1.98276306e+02 ]
