%YAML:1.0
points: [ 1.29143542e+03, 6.38965576e+02, 1.25424255e+03, 6.29561584e+02,
    1.21722351e+03, 6.20178406e+02, 1.17995789e+03, 6.10669922e+02,
    1.14281714e+03, 6.01216431e+02, 1.30213989e+03, 6.02039307e+02,
    1.26497559e+03, 5.92549805e+02, 1.22776404e+03, 5.83158142e+02,
    1.19042664e+03, 5.73579407e+02, 1.15309985e+03, 5.64004578e+02,
    1.31302429e+03, 5.64787476e+02, 1.27589673e+03, 5.55405762e+02,
    1.23839734e+03, 5.45850708e+02, 1.20094666e+03, 5.36267273e+02,
    1.16355225e+03, 5.26630188e+02, 1.32408179e+03, 5.27416321e+02,
    1.28697180e+03, 5.17858521e+02, 1.24916992e+03, 5.08267059e+02,
    1.21164331e+03, 4.98620361e+02, 1.17415173e+03, 4.88981781e+02,
    1.33540613e+03, 4.89761414e+02, 1.29800281e+03, 4.80093933e+02,
    1.26011340e+03, 4.70372498e+02, 1.22249438e+03, 4.60706757e+02,
    1.18483826e+03, 4.50975616e+02, 1.34674023e+03, 4.51733154e+02,
    1.30923230e+03, 4.41960114e+02, 1.27130920e+03, 4.32210938e+02,
    1.23348157e+03, 4.22433044e+02, 1.19570947e+03, 4.12602295e+02,
    1.35826611e+03, 4.13382080e+02, 1.32063110e+03, 4.03537048e+02,
    1.28262268e+03, 3.93728577e+02, 1.24474231e+03, 3.83891266e+02,
    1.20683618e+03, 3.73926514e+02 ]
