%YAML:1.0
points: [ 1.04900830e+03, 7.83640076e+02, 1.01526886e+03, 7.70968384e+02,
    9.80938171e+02, 7.58315002e+02, 9.45691711e+02, 7.44881714e+02,
    9.09728455e+02, 7.31422668e+02, 1.06850281e+03, 7.53293274e+02,
    1.03481934e+03, 7.40182434e+02, 1.00014844e+03, 7.27084106e+02,
    9.64702209e+02, 7.13115845e+02, 9.28585999e+02, 6.99117859e+02,
    1.08855322e+03, 7.22215332e+02, 1.05480139e+03, 7.08901062e+02,
    1.01993481e+03, 6.94845642e+02, 9.84338867e+02, 6.80631958e+02,
    9.47909424e+02, 6.66112061e+02, 1.10912854e+03, 6.90492981e+02,
    1.07522937e+03, 6.76956360e+02, 1.04016138e+03, 6.62013916e+02,
    1.00443042e+03, 6.47330933e+02, 9.67818359e+02, 6.32291443e+02,
    1.13024951e+03, 6.58188477e+02, 1.09615613e+03, 6.43990662e+02,
    1.06087610e+03, 6.28624512e+02, 1.02501257e+03, 6.13264221e+02,
    9.88223511e+02, 5.97783203e+02, 1.15187854e+03, 6.25048645e+02,
    1.11761523e+03, 6.10258240e+02, 1.08225684e+03, 5.94429199e+02,
    1.04616260e+03, 5.78470703e+02, 1.00919788e+03, 5.62273376e+02,
    1.17407007e+03, 5.91071411e+02, 1.13966504e+03, 5.75720337e+02,
    1.10416541e+03, 5.59338440e+02, 1.06794653e+03, 5.42802002e+02,
    1.03082312e+03, 5.26182190e+02 ]
