%YAML:1.0
points: [ 4.31042938e+02, 9.77191772e+01, 4.18857910e+02, 9.81200867e+01,
    4.06641174e+02, 9.85410538e+01, 3.93919189e+02, 9.90146484e+01,
    3.81224640e+02, 9.95937881e+01, 4.28344727e+02, 8.57565689e+01,
    4.16322388e+02, 8.60630493e+01, 4.04138794e+02, 8.63189316e+01,
    3.91655884e+02, 8.68154755e+01, 3.78919128e+02, 8.73074570e+01,
    4.25675720e+02, 7.40838242e+01, 4.13799744e+02, 7.41917114e+01,
    4.01589508e+02, 7.45174408e+01, 3.89223236e+02, 7.48219070e+01,
    3.76731140e+02, 7.51617813e+01, 4.22934143e+02, 6.25281830e+01,
    4.11290619e+02, 6.24458656e+01, 3.99066040e+02, 6.28457222e+01,
    3.86859009e+02, 6.30178871e+01, 3.74596344e+02, 6.32709389e+01,
    4.20288940e+02, 5.12238007e+01, 4.08767792e+02, 5.10681458e+01,
    3.96701843e+02, 5.13359909e+01, 3.84588379e+02, 5.14401932e+01,
    3.72354889e+02, 5.15229301e+01, 4.17630127e+02, 4.01472931e+01,
    4.06198486e+02, 3.98306618e+01, 3.94308472e+02, 3.99429474e+01,
    3.82268921e+02, 4.00338364e+01, 3.70135101e+02, 4.00066376e+01,
    4.14901337e+02, 2.94547806e+01, 4.03736908e+02, 2.89299335e+01,
    3.91901489e+02, 2.88911629e+01, 3.79998322e+02, 2.87231407e+01,
    3.68081970e+02, 2.85557766e+01 ]
