%YAML:1.0
points: [ 3.17640717e+02, 2.98317169e+02, 3.07515930e+02, 2.94973572e+02,
    2.97203003e+02, 2.91663025e+02, 2.86432983e+02, 2.87971436e+02,
    2.75378937e+02, 2.84342651e+02, 3.25064026e+02, 2.88865631e+02,
    3.15014465e+02, 2.85345245e+02, 3.04619934e+02, 2.81872101e+02,
    2.93823853e+02, 2.78018738e+02, 2.82754547e+02, 2.74136230e+02,
    3.32695801e+02, 2.79194702e+02, 3.22694183e+02, 2.75643433e+02,
    3.12202118e+02, 2.71737427e+02, 3.01425720e+02, 2.67817474e+02,
    2.90330170e+02, 2.63726898e+02, 3.40537292e+02, 2.69338501e+02,
    3.30605438e+02, 2.65696930e+02, 3.19993561e+02, 2.61425201e+02,
    3.09235168e+02, 2.57323578e+02, 2.98128204e+02, 2.53080505e+02,
    3.48607422e+02, 2.59290039e+02, 3.38635864e+02, 2.55445328e+02,
    3.28041321e+02, 2.50989838e+02, 3.17244263e+02, 2.46610291e+02,
    3.06170593e+02, 2.42184494e+02, 3.56914185e+02, 2.48977661e+02,
    3.46925598e+02, 2.44857300e+02, 3.36365173e+02, 2.40292435e+02,
    3.25527161e+02, 2.35668442e+02, 3.14408905e+02, 2.30978256e+02,
    3.65443451e+02, 2.38402008e+02, 3.55464264e+02, 2.34046860e+02,
    3.44939026e+02, 2.29258392e+02, 3.34126099e+02, 2.24454132e+02,
    3.23036530e+02, 2.19599258e+02 ]
