%YAML:1.0
points: [ 1.49868506e+03, 6.37425293e+02, 1.47580884e+03, 6.32738098e+02,
    1.45254053e+03, 6.28068787e+02, 1.42797693e+03, 6.23045227e+02,
    1.40298108e+03, 6.17869751e+02, 1.50628430e+03, 6.02354248e+02,
    1.48377112e+03, 5.97294006e+02, 1.46064636e+03, 5.91813049e+02,
    1.43603320e+03, 5.86246033e+02, 1.41104810e+03, 5.80616760e+02,
    1.51401172e+03, 5.67348206e+02, 1.49204297e+03, 5.61702637e+02,
    1.46829431e+03, 5.55818054e+02, 1.44422314e+03, 5.49569885e+02,
    1.41942664e+03, 5.43252258e+02, 1.52184277e+03, 5.32416931e+02,
    1.50025085e+03, 5.25958923e+02, 1.47634485e+03, 5.19613586e+02,
    1.45246289e+03, 5.12801208e+02, 1.42799829e+03, 5.05745117e+02,
    1.52997229e+03, 4.97284668e+02, 1.50829456e+03, 4.90306488e+02,
    1.48457288e+03, 4.83283997e+02, 1.46087195e+03, 4.75937988e+02,
    1.43656775e+03, 4.68332214e+02, 1.53797375e+03, 4.62040466e+02,
    1.51637354e+03, 4.54553070e+02, 1.49311536e+03, 4.46841492e+02,
    1.46937073e+03, 4.38989166e+02, 1.44529333e+03, 4.30622864e+02,
    1.54608862e+03, 4.26667694e+02, 1.52470435e+03, 4.18604523e+02,
    1.50170459e+03, 4.10339752e+02, 1.47835291e+03, 4.01736237e+02,
    1.45442078e+03, 3.92969269e+02 ]
