%YAML:1.0
points: [ 1.08237695e+03, 8.13383972e+02, 1.05249817e+03, 8.03751953e+02,
    1.02187549e+03, 7.94248413e+02, 9.90143555e+02, 7.83844971e+02,
    9.57545959e+02, 7.73477905e+02, 1.10307593e+03, 7.86211060e+02,
    1.07333765e+03, 7.76254700e+02, 1.04252832e+03, 7.66163452e+02,
    1.01068323e+03, 7.55219666e+02, 9.78095703e+02, 7.44176514e+02,
    1.12427576e+03, 7.58531128e+02, 1.09462744e+03, 7.48361145e+02,
    1.06370850e+03, 7.37171326e+02, 1.03190881e+03, 7.25913879e+02,
    9.99148987e+02, 7.14279053e+02, 1.14610242e+03, 7.30217712e+02,
    1.11650024e+03, 7.19680908e+02, 1.08542908e+03, 7.07611938e+02,
    1.05367603e+03, 6.95871094e+02, 1.02088794e+03, 6.83646790e+02,
    1.16850830e+03, 7.01411194e+02, 1.13885718e+03, 6.90214722e+02,
    1.10778711e+03, 6.77557068e+02, 1.07602100e+03, 6.65056396e+02,
    1.04316357e+03, 6.52429077e+02, 1.19155261e+03, 6.71720215e+02,
    1.16181433e+03, 6.59869690e+02, 1.13078040e+03, 6.46810425e+02,
    1.09895972e+03, 6.33616943e+02, 1.06614551e+03, 6.20121948e+02,
    1.21516064e+03, 6.41350464e+02, 1.18547327e+03, 6.28916992e+02,
    1.15453430e+03, 6.15127014e+02, 1.12278735e+03, 6.01352661e+02,
    1.08984814e+03, 5.87403564e+02 ]
