%YAML:1.0
points: [ 4.64956177e+02, 9.91033478e+01, 4.55143127e+02, 9.92668915e+01,
    4.45183289e+02, 9.94040527e+01, 4.34475861e+02, 9.96673355e+01,
    4.23677216e+02, 9.99129486e+01, 4.61152985e+02, 8.72157211e+01,
    4.51418182e+02, 8.72137833e+01, 4.41445190e+02, 8.70962830e+01,
    4.30898376e+02, 8.73098907e+01, 4.20174652e+02, 8.74845810e+01,
    4.57345978e+02, 7.55443420e+01, 4.47807312e+02, 7.52943039e+01,
    4.37667969e+02, 7.51945343e+01, 4.27313171e+02, 7.51020279e+01,
    4.16500366e+02, 7.49717560e+01, 4.53657684e+02, 6.39717369e+01,
    4.44275665e+02, 6.34926414e+01, 4.34037140e+02, 6.34260216e+01,
    4.23707001e+02, 6.31278458e+01, 4.13100372e+02, 6.28420601e+01,
    4.49983978e+02, 5.28837738e+01, 4.40534546e+02, 5.20510864e+01,
    4.30363495e+02, 5.17625961e+01, 4.20156250e+02, 5.13628387e+01,
    4.09620209e+02, 5.08590927e+01, 4.46191376e+02, 4.17400818e+01,
    4.36890686e+02, 4.09029236e+01, 4.26813873e+02, 4.02936859e+01,
    4.16603699e+02, 3.97278404e+01, 4.06180786e+02, 3.91157532e+01,
    4.42489288e+02, 3.09652138e+01, 4.33224152e+02, 2.98958626e+01,
    4.23282715e+02, 2.92055931e+01, 4.13146851e+02, 2.83444481e+01,
    4.02890442e+02, 2.74158897e+01 ]
