%YAML:1.0
points: [ 2.90374695e+02, 2.72064545e+02, 2.77539612e+02, 2.66676361e+02,
    2.64648163e+02, 2.61302490e+02, 2.51579529e+02, 2.55727615e+02,
    2.38342300e+02, 2.50181503e+02, 2.96966522e+02, 2.60184082e+02,
    2.84027924e+02, 2.54691040e+02, 2.71046356e+02, 2.49219620e+02,
    2.57810181e+02, 2.43555115e+02, 2.44465302e+02, 2.37826202e+02,
    3.03474762e+02, 2.48084366e+02, 2.90450012e+02, 2.42623779e+02,
    2.77373352e+02, 2.36820099e+02, 2.64160919e+02, 2.31119095e+02,
    2.50721924e+02, 2.25295349e+02, 3.10277191e+02, 2.35793411e+02,
    2.97237762e+02, 2.30214890e+02, 2.83960876e+02, 2.24233170e+02,
    2.70609192e+02, 2.18350906e+02, 2.57060272e+02, 2.12403275e+02,
    3.17141144e+02, 2.23279251e+02, 3.04115631e+02, 2.17458572e+02,
    2.90706055e+02, 2.11381378e+02, 2.77177887e+02, 2.05335083e+02,
    2.63609467e+02, 1.99315140e+02, 3.24348602e+02, 2.10375137e+02,
    3.11106720e+02, 2.04421204e+02, 2.97644928e+02, 1.98334473e+02,
    2.83912811e+02, 1.92215424e+02, 2.70225983e+02, 1.86061951e+02,
    3.31668427e+02, 1.97269165e+02, 3.18359161e+02, 1.91237183e+02,
    3.04710388e+02, 1.85012436e+02, 2.90887329e+02, 1.78626816e+02,
    2.77067322e+02, 1.72357666e+02 ]
