%YAML:1.0
points: [ 4.72161774e+02, 1.89309235e+02, 4.62086334e+02, 1.90297104e+02,
    4.51896606e+02, 1.91265457e+02, 4.41006378e+02, 1.92204895e+02,
    4.29958588e+02, 1.93233261e+02, 4.73497955e+02, 1.76274841e+02,
    4.63447449e+02, 1.77035202e+02, 4.53200104e+02, 1.77899490e+02,
    4.42268524e+02, 1.78709656e+02, 4.31118774e+02, 1.79571762e+02,
    4.74808838e+02, 1.63053268e+02, 4.64938599e+02, 1.63691879e+02,
    4.54317657e+02, 1.64318512e+02, 4.43560303e+02, 1.65027206e+02,
    4.32346313e+02, 1.65736420e+02, 4.76134369e+02, 1.49636948e+02,
    4.66391205e+02, 1.50124832e+02, 4.55541138e+02, 1.50555206e+02,
    4.44805695e+02, 1.51082382e+02, 4.33622070e+02, 1.51627731e+02,
    4.77405273e+02, 1.36124329e+02, 4.67719360e+02, 1.36401154e+02,
    4.56916626e+02, 1.36644073e+02, 4.46070648e+02, 1.36959229e+02,
    4.34930237e+02, 1.37340912e+02, 4.78633453e+02, 1.22426109e+02,
    4.68937469e+02, 1.22460350e+02, 4.58291809e+02, 1.22506310e+02,
    4.47336945e+02, 1.22625038e+02, 4.36193420e+02, 1.22777550e+02,
    4.79836853e+02, 1.08472031e+02, 4.70131073e+02, 1.08302345e+02,
    4.59499847e+02, 1.08118103e+02, 4.48698822e+02, 1.08020332e+02,
    4.37633698e+02, 1.08002281e+02 ]
