%YAML:1.0
points: [ 9.99192871e+02, 7.38113525e+02, 9.62030457e+02, 7.22659546e+02,
    9.24506165e+02, 7.07232727e+02, 8.86586365e+02, 6.91276001e+02,
    8.48129639e+02, 6.75367188e+02, 1.01720251e+03, 7.04117737e+02,
    9.79864929e+02, 6.88364563e+02, 9.41938354e+02, 6.72636780e+02,
    9.03741089e+02, 6.56342712e+02, 8.65081726e+02, 6.39918579e+02,
    1.03565698e+03, 6.69350952e+02, 9.98059570e+02, 6.53490173e+02,
    9.59928589e+02, 6.36998962e+02, 9.21341187e+02, 6.20521179e+02,
    8.82361511e+02, 6.03846375e+02, 1.05455713e+03, 6.33974487e+02,
    1.01663080e+03, 6.17867126e+02, 9.78226196e+02, 6.00776123e+02,
    9.39356384e+02, 5.83974487e+02, 9.00040771e+02, 5.66881348e+02,
    1.07386060e+03, 5.97937134e+02, 1.03569104e+03, 5.81388000e+02,
    9.96914917e+02, 5.63940674e+02, 9.57783203e+02, 5.46665283e+02,
    9.18104736e+02, 5.29312927e+02, 1.09358606e+03, 5.61065125e+02,
    1.05516577e+03, 5.44047913e+02, 1.01610956e+03, 5.26406006e+02,
    9.76633911e+02, 5.08634308e+02, 9.36654358e+02, 4.90768951e+02,
    1.11378003e+03, 5.23374207e+02, 1.07510547e+03, 5.05980652e+02,
    1.03573169e+03, 4.87893280e+02, 9.95940308e+02, 4.69733063e+02,
    9.55636841e+02, 4.51521240e+02 ]
