%YAML:1.0
points: [ 1.01051465e+03, 6.08220276e+02, 9.78999695e+02, 5.95874268e+02,
    9.48137939e+02, 5.83994934e+02, 9.18519409e+02, 5.72374817e+02,
    8.89601379e+02, 5.61138611e+02, 1.02043054e+03, 5.73343079e+02,
    9.88386108e+02, 5.61442505e+02, 9.57300659e+02, 5.50092896e+02,
    9.27460022e+02, 5.38883240e+02, 8.98196838e+02, 5.28017700e+02,
    1.03053284e+03, 5.37948853e+02, 9.97894958e+02, 5.26598755e+02,
    9.66732483e+02, 5.15526245e+02, 9.36462219e+02, 5.04875977e+02,
    9.06859436e+02, 4.94412354e+02, 1.04065686e+03, 5.02127930e+02,
    1.00763263e+03, 4.91288147e+02, 9.76266785e+02, 4.80609222e+02,
    9.45467407e+02, 4.70382233e+02, 9.15566162e+02, 4.60418243e+02,
    1.05091675e+03, 4.65911102e+02, 1.01759650e+03, 4.55503113e+02,
    9.85819519e+02, 4.45346436e+02, 9.54727539e+02, 4.35567871e+02,
    9.24330322e+02, 4.25982483e+02, 1.06138721e+03, 4.29116669e+02,
    1.02772144e+03, 4.19192719e+02, 9.95465759e+02, 4.09589600e+02,
    9.64020386e+02, 4.00161804e+02, 9.33346619e+02, 3.91171906e+02,
    1.07200842e+03, 3.91796814e+02, 1.03790491e+03, 3.82359802e+02,
    1.00521173e+03, 3.73232941e+02, 9.73278137e+02, 3.64405457e+02,
    9.42214233e+02, 3.55704773e+02 ]
