%YAML:1.0
points: [ 8.45501343e+02, 6.90438293e+02, 8.12898621e+02, 6.73788147e+02,
    7.80232483e+02, 6.57400085e+02, 7.47895508e+02, 6.40770691e+02,
    7.15517334e+02, 6.24375305e+02, 8.59155212e+02, 6.60626831e+02,
    8.26059937e+02, 6.43869995e+02, 7.93014526e+02, 6.27371704e+02,
    7.60350464e+02, 6.10522766e+02, 7.27611145e+02, 5.93903259e+02,
    8.73180786e+02, 6.30094849e+02, 8.39540161e+02, 6.13332275e+02,
    8.06314514e+02, 5.96343933e+02, 7.73093567e+02, 5.79593689e+02,
    7.39913025e+02, 5.62826294e+02, 8.87558228e+02, 5.98835144e+02,
    8.53281494e+02, 5.82142029e+02, 8.19786072e+02, 5.64687317e+02,
    7.86125061e+02, 5.47838501e+02, 7.52424805e+02, 5.30999573e+02,
    9.02224060e+02, 5.66834045e+02, 8.67598755e+02, 5.49948547e+02,
    8.33613647e+02, 5.32484314e+02, 7.99401550e+02, 5.15343384e+02,
    7.65296692e+02, 4.98442444e+02, 9.17366211e+02, 5.34015381e+02,
    8.82339966e+02, 5.16867065e+02, 8.47669678e+02, 4.99421783e+02,
    8.13161194e+02, 4.82094727e+02, 7.78460144e+02, 4.64963257e+02,
    9.32903870e+02, 5.00296326e+02, 8.97368042e+02, 4.83069092e+02,
    8.62217529e+02, 4.65382935e+02, 8.26997986e+02, 4.47914703e+02,
    7.91915466e+02, 4.30785858e+02 ]
