%YAML:1.0
points: [ 4.62491333e+02, 2.31965210e+02, 4.52464874e+02, 2.33093811e+02,
    4.42459839e+02, 2.34402115e+02, 4.31863922e+02, 2.35450577e+02,
    4.21057617e+02, 2.36708969e+02, 4.66107849e+02, 2.20587219e+02,
    4.56063416e+02, 2.21664642e+02, 4.45958862e+02, 2.22898346e+02,
    4.35313385e+02, 2.23833588e+02, 4.24350891e+02, 2.24920334e+02,
    4.69802063e+02, 2.08981110e+02, 4.59908600e+02, 2.10004166e+02,
    4.49451752e+02, 2.10827057e+02, 4.38801880e+02, 2.11860947e+02,
    4.27787994e+02, 2.12812393e+02, 4.73550171e+02, 1.96993851e+02,
    4.63772156e+02, 1.97962311e+02, 4.53009460e+02, 1.98528671e+02,
    4.42416290e+02, 1.99456436e+02, 4.31312775e+02, 2.00329834e+02,
    4.77464355e+02, 1.84674530e+02, 4.67622498e+02, 1.85494675e+02,
    4.56803162e+02, 1.86062119e+02, 4.46050476e+02, 1.86685974e+02,
    4.35001862e+02, 1.87477768e+02, 4.81443115e+02, 1.72049515e+02,
    4.71523346e+02, 1.72657059e+02, 4.60775391e+02, 1.73108505e+02,
    4.49941284e+02, 1.73557617e+02, 4.38735199e+02, 1.74257462e+02,
    4.85448578e+02, 1.58953003e+02, 4.75565735e+02, 1.59407120e+02,
    4.64790985e+02, 1.59696091e+02, 4.53880402e+02, 1.60109360e+02,
    4.42782867e+02, 1.60618195e+02 ]
