%YAML:1.0
points: [ 2.34794128e+02, 2.55432724e+02, 2.23447266e+02, 2.49666733e+02,
    2.12041183e+02, 2.43979599e+02, 2.00756821e+02, 2.38212585e+02,
    1.89443924e+02, 2.32537018e+02, 2.39785736e+02, 2.45079239e+02,
    2.28275528e+02, 2.39256149e+02, 2.16730179e+02, 2.33569672e+02,
    2.05325394e+02, 2.27715988e+02, 1.93851471e+02, 2.21892395e+02,
    2.44882828e+02, 2.34467117e+02, 2.33129913e+02, 2.28663513e+02,
    2.21604080e+02, 2.22772430e+02, 2.09913712e+02, 2.16910675e+02,
    1.98384521e+02, 2.11103317e+02, 2.50074036e+02, 2.23626633e+02,
    2.38148865e+02, 2.17781525e+02, 2.26551712e+02, 2.11773483e+02,
    2.14714798e+02, 2.05852264e+02, 2.02926498e+02, 1.99964798e+02,
    2.55452148e+02, 2.12558395e+02, 2.43434784e+02, 2.06627991e+02,
    2.31580811e+02, 2.00596970e+02, 2.19650772e+02, 1.94637344e+02,
    2.07690582e+02, 1.88723648e+02, 2.60919312e+02, 2.01018723e+02,
    2.48709808e+02, 1.95071442e+02, 2.36673248e+02, 1.89025116e+02,
    2.24605270e+02, 1.82984192e+02, 2.12531967e+02, 1.77030975e+02,
    2.66513794e+02, 1.89357086e+02, 2.54184616e+02, 1.83346634e+02,
    2.41972305e+02, 1.77230621e+02, 2.29712067e+02, 1.71154816e+02,
    2.17366776e+02, 1.65175339e+02 ]
