%YAML:1.0
points: [ 1.03359973e+03, 3.35634735e+02, 1.00766772e+03, 3.13037781e+02,
    9.82235779e+02, 2.90823059e+02, 9.57743958e+02, 2.69551483e+02,
    9.33767273e+02, 2.48636948e+02, 1.06129199e+03, 3.07144531e+02,
    1.03476624e+03, 2.84770233e+02, 1.00900861e+03, 2.62987488e+02,
    9.84113770e+02, 2.42038696e+02, 9.59754333e+02, 2.21410034e+02,
    1.08912439e+03, 2.78466431e+02, 1.06206311e+03, 2.56209991e+02,
    1.03597559e+03, 2.34983368e+02, 1.01061285e+03, 2.14239136e+02,
    9.85800720e+02, 1.93846069e+02, 1.11708350e+03, 2.49551361e+02,
    1.08957239e+03, 2.27498367e+02, 1.06307727e+03, 2.06870834e+02,
    1.03720117e+03, 1.86316925e+02, 1.01196100e+03, 1.66173782e+02,
    1.14530652e+03, 2.20406601e+02, 1.11743005e+03, 1.98701828e+02,
    1.09038245e+03, 1.78370255e+02, 1.06401135e+03, 1.58106812e+02,
    1.03834570e+03, 1.38206085e+02, 1.17372046e+03, 1.91023621e+02,
    1.14543188e+03, 1.69689636e+02, 1.11791772e+03, 1.49586899e+02,
    1.09105518e+03, 1.29695190e+02, 1.06496216e+03, 1.10118477e+02,
    1.20239648e+03, 1.61440323e+02, 1.17359521e+03, 1.40321487e+02,
    1.14552087e+03, 1.20561447e+02, 1.11817725e+03, 1.00915642e+02,
    1.09166028e+03, 8.14652023e+01 ]
