%YAML:1.0
points: [ 9.33531433e+02, 5.45518311e+02, 9.15882141e+02, 5.23561890e+02,
    8.98273682e+02, 5.01894867e+02, 8.81165283e+02, 4.80316925e+02,
    8.63995789e+02, 4.59054016e+02, 9.49718445e+02, 5.27841309e+02,
    9.31639526e+02, 5.05609131e+02, 9.13655518e+02, 4.83786133e+02,
    8.96182312e+02, 4.61992889e+02, 8.78810242e+02, 4.40381317e+02,
    9.66492737e+02, 5.09643127e+02, 9.47779480e+02, 4.87218933e+02,
    9.29818176e+02, 4.64908264e+02, 9.11783203e+02, 4.43002930e+02,
    8.93971008e+02, 4.21207764e+02, 9.83724854e+02, 4.90789124e+02,
    9.64465088e+02, 4.68258026e+02, 9.46311707e+02, 4.45478638e+02,
    9.27870544e+02, 4.23332092e+02, 9.09600037e+02, 4.01355286e+02,
    1.00150018e+03, 4.71358856e+02, 9.81962585e+02, 4.48622955e+02,
    9.63230713e+02, 4.25604187e+02, 9.44489868e+02, 4.03137665e+02,
    9.25705750e+02, 3.81008026e+02, 1.01992255e+03, 4.51271667e+02,
    9.99941162e+02, 4.28266052e+02, 9.80737366e+02, 4.05133484e+02,
    9.61619812e+02, 3.82269592e+02, 9.42332153e+02, 3.59900909e+02,
    1.03898181e+03, 4.30525665e+02, 1.01856952e+03, 4.07284393e+02,
    9.98838623e+02, 3.83802948e+02, 9.79062195e+02, 3.60744110e+02,
    9.59442017e+02, 3.38139282e+02 ]
