%YAML:1.0
points: [ 4.19402863e+02, 2.32002350e+02, 4.06992279e+02, 2.32238190e+02,
    3.94607117e+02, 2.32591141e+02, 3.81939789e+02, 2.32789047e+02,
    3.69324036e+02, 2.33087219e+02, 4.21977722e+02, 2.20577103e+02,
    4.09448944e+02, 2.20818405e+02, 3.96865692e+02, 2.21164536e+02,
    3.84041870e+02, 2.21340622e+02, 3.71205963e+02, 2.21589432e+02,
    4.24650299e+02, 2.08769150e+02, 4.12044464e+02, 2.09082092e+02,
    3.99160583e+02, 2.09286392e+02, 3.86215454e+02, 2.09543793e+02,
    3.73208679e+02, 2.09762894e+02, 4.27411102e+02, 1.96651718e+02,
    4.14721741e+02, 1.96976776e+02, 4.01562195e+02, 1.97020752e+02,
    3.88455811e+02, 1.97302048e+02, 3.75298950e+02, 1.97557327e+02,
    4.30313293e+02, 1.84168259e+02, 4.17409363e+02, 1.84504196e+02,
    4.04131409e+02, 1.84548950e+02, 3.90823364e+02, 1.84748611e+02,
    3.77476227e+02, 1.84995178e+02, 4.33242157e+02, 1.71334518e+02,
    4.20225983e+02, 1.71574005e+02, 4.06784546e+02, 1.71676926e+02,
    3.93263397e+02, 1.71813568e+02, 3.79708954e+02, 1.72035248e+02,
    4.36266327e+02, 1.58126892e+02, 4.23108948e+02, 1.58286926e+02,
    4.09480103e+02, 1.58319565e+02, 3.95865509e+02, 1.58425034e+02,
    3.82153381e+02, 1.58714233e+02 ]
