%YAML:1.0
points: [ 3.95694763e+02, 2.90349243e+02, 3.84394836e+02, 2.86371918e+02,
    3.72910828e+02, 2.82374481e+02, 3.60637390e+02, 2.78052277e+02,
    3.48130829e+02, 2.73545746e+02, 4.03276489e+02, 2.76456482e+02,
    3.92177643e+02, 2.72283447e+02, 3.80675964e+02, 2.67992462e+02,
    3.68475739e+02, 2.63358124e+02, 3.55983368e+02, 2.58596741e+02,
    4.10947113e+02, 2.62488678e+02, 4.00091492e+02, 2.58078308e+02,
    3.88436829e+02, 2.53389923e+02, 3.76460541e+02, 2.48525024e+02,
    3.64019562e+02, 2.43481247e+02, 4.18740753e+02, 2.48344528e+02,
    4.08118500e+02, 2.43720352e+02, 3.96368713e+02, 2.38642517e+02,
    3.84535034e+02, 2.33484665e+02, 3.72234985e+02, 2.28175171e+02,
    4.26667145e+02, 2.34017578e+02, 4.16114410e+02, 2.29110947e+02,
    4.04511230e+02, 2.23770554e+02, 3.92727814e+02, 2.18298920e+02,
    3.80596588e+02, 2.12654419e+02, 4.34682465e+02, 2.19556763e+02,
    4.24220947e+02, 2.14291946e+02, 4.12855377e+02, 2.08676102e+02,
    4.01129181e+02, 2.02858215e+02, 3.89068359e+02, 1.96894043e+02,
    4.42795929e+02, 2.04827286e+02, 4.32429962e+02, 1.99283493e+02,
    4.21250061e+02, 1.93317352e+02, 4.09755219e+02, 1.87249771e+02,
    3.97838135e+02, 1.80967560e+02 ]
