%YAML:1.0
points: [ 1.29429163e+03, 7.90675354e+02, 1.26060059e+03, 7.79083496e+02,
    1.22602771e+03, 7.67473938e+02, 1.18985168e+03, 7.54911316e+02,
    1.15268372e+03, 7.42188416e+02, 1.31555713e+03, 7.50947632e+02,
    1.28229700e+03, 7.38757690e+02, 1.24786023e+03, 7.26220520e+02,
    1.21176990e+03, 7.12845947e+02, 1.17472876e+03, 6.99270508e+02,
    1.33716003e+03, 7.10789124e+02, 1.30442371e+03, 6.98067932e+02,
    1.26974402e+03, 6.84423706e+02, 1.23407446e+03, 6.70407043e+02,
    1.19719165e+03, 6.55954468e+02, 1.35924341e+03, 6.70264526e+02,
    1.32692627e+03, 6.56798584e+02, 1.29207703e+03, 6.42193970e+02,
    1.25669250e+03, 6.27413025e+02, 1.22017480e+03, 6.12057007e+02,
    1.38183813e+03, 6.29311768e+02, 1.34955115e+03, 6.14977051e+02,
    1.31490796e+03, 5.99540039e+02, 1.27971887e+03, 5.83842590e+02,
    1.24347913e+03, 5.67672363e+02, 1.40468933e+03, 5.87733765e+02,
    1.37254456e+03, 5.72522034e+02, 1.33831824e+03, 5.56333862e+02,
    1.30318372e+03, 5.39773926e+02, 1.26728186e+03, 5.22581787e+02,
    1.42799817e+03, 5.45585266e+02, 1.39611157e+03, 5.29542908e+02,
    1.36219006e+03, 5.12535950e+02, 1.32748999e+03, 4.95100433e+02,
    1.29170581e+03, 4.77057037e+02 ]
