%YAML:1.0
points: [ 8.88837891e+02, 5.04479553e+02, 8.74733826e+02, 4.82370117e+02,
    8.60537720e+02, 4.60615967e+02, 8.47071106e+02, 4.39112762e+02,
    8.33522522e+02, 4.18023590e+02, 9.03714417e+02, 4.86852722e+02,
    8.89156921e+02, 4.64405945e+02, 8.74640076e+02, 4.42601715e+02,
    8.60826660e+02, 4.20886322e+02, 8.47079102e+02, 3.99549469e+02,
    9.19150269e+02, 4.68546234e+02, 9.03927246e+02, 4.46002716e+02,
    8.89499146e+02, 4.23723877e+02, 8.75109680e+02, 4.02041809e+02,
    8.60927795e+02, 3.80527679e+02, 9.35010437e+02, 4.49655762e+02,
    9.19158630e+02, 4.27063965e+02, 9.04673157e+02, 4.04438019e+02,
    8.89847229e+02, 3.82483948e+02, 8.75174133e+02, 3.60792236e+02,
    9.51323364e+02, 4.30174744e+02, 9.35195496e+02, 4.07383209e+02,
    9.20159241e+02, 3.84641479e+02, 9.05007812e+02, 3.62350830e+02,
    8.89894104e+02, 3.40527130e+02, 9.68211853e+02, 4.10020203e+02,
    9.51768250e+02, 3.87003601e+02, 9.36158813e+02, 3.64129944e+02,
    9.20653381e+02, 3.41527435e+02, 9.05101685e+02, 3.19514069e+02,
    9.85810730e+02, 3.89150970e+02, 9.68802795e+02, 3.65941010e+02,
    9.52724854e+02, 3.42780884e+02, 9.36582581e+02, 3.19945587e+02,
    9.20646240e+02, 2.97784119e+02 ]
