%YAML:1.0
points: [ 1.29906738e+03, 8.74424316e+02, 1.26580151e+03, 8.69329102e+02,
    1.23169006e+03, 8.64461792e+02, 1.19605908e+03, 8.58756592e+02,
    1.15939612e+03, 8.53248962e+02, 1.31763977e+03, 8.37334106e+02,
    1.28461304e+03, 8.31725952e+02, 1.25042285e+03, 8.26053040e+02,
    1.21466846e+03, 8.19731201e+02, 1.17797559e+03, 8.13403564e+02,
    1.33656323e+03, 7.99732056e+02, 1.30392590e+03, 7.93683838e+02,
    1.26937451e+03, 7.86787964e+02, 1.23380701e+03, 7.79909912e+02,
    1.19709790e+03, 7.72901062e+02, 1.35607666e+03, 7.61427185e+02,
    1.32364563e+03, 7.54797485e+02, 1.28879688e+03, 7.46943665e+02,
    1.25335107e+03, 7.39343689e+02, 1.21677100e+03, 7.31489868e+02,
    1.37617896e+03, 7.22454834e+02, 1.34358215e+03, 7.15100403e+02,
    1.30882178e+03, 7.06473389e+02, 1.27337549e+03, 6.98072632e+02,
    1.23684875e+03, 6.89542358e+02, 1.39662329e+03, 6.82750671e+02,
    1.36401965e+03, 6.74510925e+02, 1.32946899e+03, 6.65288818e+02,
    1.29396802e+03, 6.56019043e+02, 1.25746545e+03, 6.46482056e+02,
    1.41760217e+03, 6.42209656e+02, 1.38508813e+03, 6.33230957e+02,
    1.35068518e+03, 6.23182129e+02, 1.31542102e+03, 6.13107544e+02,
    1.27892163e+03, 6.02937439e+02 ]
