%YAML:1.0
points: [ 3.95907257e+02, 2.30840012e+02, 3.82962982e+02, 2.30664444e+02,
    3.70143066e+02, 2.30570053e+02, 3.57245514e+02, 2.30348801e+02,
    3.44445374e+02, 2.30205383e+02, 3.97863403e+02, 2.19465088e+02,
    3.84779510e+02, 2.19329803e+02, 3.71740631e+02, 2.19306641e+02,
    3.58647827e+02, 2.19100922e+02, 3.45630676e+02, 2.18959885e+02,
    3.99898956e+02, 2.07750595e+02, 3.86660339e+02, 2.07739151e+02,
    3.73334595e+02, 2.07592514e+02, 3.60104309e+02, 2.07484146e+02,
    3.46905365e+02, 2.07368256e+02, 4.02017548e+02, 1.95692047e+02,
    3.88633118e+02, 1.95761475e+02, 3.75070892e+02, 1.95556107e+02,
    3.61639832e+02, 1.95496902e+02, 3.48252563e+02, 1.95452271e+02,
    4.04219849e+02, 1.83327194e+02, 3.90630676e+02, 1.83398682e+02,
    3.76887634e+02, 1.83210403e+02, 3.63213440e+02, 1.83142334e+02,
    3.49654510e+02, 1.83160812e+02, 4.06487274e+02, 1.70537491e+02,
    3.92708405e+02, 1.70596130e+02, 3.78790436e+02, 1.70521149e+02,
    3.64921356e+02, 1.70473129e+02, 3.51138092e+02, 1.70483871e+02,
    4.08852081e+02, 1.57335831e+02, 3.94859467e+02, 1.57440018e+02,
    3.80740448e+02, 1.57352234e+02, 3.66667786e+02, 1.57362595e+02,
    3.52698181e+02, 1.57470810e+02 ]
