%YAML:1.0
points: [ 3.96113647e+02, 3.19231720e+02, 3.85012054e+02, 3.17585999e+02,
    3.73678955e+02, 3.15991425e+02, 3.61645782e+02, 3.14095856e+02,
    3.49322296e+02, 3.12220673e+02, 4.02793610e+02, 3.06350433e+02,
    3.91841248e+02, 3.04510071e+02, 3.80444244e+02, 3.02677307e+02,
    3.68422516e+02, 3.00495972e+02, 3.56073822e+02, 2.98329926e+02,
    4.09626831e+02, 2.93306885e+02, 3.98834686e+02, 2.91302094e+02,
    3.87269989e+02, 2.88992889e+02, 3.75364502e+02, 2.86668854e+02,
    3.62992462e+02, 2.84218475e+02, 4.16674408e+02, 2.79936615e+02,
    4.06044830e+02, 2.77798828e+02, 3.94288055e+02, 2.75094574e+02,
    3.82430389e+02, 2.72529633e+02, 3.70121796e+02, 2.69800629e+02,
    4.23827759e+02, 2.66405670e+02, 4.13225708e+02, 2.63966553e+02,
    4.01519379e+02, 2.61012512e+02, 3.89672180e+02, 2.58109772e+02,
    3.77423737e+02, 2.55178345e+02, 4.31154449e+02, 2.52613525e+02,
    4.20531555e+02, 2.49836411e+02, 4.09041260e+02, 2.46643021e+02,
    3.97129730e+02, 2.43439957e+02, 3.84876038e+02, 2.40177429e+02,
    4.38562439e+02, 2.38448746e+02, 4.28067169e+02, 2.35386581e+02,
    4.16634399e+02, 2.31927322e+02, 4.04865601e+02, 2.28448318e+02,
    3.92747864e+02, 2.24964340e+02 ]
