%YAML:1.0
points: [ 1.37967297e+03, 8.00708313e+02, 1.34457483e+03, 8.01867554e+02,
    1.30871448e+03, 8.03456482e+02, 1.27116187e+03, 8.04471069e+02,
    1.23264246e+03, 8.05903564e+02, 1.39205237e+03, 7.60262573e+02,
    1.35704871e+03, 7.60927368e+02, 1.32083081e+03, 7.61741943e+02,
    1.28296143e+03, 7.62151428e+02, 1.24425183e+03, 7.62780334e+02,
    1.40477930e+03, 7.19082153e+02, 1.36998010e+03, 7.19268372e+02,
    1.33312000e+03, 7.19022217e+02, 1.29525464e+03, 7.18879822e+02,
    1.25625525e+03, 7.18859741e+02, 1.41802917e+03, 6.77007629e+02,
    1.38322461e+03, 6.76643005e+02, 1.34582800e+03, 6.75408813e+02,
    1.30789685e+03, 6.74634277e+02, 1.26877869e+03, 6.73783936e+02,
    1.43179907e+03, 6.34005981e+02, 1.39663098e+03, 6.32930115e+02,
    1.35908179e+03, 6.31005371e+02, 1.32090430e+03, 6.29372864e+02,
    1.28164661e+03, 6.27941895e+02, 1.44581042e+03, 5.90002808e+02,
    1.41043335e+03, 5.88058899e+02, 1.37287537e+03, 5.85569641e+02,
    1.33445056e+03, 5.83025452e+02, 1.29489966e+03, 5.80582275e+02,
    1.46032654e+03, 5.44912292e+02, 1.42481982e+03, 5.42232605e+02,
    1.38725085e+03, 5.38801392e+02, 1.34870728e+03, 5.35519348e+02,
    1.30903040e+03, 5.32506348e+02 ]
