%YAML:1.0
points: [ 4.28721954e+02, 2.10758286e+02, 4.16214325e+02, 2.16864578e+02,
    4.03996887e+02, 2.22909424e+02, 3.91826141e+02, 2.28716034e+02,
    3.79891113e+02, 2.34467911e+02, 4.23589478e+02, 2.00583618e+02,
    4.11015625e+02, 2.06809067e+02, 3.98629639e+02, 2.13062256e+02,
    3.86366333e+02, 2.19045441e+02, 3.74372864e+02, 2.24963333e+02,
    4.18352081e+02, 1.90052673e+02, 4.05707245e+02, 1.96644745e+02,
    3.93148560e+02, 2.02872940e+02, 3.80845856e+02, 2.09108871e+02,
    3.68735260e+02, 2.15192734e+02, 4.13029572e+02, 1.79385468e+02,
    4.00284729e+02, 1.86188995e+02, 3.87525940e+02, 1.92563873e+02,
    3.75152008e+02, 1.98941269e+02, 3.62966125e+02, 2.05227890e+02,
    4.07555908e+02, 1.68440735e+02, 3.94697205e+02, 1.75404160e+02,
    3.81890350e+02, 1.81977921e+02, 3.69349426e+02, 1.88605148e+02,
    3.57138855e+02, 1.95068283e+02, 4.01958527e+02, 1.57230392e+02,
    3.88986725e+02, 1.64385864e+02, 3.76107300e+02, 1.71232849e+02,
    3.63446259e+02, 1.77964996e+02, 3.51143311e+02, 1.84675430e+02,
    3.96182343e+02, 1.45740524e+02, 3.83138123e+02, 1.53107544e+02,
    3.70145081e+02, 1.60150345e+02, 3.57425873e+02, 1.67150482e+02,
    3.45082611e+02, 1.74061737e+02 ]
