%YAML:1.0
points: [ 4.24547913e+02, 2.93450409e+02, 4.12920898e+02, 2.93999481e+02,
    4.01035065e+02, 2.94703430e+02, 3.88398376e+02, 2.95144348e+02,
    3.75449768e+02, 2.95723022e+02, 4.29165283e+02, 2.79475952e+02,
    4.17565552e+02, 2.79792847e+02, 4.05585052e+02, 2.80220551e+02,
    3.92893433e+02, 2.80445618e+02, 3.79818359e+02, 2.80717743e+02,
    4.33877136e+02, 2.65132629e+02, 4.22416504e+02, 2.65318970e+02,
    4.10142914e+02, 2.65330658e+02, 3.97472382e+02, 2.65389832e+02,
    3.84325409e+02, 2.65415558e+02, 4.38675293e+02, 2.50518372e+02,
    4.27393982e+02, 2.50531906e+02, 4.14852814e+02, 2.50125092e+02,
    4.02220581e+02, 2.49909424e+02, 3.89071136e+02, 2.49634857e+02,
    4.43620728e+02, 2.35591339e+02, 4.32322906e+02, 2.35295105e+02,
    4.19790039e+02, 2.34666275e+02, 4.07048920e+02, 2.34164993e+02,
    3.93902496e+02, 2.33652390e+02, 4.48706726e+02, 2.20247314e+02,
    4.37357147e+02, 2.19698517e+02, 4.24937988e+02, 2.18803787e+02,
    4.12070343e+02, 2.17985001e+02, 3.98851868e+02, 2.17153305e+02,
    4.53899567e+02, 2.04540359e+02, 4.42563141e+02, 2.03697327e+02,
    4.30108124e+02, 2.02501205e+02, 4.17345825e+02, 2.01355179e+02,
    4.04160614e+02, 2.00334351e+02 ]
