%YAML:1.0
points: [ 8.94140442e+02, 5.11466675e+02, 8.79601013e+02, 4.89707794e+02,
    8.65035095e+02, 4.68344879e+02, 8.51157043e+02, 4.47186890e+02,
    8.37326233e+02, 4.26496613e+02, 9.08610840e+02, 4.93311859e+02,
    8.93652283e+02, 4.71259399e+02, 8.78745789e+02, 4.49849243e+02,
    8.64581116e+02, 4.28580414e+02, 8.50422119e+02, 4.07679932e+02,
    9.23680359e+02, 4.74564880e+02, 9.08035278e+02, 4.52396881e+02,
    8.93203918e+02, 4.30565552e+02, 8.78438049e+02, 4.09313507e+02,
    8.63921570e+02, 3.88257233e+02, 9.39162598e+02, 4.55179321e+02,
    9.22838501e+02, 4.33016937e+02, 9.07991455e+02, 4.10850494e+02,
    8.92757996e+02, 3.89371338e+02, 8.77718079e+02, 3.68109009e+02,
    9.55094482e+02, 4.35167938e+02, 9.38500000e+02, 4.12855011e+02,
    9.23059387e+02, 3.90567719e+02, 9.07485901e+02, 3.68741974e+02,
    8.91995300e+02, 3.47444885e+02, 9.71596436e+02, 4.14515198e+02,
    9.54669739e+02, 3.92008850e+02, 9.38627625e+02, 3.69598694e+02,
    9.22681641e+02, 3.47511627e+02, 9.06769043e+02, 3.26013885e+02,
    9.88661255e+02, 3.93102753e+02, 9.71248962e+02, 3.70420990e+02,
    9.54720093e+02, 3.47747192e+02, 9.38160278e+02, 3.25457397e+02,
    9.21813416e+02, 3.03818146e+02 ]
