%YAML:1.0
points: [ 1.21451062e+03, 7.81633789e+02, 1.17471545e+03, 7.79497192e+02,
    1.13440417e+03, 7.77689270e+02, 1.09307178e+03, 7.75313477e+02,
    1.05109583e+03, 7.73232178e+02, 1.22466956e+03, 7.42854919e+02,
    1.18468311e+03, 7.40505920e+02, 1.14394629e+03, 7.38160400e+02,
    1.10219312e+03, 7.35459045e+02, 1.05980542e+03, 7.32828796e+02,
    1.23516113e+03, 7.03335022e+02, 1.19503052e+03, 7.00716309e+02,
    1.15370496e+03, 6.97641663e+02, 1.11164026e+03, 6.94669983e+02,
    1.06884119e+03, 6.91690186e+02, 1.24603662e+03, 6.62853088e+02,
    1.20562061e+03, 6.60040161e+02, 1.16372583e+03, 6.56243896e+02,
    1.12139343e+03, 6.52904602e+02, 1.07823914e+03, 6.49462158e+02,
    1.25725439e+03, 6.21530151e+02, 1.21645068e+03, 6.18188660e+02,
    1.17414539e+03, 6.14015137e+02, 1.13140979e+03, 6.10116577e+02,
    1.08780762e+03, 6.06380371e+02, 1.26879517e+03, 5.79118225e+02,
    1.22755066e+03, 5.75297241e+02, 1.18497266e+03, 5.70745544e+02,
    1.14175049e+03, 5.66316650e+02, 1.09773462e+03, 5.61937500e+02,
    1.28067920e+03, 5.35689575e+02, 1.23907959e+03, 5.31375549e+02,
    1.19615063e+03, 5.26318848e+02, 1.15257495e+03, 5.21431580e+02,
    1.10812415e+03, 5.16724243e+02 ]
