%YAML:1.0
points: [ 9.40887512e+02, 5.58733215e+02, 9.21416382e+02, 5.34579346e+02,
    9.01883850e+02, 5.10570648e+02, 8.82702026e+02, 4.86496246e+02,
    8.63360779e+02, 4.62561432e+02, 9.61491882e+02, 5.41030640e+02,
    9.41732056e+02, 5.16583984e+02, 9.21802979e+02, 4.92298676e+02,
    9.02334167e+02, 4.67871948e+02, 8.82837891e+02, 4.43634247e+02,
    9.82811829e+02, 5.22882141e+02, 9.62501831e+02, 4.98137207e+02,
    9.42614624e+02, 4.73294769e+02, 9.22642334e+02, 4.48775208e+02,
    9.02720276e+02, 4.24118103e+02, 1.00478998e+03, 5.04155151e+02,
    9.83945190e+02, 4.79269318e+02, 9.63942566e+02, 4.53936279e+02,
    9.43542969e+02, 4.28973755e+02, 9.23209717e+02, 4.04001099e+02,
    1.02730444e+03, 4.84962067e+02, 1.00624451e+03, 4.59713531e+02,
    9.85723877e+02, 4.34049255e+02, 9.65035461e+02, 4.08623566e+02,
    9.44311768e+02, 3.83421509e+02, 1.05055676e+03, 4.65136688e+02,
    1.02918237e+03, 4.39450928e+02, 1.00822205e+03, 4.13521606e+02,
    9.87249207e+02, 3.87700928e+02, 9.66089783e+02, 3.62119659e+02,
    1.07467200e+03, 4.44614716e+02, 1.05289148e+03, 4.18603149e+02,
    1.03154749e+03, 3.92298431e+02, 1.01004272e+03, 3.66130219e+02,
    9.88521301e+02, 3.40201202e+02 ]
