%YAML:1.0
points: [ 3.66775055e+02, 2.87305695e+02, 3.53111389e+02, 2.86540222e+02,
    3.39274811e+02, 2.85926270e+02, 3.25026794e+02, 2.85100037e+02,
    3.10584961e+02, 2.84324646e+02, 3.70587555e+02, 2.73798218e+02,
    3.56836151e+02, 2.72962433e+02, 3.42847107e+02, 2.72176910e+02,
    3.28463501e+02, 2.71208099e+02, 3.13857086e+02, 2.70240234e+02,
    3.74539154e+02, 2.60031860e+02, 3.60723755e+02, 2.59121033e+02,
    3.46450043e+02, 2.58037384e+02, 3.32010284e+02, 2.56996063e+02,
    3.17262390e+02, 2.55918137e+02, 3.78590149e+02, 2.45889999e+02,
    3.64735565e+02, 2.44924652e+02, 3.50242340e+02, 2.43569214e+02,
    3.35658173e+02, 2.42389175e+02, 3.20793121e+02, 2.41193192e+02,
    3.82824677e+02, 2.31462021e+02, 3.68811920e+02, 2.30329742e+02,
    3.54196686e+02, 2.28846237e+02, 3.39427887e+02, 2.27499405e+02,
    3.24494995e+02, 2.26179337e+02, 3.87139191e+02, 2.16665421e+02,
    3.72990417e+02, 2.15343842e+02, 3.58317535e+02, 2.13775803e+02,
    3.43351379e+02, 2.12229019e+02, 3.28216827e+02, 2.10740097e+02,
    3.91601135e+02, 2.01482788e+02, 3.77387329e+02, 1.99944443e+02,
    3.62537964e+02, 1.98234711e+02, 3.47483215e+02, 1.96560440e+02,
    3.32198975e+02, 1.94920609e+02 ]
