%YAML:1.0
points: [ 4.46643524e+02, 1.95996933e+02, 4.34597626e+02, 2.02881393e+02,
    4.22711761e+02, 2.09780640e+02, 4.10748718e+02, 2.16531250e+02,
    3.98943848e+02, 2.23167053e+02, 4.41538879e+02, 1.85443863e+02,
    4.29396545e+02, 1.92492828e+02, 4.17371918e+02, 1.99525162e+02,
    4.05305420e+02, 2.06326340e+02, 3.93385864e+02, 2.13111008e+02,
    4.36328735e+02, 1.74610443e+02, 4.24170135e+02, 1.81863327e+02,
    4.11907684e+02, 1.88873108e+02, 3.99775665e+02, 1.95897583e+02,
    3.87723694e+02, 2.02853439e+02, 4.31033844e+02, 1.63517059e+02,
    4.18779083e+02, 1.70996155e+02, 4.06275970e+02, 1.78109299e+02,
    3.94078003e+02, 1.85314255e+02, 3.81943756e+02, 1.92410873e+02,
    4.25581390e+02, 1.52217651e+02, 4.13242432e+02, 1.59797806e+02,
    4.00623993e+02, 1.67137787e+02, 3.88255615e+02, 1.74457291e+02,
    3.76089905e+02, 1.81747131e+02, 4.20077362e+02, 1.40626053e+02,
    4.07515320e+02, 1.48338959e+02, 3.94894196e+02, 1.55899933e+02,
    3.82351196e+02, 1.63349686e+02, 3.70076904e+02, 1.70831406e+02,
    4.14302704e+02, 1.28790787e+02, 4.01714661e+02, 1.36648804e+02,
    3.88972778e+02, 1.44313644e+02, 3.76329987e+02, 1.52050934e+02,
    3.64045959e+02, 1.59662216e+02 ]
