%YAML:1.0
points: [ 1.05979675e+03, 7.53316528e+02, 1.01960938e+03, 7.48261658e+02,
    9.79217163e+02, 7.43492310e+02, 9.38569336e+02, 7.38269836e+02,
    8.97659302e+02, 7.33254883e+02, 1.06739929e+03, 7.16828064e+02,
    1.02682471e+03, 7.11707031e+02, 9.85921448e+02, 7.06817139e+02,
    9.44804199e+02, 7.01422852e+02, 9.03507812e+02, 6.96163147e+02,
    1.07527087e+03, 6.79518188e+02, 1.03426599e+03, 6.74499451e+02,
    9.92921387e+02, 6.68977905e+02, 9.51292969e+02, 6.63629517e+02,
    9.09449341e+02, 6.58279419e+02, 1.08334265e+03, 6.41363892e+02,
    1.04185840e+03, 6.36348816e+02, 1.00003632e+03, 6.30438477e+02,
    9.57949951e+02, 6.24956299e+02, 9.15554626e+02, 6.19392090e+02,
    1.09169446e+03, 6.02323181e+02, 1.04975903e+03, 5.97048157e+02,
    1.00734192e+03, 5.90969055e+02, 9.64727051e+02, 5.85223755e+02,
    9.21857300e+02, 5.79645630e+02, 1.10026221e+03, 5.62269226e+02,
    1.05783240e+03, 5.56762024e+02, 1.01489862e+03, 5.50652588e+02,
    9.71794373e+02, 5.44601562e+02, 9.28361145e+02, 5.38767578e+02,
    1.10903809e+03, 5.21145569e+02, 1.06610083e+03, 5.15429565e+02,
    1.02271478e+03, 5.09148254e+02, 9.79070190e+02, 5.02998962e+02,
    9.35063293e+02, 4.97001099e+02 ]
