%YAML:1.0
points: [ 3.11477234e+02, 2.77432831e+02, 2.97461792e+02, 2.75653137e+02,
    2.83511719e+02, 2.73924652e+02, 2.69417297e+02, 2.72068024e+02,
    2.55263519e+02, 2.70366394e+02, 3.14344788e+02, 2.64685120e+02,
    3.00246399e+02, 2.62845856e+02, 2.86146820e+02, 2.61107391e+02,
    2.71931671e+02, 2.59225433e+02, 2.57495331e+02, 2.57461761e+02,
    3.17309479e+02, 2.51700958e+02, 3.03109283e+02, 2.49855591e+02,
    2.88723938e+02, 2.47909393e+02, 2.74334045e+02, 2.46078018e+02,
    2.59874237e+02, 2.44216476e+02, 3.20356659e+02, 2.38369980e+02,
    3.06064941e+02, 2.36630981e+02, 2.91401672e+02, 2.34562469e+02,
    2.76908264e+02, 2.32629990e+02, 2.62237152e+02, 2.30689438e+02,
    3.23496246e+02, 2.24811279e+02, 3.09032684e+02, 2.22958298e+02,
    2.94287811e+02, 2.20846115e+02, 2.79442780e+02, 2.18879700e+02,
    2.64711731e+02, 2.16938873e+02, 3.26806885e+02, 2.10848969e+02,
    3.12097839e+02, 2.08997650e+02, 2.97207458e+02, 2.06843872e+02,
    2.82215332e+02, 2.04626678e+02, 2.67265503e+02, 2.02645599e+02,
    3.30170746e+02, 1.96422989e+02, 3.15271454e+02, 1.94442703e+02,
    3.00189301e+02, 1.92308975e+02, 2.84975739e+02, 1.90224472e+02,
    2.69832123e+02, 1.88211624e+02 ]
