%YAML:1.0
points: [ 4.86909882e+02, 1.51229218e+02, 4.78338318e+02, 1.58653198e+02,
    4.69676361e+02, 1.66305496e+02, 4.60470337e+02, 1.74065704e+02,
    4.51280853e+02, 1.81963303e+02, 4.81754456e+02, 1.40230347e+02,
    4.73108368e+02, 1.47622131e+02, 4.64348358e+02, 1.55299347e+02,
    4.55031555e+02, 1.63110825e+02, 4.45539032e+02, 1.71007935e+02,
    4.76480225e+02, 1.29046921e+02, 4.67924225e+02, 1.36486725e+02,
    4.58736603e+02, 1.44099426e+02, 4.49396210e+02, 1.51910553e+02,
    4.39882660e+02, 1.59812866e+02, 4.71130524e+02, 1.17605110e+02,
    4.62539001e+02, 1.25042068e+02, 4.53081818e+02, 1.32635590e+02,
    4.43628693e+02, 1.40420746e+02, 4.34002106e+02, 1.48317932e+02,
    4.65689117e+02, 1.06041557e+02, 4.56919617e+02, 1.13386292e+02,
    4.47323914e+02, 1.21031845e+02, 4.37744568e+02, 1.28793518e+02,
    4.28037140e+02, 1.36721069e+02, 4.60059448e+02, 9.41924057e+01,
    4.51140564e+02, 1.01530464e+02, 4.41505341e+02, 1.09153061e+02,
    4.31770905e+02, 1.16924141e+02, 4.21877533e+02, 1.24808807e+02,
    4.54232330e+02, 8.21267242e+01, 4.45232697e+02, 8.94655457e+01,
    4.35538116e+02, 9.70158005e+01, 4.25749176e+02, 1.04742172e+02,
    4.15810547e+02, 1.12693901e+02 ]
