%YAML:1.0
points: [ 9.82273804e+02, 5.92900452e+02, 9.60643188e+02, 5.69110229e+02,
    9.38906555e+02, 5.45482300e+02, 9.17266113e+02, 5.21514099e+02,
    8.95483154e+02, 4.97644043e+02, 1.00445160e+03, 5.74297424e+02,
    9.82507202e+02, 5.50194214e+02, 9.60465149e+02, 5.26290771e+02,
    9.38594971e+02, 5.01999084e+02, 9.16585876e+02, 4.77636139e+02,
    1.02729810e+03, 5.55208679e+02, 1.00493481e+03, 5.30925110e+02,
    9.82761658e+02, 5.06323242e+02, 9.60544312e+02, 4.81842712e+02,
    9.38229431e+02, 4.57189423e+02, 1.05066687e+03, 5.35546387e+02,
    1.02803577e+03, 5.11143677e+02, 1.00566907e+03, 4.85901794e+02,
    9.83081482e+02, 4.61055237e+02, 9.60405396e+02, 4.36104523e+02,
    1.07473047e+03, 5.15421936e+02, 1.05187354e+03, 4.90629333e+02,
    1.02912329e+03, 4.65076324e+02, 1.00626733e+03, 4.39736847e+02,
    9.83287292e+02, 4.14528351e+02, 1.09954053e+03, 4.94745789e+02,
    1.07639722e+03, 4.69516388e+02, 1.05334058e+03, 4.43702850e+02,
    1.03010718e+03, 4.17892334e+02, 1.00686523e+03, 3.92297089e+02,
    1.12510681e+03, 4.73425659e+02, 1.10165039e+03, 4.47792206e+02,
    1.07821960e+03, 4.21565063e+02, 1.05463159e+03, 3.95420105e+02,
    1.03102393e+03, 3.69484985e+02 ]
