%YAML:1.0
points: [ 1.01605414e+03, 6.17334534e+02, 9.93293091e+02, 5.94197632e+02,
    9.70354126e+02, 5.71148010e+02, 9.47482117e+02, 5.47759949e+02,
    9.24259338e+02, 5.24254700e+02, 1.03917834e+03, 5.97977356e+02,
    1.01631519e+03, 5.74642334e+02, 9.93029114e+02, 5.51206848e+02,
    9.69927429e+02, 5.27470093e+02, 9.46612427e+02, 5.03524597e+02,
    1.06302869e+03, 5.78204590e+02, 1.03977527e+03, 5.54668274e+02,
    1.01655829e+03, 5.30579712e+02, 9.93049316e+02, 5.06620239e+02,
    9.69482666e+02, 4.82339355e+02, 1.08747607e+03, 5.57976318e+02,
    1.06397058e+03, 5.34174988e+02, 1.04056458e+03, 5.09516327e+02,
    1.01687610e+03, 4.85154968e+02, 9.92923462e+02, 4.60559937e+02,
    1.11257971e+03, 5.37245605e+02, 1.08886792e+03, 5.13032166e+02,
    1.06514526e+03, 4.88032043e+02, 1.04122766e+03, 4.63158875e+02,
    1.01708301e+03, 4.38273041e+02, 1.13844019e+03, 5.15906860e+02,
    1.11450000e+03, 4.91257751e+02, 1.09050769e+03, 4.65968964e+02,
    1.06633081e+03, 4.40629303e+02, 1.04189832e+03, 4.15268860e+02,
    1.16503613e+03, 4.93959381e+02, 1.14084290e+03, 4.68920380e+02,
    1.11656287e+03, 4.43197937e+02, 1.09209045e+03, 4.17525574e+02,
    1.06740601e+03, 3.91800354e+02 ]
