%YAML:1.0
points: [ 1.07545471e+03, 8.11574158e+02, 1.03590613e+03, 8.09730591e+02,
    9.96295532e+02, 8.08218079e+02, 9.56438599e+02, 8.06260315e+02,
    9.16335693e+02, 8.04531189e+02, 1.08019568e+03, 7.77357910e+02,
    1.04030212e+03, 7.75543823e+02, 1.00001855e+03, 7.73975708e+02,
    9.59698364e+02, 7.71828918e+02, 9.19171387e+02, 7.69949951e+02,
    1.08516370e+03, 7.42260986e+02, 1.04477161e+03, 7.40608704e+02,
    1.00403790e+03, 7.38433167e+02, 9.63094360e+02, 7.36492004e+02,
    9.21996765e+02, 7.34510620e+02, 1.09033313e+03, 7.06293152e+02,
    1.04939355e+03, 7.04851379e+02, 1.00812048e+03, 7.02192017e+02,
    9.66630005e+02, 7.00219788e+02, 9.24957520e+02, 6.98203369e+02,
    1.09569873e+03, 6.69426514e+02, 1.05421667e+03, 6.67805359e+02,
    1.01229193e+03, 6.65121094e+02, 9.70280640e+02, 6.62950195e+02,
    9.28022095e+02, 6.60975098e+02, 1.10124341e+03, 6.31529724e+02,
    1.05916467e+03, 6.29687378e+02, 1.01668854e+03, 6.27085693e+02,
    9.74100952e+02, 6.24708191e+02, 9.31157471e+02, 6.22514160e+02,
    1.10694507e+03, 5.92464600e+02, 1.06429285e+03, 5.90444397e+02,
    1.02125134e+03, 5.87816467e+02, 9.77997498e+02, 5.85347778e+02,
    9.34497864e+02, 5.83255615e+02 ]
