%YAML:1.0
points: [ 3.16457428e+02, 2.97712524e+02, 3.02690338e+02, 2.97071625e+02,
    2.89031494e+02, 2.96502228e+02, 2.75165680e+02, 2.95804810e+02,
    2.61237549e+02, 2.95211884e+02, 3.18368225e+02, 2.85776917e+02,
    3.04457489e+02, 2.85108459e+02, 2.90536499e+02, 2.84550629e+02,
    2.76509247e+02, 2.83793518e+02, 2.62445312e+02, 2.83110229e+02,
    3.20346985e+02, 2.73536255e+02, 3.06298462e+02, 2.72946899e+02,
    2.92172913e+02, 2.72141357e+02, 2.78006714e+02, 2.71484802e+02,
    2.63731903e+02, 2.70769989e+02, 3.22397125e+02, 2.60987549e+02,
    3.08217468e+02, 2.60488800e+02, 2.93838806e+02, 2.59537109e+02,
    2.79438385e+02, 2.58817078e+02, 2.65036865e+02, 2.58074890e+02,
    3.24549866e+02, 2.48140213e+02, 3.10159149e+02, 2.47577072e+02,
    2.95553436e+02, 2.46649078e+02, 2.81014160e+02, 2.45821564e+02,
    2.66379547e+02, 2.45126312e+02, 3.26779266e+02, 2.34949646e+02,
    3.12141296e+02, 2.34299576e+02, 2.97393585e+02, 2.33392532e+02,
    2.82613556e+02, 2.32540100e+02, 2.67770416e+02, 2.31795212e+02,
    3.29084320e+02, 2.21339066e+02, 3.14234589e+02, 2.20649612e+02,
    2.99279053e+02, 2.19721115e+02, 2.84288635e+02, 2.18912949e+02,
    2.69279572e+02, 2.18165710e+02 ]
