%YAML:1.0
points: [ 4.59764160e+02, 1.50752563e+02, 4.49255768e+02, 1.58286514e+02,
    4.38809265e+02, 1.65872391e+02, 4.27938477e+02, 1.73489212e+02,
    4.17119232e+02, 1.81183411e+02, 4.53550415e+02, 1.39472046e+02,
    4.42991760e+02, 1.47055695e+02, 4.32450745e+02, 1.54652191e+02,
    4.21534119e+02, 1.62341553e+02, 4.10592896e+02, 1.70102798e+02,
    4.47221008e+02, 1.28101730e+02, 4.36769470e+02, 1.35688889e+02,
    4.25887909e+02, 1.43303665e+02, 4.14966370e+02, 1.51085251e+02,
    4.03926666e+02, 1.58873749e+02, 4.40861237e+02, 1.16554977e+02,
    4.30369202e+02, 1.24163704e+02, 4.19275024e+02, 1.31890518e+02,
    4.08309357e+02, 1.39551407e+02, 3.97245209e+02, 1.47348160e+02,
    4.34451508e+02, 1.04884064e+02, 4.23826965e+02, 1.12452858e+02,
    4.12715485e+02, 1.20230927e+02, 4.01590759e+02, 1.28049469e+02,
    3.90492523e+02, 1.35887497e+02, 4.27884674e+02, 9.30586014e+01,
    4.17175873e+02, 1.00652756e+02, 4.05996216e+02, 1.08382744e+02,
    3.94826904e+02, 1.16243042e+02, 3.83652557e+02, 1.24143105e+02,
    4.21176453e+02, 8.10862885e+01, 4.10411804e+02, 8.86757202e+01,
    3.99232330e+02, 9.64334793e+01, 3.88040283e+02, 1.04337982e+02,
    3.76819336e+02, 1.12256767e+02 ]
