%YAML:1.0
points: [ 8.97122681e+02, 5.74733459e+02, 8.79655640e+02, 5.52853821e+02,
    8.62193787e+02, 5.31327637e+02, 8.45228516e+02, 5.09728699e+02,
    8.28125000e+02, 4.88399292e+02, 9.11509766e+02, 5.58998962e+02,
    8.93678894e+02, 5.36776794e+02, 8.75761841e+02, 5.15024780e+02,
    8.58461792e+02, 4.93100616e+02, 8.41148071e+02, 4.71421295e+02,
    9.26524475e+02, 5.42677612e+02, 9.08060059e+02, 5.20360107e+02,
    8.90150208e+02, 4.97908722e+02, 8.72306519e+02, 4.75883453e+02,
    8.54594421e+02, 4.53940063e+02, 9.42001892e+02, 5.25849304e+02,
    9.22894653e+02, 5.03329712e+02, 9.04938232e+02, 4.80360474e+02,
    8.86615051e+02, 4.58041534e+02, 8.68356018e+02, 4.35782501e+02,
    9.57949158e+02, 5.08407288e+02, 9.38570190e+02, 4.85589569e+02,
    9.20071838e+02, 4.62309509e+02, 9.01386841e+02, 4.39525726e+02,
    8.82699280e+02, 4.17138763e+02, 9.74603638e+02, 4.90348724e+02,
    9.54845032e+02, 4.67114838e+02, 9.35734070e+02, 4.43660950e+02,
    9.16668457e+02, 4.20410278e+02, 8.97546570e+02, 3.97646973e+02,
    9.91858765e+02, 4.71553741e+02, 9.71600769e+02, 4.48010956e+02,
    9.52022034e+02, 4.24121490e+02, 9.32333801e+02, 4.00670197e+02,
    9.12743896e+02, 3.77590973e+02 ]
