%YAML:1.0
points: [ 2.05829422e+02, 2.14259903e+02, 1.96164948e+02, 2.10129333e+02,
    1.86609085e+02, 2.06030701e+02, 1.77363098e+02, 2.02010620e+02,
    1.68177582e+02, 1.98068283e+02, 2.08187531e+02, 2.03636093e+02,
    1.98336670e+02, 1.99501846e+02, 1.88643417e+02, 1.95551712e+02,
    1.79267715e+02, 1.91549988e+02, 1.69999832e+02, 1.87651306e+02,
    2.10557800e+02, 1.92764450e+02, 2.00497421e+02, 1.88746399e+02,
    1.90824966e+02, 1.84759064e+02, 1.81255600e+02, 1.80864685e+02,
    1.71847656e+02, 1.77035934e+02, 2.12975708e+02, 1.81660629e+02,
    2.02687515e+02, 1.77739532e+02, 1.92990921e+02, 1.73758255e+02,
    1.83263138e+02, 1.69914642e+02, 1.73719437e+02, 1.66174423e+02,
    2.15381561e+02, 1.70309448e+02, 2.05014313e+02, 1.66447327e+02,
    1.95166092e+02, 1.62571655e+02, 1.85294083e+02, 1.58766327e+02,
    1.75568680e+02, 1.55066818e+02, 2.17923935e+02, 1.58676865e+02,
    2.07402161e+02, 1.54846359e+02, 1.97293686e+02, 1.51035461e+02,
    1.87358780e+02, 1.47357681e+02, 1.77506516e+02, 1.43735764e+02,
    2.20448288e+02, 1.46710159e+02, 2.09820389e+02, 1.42987091e+02,
    1.99556183e+02, 1.39277298e+02, 1.89380585e+02, 1.35641083e+02,
    1.79384125e+02, 1.32067200e+02 ]
