%YAML:1.0
points: [ 4.15092224e+02, 1.54298508e+02, 4.02608368e+02, 1.60795792e+02,
    3.90385681e+02, 1.67157867e+02, 3.78117767e+02, 1.73487762e+02,
    3.58124451e+02, 2.08100433e+02, 4.09138672e+02, 1.42436218e+02,
    3.96695496e+02, 1.49006790e+02, 3.84442688e+02, 1.55429733e+02,
    3.72182831e+02, 1.61878952e+02, 3.60001434e+02, 1.68200134e+02,
    3.97138428e+02, 1.18532051e+02, 3.84920746e+02, 1.25187477e+02,
    3.78355103e+02, 1.43683609e+02, 3.66219391e+02, 1.50163651e+02,
    3.54112946e+02, 1.56693314e+02, 3.91151245e+02, 1.06465210e+02,
    3.78913391e+02, 1.13208115e+02, 3.72356079e+02, 1.31877563e+02,
    3.60222748e+02, 1.38390579e+02, 3.48036072e+02, 1.44916809e+02,
    3.85116333e+02, 9.43645782e+01, 3.78913391e+02, 1.13208115e+02,
    3.66418121e+02, 1.19935844e+02, 3.54173248e+02, 1.26575089e+02,
    3.42128876e+02, 1.33171478e+02, 3.85116333e+02, 9.43645782e+01,
    3.72855255e+02, 1.01147278e+02, 3.60412445e+02, 1.07971100e+02,
    3.60412445e+02, 1.07971100e+02, 3.48176361e+02, 1.14643082e+02,
    3.79044891e+02, 8.22151413e+01, 3.66756073e+02, 8.89158325e+01,
    3.66756073e+02, 8.89158325e+01, 3.54349854e+02, 9.58971786e+01,
    3.42153595e+02, 1.02624992e+02 ]
