%YAML:1.0
points: [ 7.67018494e+02, 5.71888428e+02, 7.39861328e+02, 5.60002075e+02,
    7.12937073e+02, 5.48323425e+02, 6.86872925e+02, 5.36691589e+02,
    6.61099854e+02, 5.25365784e+02, 7.73198792e+02, 5.41363159e+02,
    7.45559998e+02, 5.29493408e+02, 7.18353210e+02, 5.18153442e+02,
    6.92020508e+02, 5.06700073e+02, 6.65986145e+02, 4.95467316e+02,
    7.79582336e+02, 5.10075348e+02, 7.51248230e+02, 4.98502960e+02,
    7.24060547e+02, 4.87069092e+02, 6.97238281e+02, 4.75978241e+02,
    6.70847046e+02, 4.65005493e+02, 7.86023682e+02, 4.78126068e+02,
    7.57164062e+02, 4.66955017e+02, 7.29797485e+02, 4.55482758e+02,
    7.02502441e+02, 4.44582062e+02, 6.75636169e+02, 4.33848236e+02,
    7.92467468e+02, 4.45473785e+02, 7.63404724e+02, 4.34497681e+02,
    7.35532532e+02, 4.23318420e+02, 7.07875732e+02, 4.12585480e+02,
    6.80583801e+02, 4.02048218e+02, 7.99198669e+02, 4.12130798e+02,
    7.69720215e+02, 4.01296173e+02, 7.41376587e+02, 3.90451691e+02,
    7.13340942e+02, 3.79783356e+02, 6.85655090e+02, 3.69536194e+02,
    8.06055115e+02, 3.77922455e+02, 7.76100098e+02, 3.67333130e+02,
    7.47259521e+02, 3.56675842e+02, 7.18680115e+02, 3.46308655e+02,
    6.90557251e+02, 3.36211731e+02 ]
