%YAML:1.0
points: [ 8.37000122e+02, 5.99203430e+02, 8.03768250e+02, 5.87145020e+02,
    7.70752075e+02, 5.75388306e+02, 7.38472107e+02, 5.63573669e+02,
    7.06289490e+02, 5.52034851e+02, 8.45306946e+02, 5.65637085e+02,
    8.11699280e+02, 5.53689209e+02, 7.78284180e+02, 5.42062256e+02,
    7.45638123e+02, 5.30316345e+02, 7.13149414e+02, 5.18709900e+02,
    8.53939148e+02, 5.31367065e+02, 8.19625244e+02, 5.19616089e+02,
    7.86177429e+02, 5.07829163e+02, 7.53000061e+02, 4.96298828e+02,
    7.20072693e+02, 4.84866364e+02, 8.62654846e+02, 4.96293365e+02,
    8.27837891e+02, 4.84853180e+02, 7.94087341e+02, 4.72966461e+02,
    7.60420166e+02, 4.61606140e+02, 7.27043762e+02, 4.50223907e+02,
    8.71523254e+02, 4.60603363e+02, 8.36399536e+02, 4.49140808e+02,
    8.02136963e+02, 4.37489166e+02, 7.68041931e+02, 4.26084259e+02,
    7.34151245e+02, 4.14917603e+02, 8.80705383e+02, 4.24048126e+02,
    8.45112488e+02, 4.12663177e+02, 8.10334045e+02, 4.01167694e+02,
    7.75766602e+02, 3.89841400e+02, 7.41484802e+02, 3.78765015e+02,
    8.90010498e+02, 3.86680054e+02, 8.53976135e+02, 3.75345154e+02,
    8.18651672e+02, 3.63994995e+02, 7.83503174e+02, 3.52776184e+02,
    7.48745544e+02, 3.41776093e+02 ]
