%YAML:1.0
points: [ 2.31829102e+02, 2.23758881e+02, 2.20170593e+02, 2.19610199e+02,
    2.08561493e+02, 2.15515198e+02, 1.97192413e+02, 2.11416351e+02,
    1.85833496e+02, 2.07389862e+02, 2.34867737e+02, 2.12015366e+02,
    2.23067230e+02, 2.07887558e+02, 2.11340591e+02, 2.03847626e+02,
    1.99830475e+02, 1.99783493e+02, 1.88381500e+02, 1.95749680e+02,
    2.38023819e+02, 2.00122742e+02, 2.25983627e+02, 1.96013809e+02,
    2.14251999e+02, 1.91934830e+02, 2.02545639e+02, 1.87926331e+02,
    1.90936783e+02, 1.83924469e+02, 2.41358749e+02, 1.87920685e+02,
    2.28999619e+02, 1.83921112e+02, 2.17211273e+02, 1.79837112e+02,
    2.05327240e+02, 1.75843567e+02, 1.93604309e+02, 1.71878586e+02,
    2.44660507e+02, 1.75617065e+02, 2.32188629e+02, 1.71598038e+02,
    2.20146896e+02, 1.67534622e+02, 2.08168533e+02, 1.63559189e+02,
    1.96239563e+02, 1.59621780e+02, 2.47932159e+02, 1.62833725e+02,
    2.35486511e+02, 1.58862656e+02, 2.23172882e+02, 1.54823196e+02,
    2.11005157e+02, 1.50859848e+02, 1.98894287e+02, 1.46987625e+02,
    2.51425827e+02, 1.49782150e+02, 2.38675903e+02, 1.45824524e+02,
    2.26337997e+02, 1.41872726e+02, 2.13884018e+02, 1.37899292e+02,
    2.01659088e+02, 1.34074982e+02 ]
