%YAML:1.0
points: [ 3.94044678e+02, 1.71107727e+02, 3.80375458e+02, 1.72617859e+02,
    3.66995300e+02, 1.74131897e+02, 3.53559021e+02, 1.75629349e+02,
    3.40276978e+02, 1.77110901e+02, 3.93112427e+02, 1.57901260e+02,
    3.79433014e+02, 1.59416626e+02, 3.66079620e+02, 1.61035797e+02,
    3.52566986e+02, 1.62560059e+02, 3.39169067e+02, 1.64086563e+02,
    3.92185852e+02, 1.44506744e+02, 3.78521362e+02, 1.46140671e+02,
    3.64931641e+02, 1.47745392e+02, 3.51474579e+02, 1.49328247e+02,
    3.38143158e+02, 1.50956284e+02, 3.91221100e+02, 1.31102707e+02,
    3.77650543e+02, 1.32680237e+02, 3.63964874e+02, 1.34350922e+02,
    3.50400421e+02, 1.36078415e+02, 3.36971497e+02, 1.37720047e+02,
    3.90299957e+02, 1.17476006e+02, 3.76700378e+02, 1.19178474e+02,
    3.63017578e+02, 1.20913414e+02, 3.49334290e+02, 1.22569328e+02,
    3.36027649e+02, 1.24253502e+02, 3.89347900e+02, 1.03877258e+02,
    3.75776917e+02, 1.05464111e+02, 3.62076599e+02, 1.07250412e+02,
    3.48351868e+02, 1.09053841e+02, 3.34881287e+02, 1.10766106e+02,
    3.88368652e+02, 9.00883942e+01, 3.74778168e+02, 9.17498779e+01,
    3.61041840e+02, 9.34647141e+01, 3.47304230e+02, 9.52617874e+01,
    3.33885406e+02, 9.70321808e+01 ]
