%YAML:1.0
points: [ 8.25331482e+02, 4.74682098e+02, 8.13380859e+02, 4.48063904e+02,
    8.01095215e+02, 4.21441040e+02, 7.89175720e+02, 3.94518158e+02,
    7.76935486e+02, 3.67511475e+02, 8.45180603e+02, 4.65218628e+02,
    8.32976013e+02, 4.38165100e+02, 8.20520264e+02, 4.11087402e+02,
    8.08502319e+02, 3.83671265e+02, 7.96166687e+02, 3.56183777e+02,
    8.65709839e+02, 4.55461090e+02, 8.53053772e+02, 4.27979004e+02,
    8.40910522e+02, 4.00254669e+02, 8.28478943e+02, 3.72531006e+02,
    8.15914062e+02, 3.44536987e+02, 8.86898560e+02, 4.45365356e+02,
    8.73824341e+02, 4.17556122e+02, 8.61862915e+02, 3.89150665e+02,
    8.49173889e+02, 3.60898071e+02, 8.36376404e+02, 3.32389618e+02,
    9.08758972e+02, 4.34979553e+02, 8.95625671e+02, 4.06713287e+02,
    8.83335999e+02, 3.77746429e+02, 8.70572021e+02, 3.48881958e+02,
    8.57467834e+02, 3.19927399e+02, 9.31421570e+02, 4.24196045e+02,
    9.18225464e+02, 3.95410553e+02, 9.05538391e+02, 3.66036346e+02,
    8.92718811e+02, 3.36504242e+02, 8.79366821e+02, 3.06981842e+02,
    9.54996582e+02, 4.13107880e+02, 9.41520874e+02, 3.83693542e+02,
    9.28674500e+02, 3.53748688e+02, 9.15416931e+02, 3.23621613e+02,
    9.01922302e+02, 2.93636261e+02 ]
