%YAML:1.0
points: [ 2.47806686e+02, 2.45218140e+02, 2.36008636e+02, 2.42762726e+02,
    2.24383835e+02, 2.40415268e+02, 2.13015305e+02, 2.38023010e+02,
    2.01619797e+02, 2.35646805e+02, 2.48903168e+02, 2.33837067e+02,
    2.36979980e+02, 2.31425430e+02, 2.25204651e+02, 2.29182999e+02,
    2.13660492e+02, 2.26811584e+02, 2.02242599e+02, 2.24512543e+02,
    2.50046112e+02, 2.22203629e+02, 2.37924316e+02, 2.19942978e+02,
    2.26120636e+02, 2.17641525e+02, 2.14389084e+02, 2.15370438e+02,
    2.02798569e+02, 2.13140335e+02, 2.51232437e+02, 2.10332687e+02,
    2.38877731e+02, 2.08175018e+02, 2.27003479e+02, 2.05814301e+02,
    2.15133331e+02, 2.03658020e+02, 2.03407532e+02, 2.01503555e+02,
    2.52409180e+02, 1.98165848e+02, 2.39937637e+02, 1.96039902e+02,
    2.27863724e+02, 1.93804657e+02, 2.15845123e+02, 1.91689682e+02,
    2.03959473e+02, 1.89632675e+02, 2.53637085e+02, 1.85738419e+02,
    2.40989075e+02, 1.83686798e+02, 2.28753006e+02, 1.81575195e+02,
    2.16571884e+02, 1.79483185e+02, 2.04531982e+02, 1.77464310e+02,
    2.54850845e+02, 1.72943542e+02, 2.42073608e+02, 1.70989975e+02,
    2.29658356e+02, 1.68912460e+02, 2.17292252e+02, 1.66905594e+02,
    2.05048401e+02, 1.64971237e+02 ]
