%YAML:1.0
points: [ 8.84381958e+02, 6.61077393e+02, 8.50853210e+02, 6.54024780e+02,
    8.17729492e+02, 6.47178894e+02, 7.85382019e+02, 6.40120239e+02,
    7.53257324e+02, 6.33486328e+02, 8.86960938e+02, 6.28424194e+02,
    8.53039429e+02, 6.21453003e+02, 8.19494629e+02, 6.14833435e+02,
    7.86796753e+02, 6.08028381e+02, 7.54415588e+02, 6.01383850e+02,
    8.89712036e+02, 5.94856384e+02, 8.55150208e+02, 5.88283386e+02,
    8.21528809e+02, 5.81573792e+02, 7.88333313e+02, 5.75133423e+02,
    7.55493347e+02, 5.68667847e+02, 8.92414978e+02, 5.60611633e+02,
    8.57415710e+02, 5.54497070e+02, 8.23470825e+02, 5.47625366e+02,
    7.89864624e+02, 5.41397461e+02, 7.56565918e+02, 5.35206299e+02,
    8.95200745e+02, 5.25631348e+02, 8.59829468e+02, 5.19615723e+02,
    8.25442017e+02, 5.13152527e+02, 7.91409607e+02, 5.07004181e+02,
    7.57671875e+02, 5.01080292e+02, 8.98139099e+02, 4.89804565e+02,
    8.62358215e+02, 4.83967346e+02, 8.27433716e+02, 4.77821014e+02,
    7.92942322e+02, 4.71766479e+02, 7.58828491e+02, 4.66104095e+02,
    9.01103577e+02, 4.53075195e+02, 8.64848328e+02, 4.47438477e+02,
    8.29432617e+02, 4.41551727e+02, 7.94381897e+02, 4.35898010e+02,
    7.59764893e+02, 4.30361267e+02 ]
