%YAML:1.0
points: [ 7.87447876e+02, 3.82752045e+02, 7.80622925e+02, 3.52900269e+02,
    7.73504639e+02, 3.22687592e+02, 7.66671814e+02, 2.91879303e+02,
    7.59465454e+02, 2.60563385e+02, 8.10773132e+02, 3.79315613e+02,
    8.04059448e+02, 3.48987579e+02, 7.96957825e+02, 3.18285278e+02,
    7.90180176e+02, 2.86973267e+02, 7.83198547e+02, 2.55232727e+02,
    8.34982483e+02, 3.75769012e+02, 8.27984863e+02, 3.45028625e+02,
    8.21377808e+02, 3.13723206e+02, 8.14531982e+02, 2.81991119e+02,
    8.07553101e+02, 2.49758316e+02, 8.59724365e+02, 3.72114380e+02,
    8.52621033e+02, 3.40974121e+02, 8.46484436e+02, 3.09044434e+02,
    8.39622803e+02, 2.76820251e+02, 8.32625305e+02, 2.43955124e+02,
    8.85204834e+02, 3.68415802e+02, 8.78275085e+02, 3.36799988e+02,
    8.72104614e+02, 3.04338318e+02, 8.65438293e+02, 2.71510895e+02,
    8.58416199e+02, 2.38185364e+02, 9.11504150e+02, 3.64635284e+02,
    9.04741577e+02, 3.32512024e+02, 8.98503418e+02, 2.99508575e+02,
    8.92013611e+02, 2.66071259e+02, 8.85073547e+02, 2.32052139e+02,
    9.38680115e+02, 3.60643982e+02, 9.32015625e+02, 3.28030975e+02,
    9.25862915e+02, 2.94442291e+02, 9.19304138e+02, 2.60394562e+02,
    9.12430664e+02, 2.25942825e+02 ]
