%YAML:1.0
points: [ 2.95950745e+02, 1.64425034e+02, 2.85538269e+02, 1.65148590e+02,
    2.75373718e+02, 1.65834183e+02, 2.65764160e+02, 1.66528336e+02,
    2.56430389e+02, 1.67123245e+02, 2.95571075e+02, 1.52638443e+02,
    2.85160645e+02, 1.53564880e+02, 2.74991974e+02, 1.54456009e+02,
    2.65326843e+02, 1.55321198e+02, 2.55979309e+02, 1.56149399e+02,
    2.95218872e+02, 1.40779388e+02, 2.84661469e+02, 1.41890564e+02,
    2.74671021e+02, 1.43026001e+02, 2.64881866e+02, 1.44050156e+02,
    2.55451477e+02, 1.45054718e+02, 2.94850525e+02, 1.28867645e+02,
    2.84206116e+02, 1.30159805e+02, 2.74299683e+02, 1.31511078e+02,
    2.64454865e+02, 1.32733368e+02, 2.54990219e+02, 1.33904694e+02,
    2.94450043e+02, 1.16849243e+02, 2.83832031e+02, 1.18375725e+02,
    2.73845642e+02, 1.19876900e+02, 2.64051270e+02, 1.21323380e+02,
    2.54477707e+02, 1.22695068e+02, 2.94105103e+02, 1.04747787e+02,
    2.83422058e+02, 1.06481644e+02, 2.73318756e+02, 1.08190315e+02,
    2.63545990e+02, 1.09845184e+02, 2.53993759e+02, 1.11387451e+02,
    2.93710083e+02, 9.26008682e+01, 2.83029388e+02, 9.45076752e+01,
    2.72900909e+02, 9.64381409e+01, 2.63048767e+02, 9.82309113e+01,
    2.53403229e+02, 9.99430313e+01 ]
