%YAML:1.0
points: [ 9.36853760e+02, 1.69406967e+02, 9.36570129e+02, 2.06511551e+02,
    9.36042908e+02, 2.42847794e+02, 9.35252686e+02, 2.78234802e+02,
    9.35148315e+02, 3.12533234e+02, 9.06393860e+02, 1.67877930e+02,
    9.06455139e+02, 2.04669235e+02, 9.06161255e+02, 2.40500641e+02,
    9.05766113e+02, 2.75459564e+02, 9.05953430e+02, 3.09295197e+02,
    8.76539307e+02, 1.66488739e+02, 8.76955322e+02, 2.02756378e+02,
    8.77105164e+02, 2.38149567e+02, 8.76895386e+02, 2.72704742e+02,
    8.77503845e+02, 3.06254333e+02, 8.47540466e+02, 1.65054367e+02,
    8.48152100e+02, 2.00955338e+02, 8.48798889e+02, 2.35851517e+02,
    8.48791809e+02, 2.70088074e+02, 8.49768555e+02, 3.03200653e+02,
    8.19184998e+02, 1.63783463e+02, 8.20034973e+02, 1.99210068e+02,
    8.20919678e+02, 2.33753891e+02, 8.21529053e+02, 2.67406860e+02,
    8.22613220e+02, 3.00296844e+02, 7.91487732e+02, 1.62448944e+02,
    7.92650024e+02, 1.97450089e+02, 7.93602478e+02, 2.31608154e+02,
    7.94968811e+02, 2.64938599e+02, 7.96079590e+02, 2.97417328e+02,
    7.64376648e+02, 1.61148956e+02, 7.65947693e+02, 1.95792557e+02,
    7.67184326e+02, 2.29558823e+02, 7.68763855e+02, 2.62458282e+02,
    7.70178223e+02, 2.94714539e+02 ]
