%YAML:1.0
points: [ 2.80632874e+02, 2.01736923e+02, 2.71931549e+02, 2.02106842e+02,
    2.63472565e+02, 2.02471420e+02, 2.55529144e+02, 2.02793716e+02,
    2.47788788e+02, 2.03117645e+02, 2.78680328e+02, 1.91129181e+02,
    2.69913879e+02, 1.91657211e+02, 2.61482788e+02, 1.92247833e+02,
    2.53518555e+02, 1.92751328e+02, 2.45791428e+02, 1.93272766e+02,
    2.76681519e+02, 1.80324966e+02, 2.67828552e+02, 1.81162628e+02,
    2.59571106e+02, 1.81906235e+02, 2.51493561e+02, 1.82596573e+02,
    2.43736725e+02, 1.83301743e+02, 2.74677124e+02, 1.69440216e+02,
    2.65702240e+02, 1.70504440e+02, 2.57586578e+02, 1.71419937e+02,
    2.49454971e+02, 1.72329361e+02, 2.41630951e+02, 1.73219635e+02,
    2.72637238e+02, 1.58391190e+02, 2.63686829e+02, 1.59679672e+02,
    2.55469559e+02, 1.60817825e+02, 2.47387955e+02, 1.61958206e+02,
    2.39493958e+02, 1.63062790e+02, 2.70578857e+02, 1.47188324e+02,
    2.61635223e+02, 1.48696655e+02, 2.53287857e+02, 1.50089600e+02,
    2.45243927e+02, 1.51419250e+02, 2.37368042e+02, 1.52673431e+02,
    2.68496155e+02, 1.35827957e+02, 2.59536285e+02, 1.37589005e+02,
    2.51141479e+02, 1.39193985e+02, 2.42996155e+02, 1.40766800e+02,
    2.35043686e+02, 1.42254562e+02 ]
