%YAML:1.0
points: [ 8.99781555e+02, 6.45688416e+02, 8.65376038e+02, 6.38988770e+02,
    8.31343994e+02, 6.32579041e+02, 7.97903503e+02, 6.25904114e+02,
    7.64826904e+02, 6.19542664e+02, 9.03076538e+02, 6.11901733e+02,
    8.68249390e+02, 6.05364319e+02, 8.33828857e+02, 5.99131287e+02,
    8.00154114e+02, 5.92618103e+02, 7.66743774e+02, 5.86341125e+02,
    9.06500610e+02, 5.77321167e+02, 8.71114380e+02, 5.71139954e+02,
    8.36578552e+02, 5.64752869e+02, 8.02393677e+02, 5.58657288e+02,
    7.68684387e+02, 5.52551270e+02, 9.09934204e+02, 5.42087219e+02,
    8.74095276e+02, 5.36294617e+02, 8.39290466e+02, 5.29857971e+02,
    8.04716003e+02, 5.23940613e+02, 7.70488831e+02, 5.18053040e+02,
    9.13434509e+02, 5.06186310e+02, 8.77262146e+02, 5.00449341e+02,
    8.41989502e+02, 4.94378693e+02, 8.07028442e+02, 4.88603851e+02,
    7.72411377e+02, 4.82943359e+02, 9.17005554e+02, 4.69458038e+02,
    8.80509827e+02, 4.63957581e+02, 8.44757507e+02, 4.58147614e+02,
    8.09425415e+02, 4.52461395e+02, 7.74390320e+02, 4.47022003e+02,
    9.20717468e+02, 4.31991180e+02, 8.83785889e+02, 4.26618561e+02,
    8.47553772e+02, 4.21037872e+02, 8.11701538e+02, 4.15689178e+02,
    7.76213440e+02, 4.10396759e+02 ]
