%YAML:1.0
points: [ 2.53397186e+02, 2.39870575e+02, 2.41329453e+02, 2.37553543e+02,
    2.29365738e+02, 2.35307175e+02, 2.17622925e+02, 2.33038925e+02,
    2.05982040e+02, 2.30836349e+02, 2.54711548e+02, 2.28091095e+02,
    2.42513382e+02, 2.25837524e+02, 2.30418045e+02, 2.23708252e+02,
    2.18572067e+02, 2.21471451e+02, 2.06820709e+02, 2.19290497e+02,
    2.56036011e+02, 2.16078217e+02, 2.43692001e+02, 2.13940338e+02,
    2.31541931e+02, 2.11769836e+02, 2.19529556e+02, 2.09659470e+02,
    2.07649612e+02, 2.07565216e+02, 2.57485504e+02, 2.03848297e+02,
    2.44854263e+02, 2.01828552e+02, 2.32678238e+02, 1.99647064e+02,
    2.20499557e+02, 1.97605362e+02, 2.08494049e+02, 1.95573547e+02,
    2.58852722e+02, 1.91444855e+02, 2.46114197e+02, 1.89443069e+02,
    2.33772079e+02, 1.87313217e+02, 2.21499786e+02, 1.85296097e+02,
    2.09299820e+02, 1.83327377e+02, 2.60321686e+02, 1.78677261e+02,
    2.47492126e+02, 1.76736710e+02, 2.34894806e+02, 1.74695541e+02,
    2.22523926e+02, 1.72737900e+02, 2.10143158e+02, 1.70791931e+02,
    2.61798157e+02, 1.65618744e+02, 2.48750336e+02, 1.63710739e+02,
    2.36050598e+02, 1.61761948e+02, 2.23535690e+02, 1.59875717e+02,
    2.10914474e+02, 1.58030258e+02 ]
