%YAML:1.0
points: [ 8.36582275e+02, 6.48063477e+02, 8.06712341e+02, 6.28984131e+02,
    7.76814819e+02, 6.10149902e+02, 7.47423584e+02, 5.91200684e+02,
    7.17847412e+02, 5.72442566e+02, 8.52323059e+02, 6.19950378e+02,
    8.22060120e+02, 6.00774536e+02, 7.91813110e+02, 5.81885010e+02,
    7.62038879e+02, 5.62705872e+02, 7.32251282e+02, 5.43783997e+02,
    8.68540100e+02, 5.91196838e+02, 8.37702698e+02, 5.71997009e+02,
    8.07337036e+02, 5.52654297e+02, 7.76999451e+02, 5.33597107e+02,
    7.46794373e+02, 5.14478699e+02, 8.85107178e+02, 5.61807373e+02,
    8.53723328e+02, 5.42615906e+02, 8.23122559e+02, 5.22861023e+02,
    7.92337952e+02, 5.03674042e+02, 7.61662476e+02, 4.84477631e+02,
    9.02018311e+02, 5.31749634e+02, 8.70292603e+02, 5.12370178e+02,
    8.39234985e+02, 4.92555878e+02, 8.08032776e+02, 4.73094849e+02,
    7.76888367e+02, 4.53831177e+02, 9.19419250e+02, 5.00925232e+02,
    8.87343567e+02, 4.81352905e+02, 8.55713074e+02, 4.61518433e+02,
    8.24133362e+02, 4.41808807e+02, 7.92517517e+02, 4.22315186e+02,
    9.37264648e+02, 4.69298096e+02, 9.04719360e+02, 4.49566986e+02,
    8.72586060e+02, 4.29573425e+02, 8.40471252e+02, 4.09769501e+02,
    8.08405518e+02, 3.90188843e+02 ]
