%YAML:1.0
points: [ 7.51786194e+02, 2.94590912e+02, 7.49617249e+02, 2.65442535e+02,
    7.47136047e+02, 2.35676880e+02, 7.45018311e+02, 2.05265198e+02,
    7.42637695e+02, 1.74152573e+02, 7.71492615e+02, 2.96977356e+02,
    7.69493103e+02, 2.67471497e+02, 7.67051086e+02, 2.37260635e+02,
    7.65159302e+02, 2.06397369e+02, 7.63063721e+02, 1.74908386e+02,
    7.91815063e+02, 2.99546906e+02, 7.89639832e+02, 2.69614563e+02,
    7.88009033e+02, 2.38985611e+02, 7.86009277e+02, 2.07645035e+02,
    7.84028931e+02, 1.75642410e+02, 8.12707581e+02, 3.02189758e+02,
    8.10456055e+02, 2.71793579e+02, 8.09388550e+02, 2.40680695e+02,
    8.07549316e+02, 2.08854538e+02, 8.05624390e+02, 1.76314651e+02,
    8.34188110e+02, 3.04888367e+02, 8.32168396e+02, 2.74143005e+02,
    8.31173035e+02, 2.42519073e+02, 8.29712280e+02, 2.10175888e+02,
    8.27830566e+02, 1.77188385e+02, 8.56377930e+02, 3.07748413e+02,
    8.54633179e+02, 2.76532471e+02, 8.53628662e+02, 2.44449875e+02,
    8.52465271e+02, 2.11636276e+02, 8.50881958e+02, 1.77924210e+02,
    8.79210083e+02, 3.10644836e+02, 8.77698730e+02, 2.78982849e+02,
    8.76995178e+02, 2.46318283e+02, 8.75889771e+02, 2.12936737e+02,
    8.74337952e+02, 1.78899841e+02 ]
