%YAML:1.0
points: [ 3.17513397e+02, 2.08652603e+02, 3.06194641e+02, 2.09426300e+02,
    2.95202606e+02, 2.10218887e+02, 2.84576294e+02, 2.10927887e+02,
    2.74250916e+02, 2.11634979e+02, 3.15701569e+02, 1.97300308e+02,
    3.04289307e+02, 1.98246658e+02, 2.93235046e+02, 1.99243851e+02,
    2.82569153e+02, 2.00101959e+02, 2.72226288e+02, 2.00981598e+02,
    3.13847046e+02, 1.85785797e+02, 3.02343231e+02, 1.87010513e+02,
    2.91307495e+02, 1.88070389e+02, 2.80546082e+02, 1.89126083e+02,
    2.70126465e+02, 1.90169907e+02, 3.11991760e+02, 1.74082062e+02,
    3.00344299e+02, 1.75496353e+02, 2.89336365e+02, 1.76695877e+02,
    2.78487488e+02, 1.77977371e+02, 2.68017334e+02, 1.79203476e+02,
    3.10093170e+02, 1.62200943e+02, 2.98389252e+02, 1.63775681e+02,
    2.87290558e+02, 1.65219925e+02, 2.76426453e+02, 1.66626190e+02,
    2.65823700e+02, 1.68068649e+02, 3.08174286e+02, 1.50092178e+02,
    2.96413116e+02, 1.51863754e+02, 2.85214447e+02, 1.53520966e+02,
    2.74301025e+02, 1.55129379e+02, 2.63647095e+02, 1.56717346e+02,
    3.06188110e+02, 1.37725769e+02, 2.94397095e+02, 1.39739624e+02,
    2.83122345e+02, 1.41596619e+02, 2.72131927e+02, 1.43427902e+02,
    2.61337891e+02, 1.45202011e+02 ]
