%YAML:1.0
points: [ 2.31151108e+02, 2.40701981e+02, 2.20704422e+02, 2.34080276e+02,
    2.10286240e+02, 2.27569244e+02, 1.99985931e+02, 2.20979568e+02,
    1.89608932e+02, 2.14497330e+02, 2.36826874e+02, 2.30929581e+02,
    2.26266434e+02, 2.24277084e+02, 2.15720001e+02, 2.17720657e+02,
    2.05252808e+02, 2.11063004e+02, 1.94796005e+02, 2.04470276e+02,
    2.42701355e+02, 2.20957611e+02, 2.31882828e+02, 2.14282516e+02,
    2.21317108e+02, 2.07595093e+02, 2.10703659e+02, 2.00893646e+02,
    2.00094894e+02, 1.94300858e+02, 2.48658752e+02, 2.10731598e+02,
    2.37689285e+02, 2.04001785e+02, 2.26979691e+02, 1.97219376e+02,
    2.16255707e+02, 1.90561157e+02, 2.05504440e+02, 1.83802856e+02,
    2.54744858e+02, 2.00306564e+02, 2.43683838e+02, 1.93580490e+02,
    2.32780533e+02, 1.86698380e+02, 2.21868011e+02, 1.79869247e+02,
    2.10947937e+02, 1.73138641e+02, 2.60962921e+02, 1.89617310e+02,
    2.49763321e+02, 1.82755859e+02, 2.38743835e+02, 1.75853302e+02,
    2.27716705e+02, 1.68983185e+02, 2.16671341e+02, 1.62198898e+02,
    2.67435516e+02, 1.78634064e+02, 2.55994385e+02, 1.71697815e+02,
    2.44840332e+02, 1.64741058e+02, 2.33639999e+02, 1.57851944e+02,
    2.22415283e+02, 1.50995438e+02 ]
