%YAML:1.0
points: [ 9.23733459e+02, 6.37709778e+02, 8.88864319e+02, 6.36455200e+02,
    8.54394409e+02, 6.35409851e+02, 8.20729370e+02, 6.34165588e+02,
    7.87434509e+02, 6.33084106e+02, 9.21589050e+02, 6.02942078e+02,
    8.86346863e+02, 6.02018250e+02, 8.51625549e+02, 6.01324585e+02,
    8.17721924e+02, 6.00280334e+02, 7.84225586e+02, 5.99354248e+02,
    9.19419983e+02, 5.67444214e+02, 8.83726868e+02, 5.67021301e+02,
    8.48920410e+02, 5.66282654e+02, 8.14670776e+02, 5.65723633e+02,
    7.80851379e+02, 5.65127869e+02, 9.17182495e+02, 5.31458618e+02,
    8.81132935e+02, 5.31444214e+02, 8.46141724e+02, 5.30817932e+02,
    8.11553894e+02, 5.30595886e+02, 7.77374939e+02, 5.30313232e+02,
    9.14918457e+02, 4.94772339e+02, 8.78600464e+02, 4.95000519e+02,
    8.43278137e+02, 4.94815063e+02, 8.08318054e+02, 4.94798859e+02,
    7.73864563e+02, 4.94889832e+02, 9.12689941e+02, 4.57413300e+02,
    8.76043640e+02, 4.57918549e+02, 8.40348450e+02, 4.58114258e+02,
    8.05071045e+02, 4.58367401e+02, 7.70262146e+02, 4.58779785e+02,
    9.10356812e+02, 4.19319458e+02, 8.73364807e+02, 4.20124634e+02,
    8.37282654e+02, 4.20682465e+02, 8.01606506e+02, 4.21315613e+02,
    7.66441223e+02, 4.21988953e+02 ]
