%YAML:1.0
points: [ 7.48672729e+02, 3.55042297e+02, 7.45519958e+02, 3.31562927e+02,
    7.41944946e+02, 3.07181030e+02, 7.38752808e+02, 2.81421204e+02,
    7.35088989e+02, 2.54586166e+02, 7.69955933e+02, 3.68193970e+02,
    7.67211426e+02, 3.45060364e+02, 7.64095337e+02, 3.20595703e+02,
    7.61417603e+02, 2.94859467e+02, 7.58250000e+02, 2.68004517e+02,
    7.91595398e+02, 3.81739777e+02, 7.89042480e+02, 3.58720184e+02,
    7.86959534e+02, 3.34301483e+02, 7.84457031e+02, 3.08604156e+02,
    7.81907349e+02, 2.81900177e+02, 8.13654785e+02, 3.95620300e+02,
    8.11340881e+02, 3.72667999e+02, 8.10078674e+02, 3.48248779e+02,
    8.08137512e+02, 3.22804413e+02, 8.06028259e+02, 2.96130096e+02,
    8.36109680e+02, 4.09792877e+02, 8.34361938e+02, 3.86917419e+02,
    8.33510132e+02, 3.62542755e+02, 8.32128296e+02, 3.37233459e+02,
    8.30462708e+02, 3.10649872e+02, 8.58989441e+02, 4.24209229e+02,
    8.57753235e+02, 4.01372253e+02, 8.57305054e+02, 3.77151703e+02,
    8.56655334e+02, 3.51978241e+02, 8.55634460e+02, 3.25428528e+02,
    8.82391602e+02, 4.38890411e+02, 8.81673279e+02, 4.16235565e+02,
    8.81861755e+02, 3.92286926e+02, 8.81667358e+02, 3.67290314e+02,
    8.80934998e+02, 3.40894836e+02 ]
