%YAML:1.0
points: [ 3.35649292e+02, 2.24964401e+02, 3.23692444e+02, 2.25923950e+02,
    3.12065063e+02, 2.26890244e+02, 3.00782013e+02, 2.27732544e+02,
    2.89740540e+02, 2.28626770e+02, 3.33653717e+02, 2.13997574e+02,
    3.21589325e+02, 2.15098877e+02, 3.09902832e+02, 2.16255478e+02,
    2.98497833e+02, 2.17242905e+02, 2.87401520e+02, 2.18253860e+02,
    3.31642151e+02, 2.02770157e+02, 3.19459351e+02, 2.04145889e+02,
    3.07696259e+02, 2.05303131e+02, 2.96220367e+02, 2.06499084e+02,
    2.85056305e+02, 2.07722961e+02, 3.29609650e+02, 1.91351639e+02,
    3.17280243e+02, 1.92971512e+02, 3.05476257e+02, 1.94216797e+02,
    2.93902527e+02, 1.95592575e+02, 2.82610596e+02, 1.96974640e+02,
    3.27553833e+02, 1.79730713e+02, 3.15114349e+02, 1.81451004e+02,
    3.03203613e+02, 1.82960754e+02, 2.91533905e+02, 1.84444168e+02,
    2.80175690e+02, 1.86042465e+02, 3.25442505e+02, 1.67804733e+02,
    3.12895844e+02, 1.69712006e+02, 3.00858643e+02, 1.71448441e+02,
    2.89134460e+02, 1.73123215e+02, 2.77650299e+02, 1.74797302e+02,
    3.23270660e+02, 1.55643738e+02, 3.10669464e+02, 1.57718811e+02,
    2.98535706e+02, 1.59612640e+02, 2.86644073e+02, 1.61512726e+02,
    2.75039581e+02, 1.63387833e+02 ]
