%YAML:1.0
points: [ 2.61851349e+02, 2.37062088e+02, 2.49590012e+02, 2.36671356e+02,
    2.37479279e+02, 2.36303894e+02, 2.25626434e+02, 2.35885254e+02,
    2.13883972e+02, 2.35496689e+02, 2.61285980e+02, 2.24978470e+02,
    2.48856705e+02, 2.24704865e+02, 2.36663635e+02, 2.24462219e+02,
    2.24712601e+02, 2.24101349e+02, 2.12903442e+02, 2.23806244e+02,
    2.60695190e+02, 2.12701218e+02, 2.48100998e+02, 2.12576523e+02,
    2.35868088e+02, 2.12315933e+02, 2.23795731e+02, 2.12099319e+02,
    2.11875778e+02, 2.11891251e+02, 2.60043701e+02, 2.00144485e+02,
    2.47423431e+02, 2.00153702e+02, 2.35032654e+02, 1.99911026e+02,
    2.22855621e+02, 1.99862625e+02, 2.10843628e+02, 1.99794022e+02,
    2.59520905e+02, 1.87481613e+02, 2.46658447e+02, 1.87552292e+02,
    2.34215775e+02, 1.87494354e+02, 2.21890808e+02, 1.87489548e+02,
    2.09750397e+02, 1.87521194e+02, 2.58847107e+02, 1.74494476e+02,
    2.45879410e+02, 1.74633377e+02, 2.33364624e+02, 1.74719513e+02,
    2.20907303e+02, 1.74786896e+02, 2.08655502e+02, 1.74878769e+02,
    2.58189453e+02, 1.61186172e+02, 2.45083023e+02, 1.61460434e+02,
    2.32504074e+02, 1.61684601e+02, 2.19861664e+02, 1.61845154e+02,
    2.07464722e+02, 1.62080383e+02 ]
