%YAML:1.0
points: [ 7.48344238e+02, 3.92603302e+02, 7.44929077e+02, 3.75086578e+02,
    7.41192017e+02, 3.56902466e+02, 7.37628845e+02, 3.37211548e+02,
    7.33740417e+02, 3.16841461e+02, 7.70208496e+02, 4.09571564e+02,
    7.67286804e+02, 3.92633331e+02, 7.64070923e+02, 3.74534424e+02,
    7.61213013e+02, 3.55333984e+02, 7.57844299e+02, 3.35149261e+02,
    7.92134155e+02, 4.26578735e+02, 7.89533875e+02, 4.10209686e+02,
    7.87439453e+02, 3.92458862e+02, 7.84860840e+02, 3.73546509e+02,
    7.82249756e+02, 3.53878784e+02, 8.14257812e+02, 4.44014923e+02,
    8.12142456e+02, 4.27981262e+02, 8.10893494e+02, 4.10471680e+02,
    8.09039551e+02, 3.92231415e+02, 8.07046753e+02, 3.72994659e+02,
    8.36761597e+02, 4.61779114e+02, 8.35232666e+02, 4.46039307e+02,
    8.34505859e+02, 4.28859131e+02, 8.33370239e+02, 4.11043304e+02,
    8.31793396e+02, 3.92204010e+02, 8.59490601e+02, 4.79632141e+02,
    8.58485474e+02, 4.64101868e+02, 8.58261719e+02, 4.47488708e+02,
    8.57863037e+02, 4.30113770e+02, 8.57192566e+02, 4.11799683e+02,
    8.82606018e+02, 4.97809814e+02, 8.82219055e+02, 4.82782288e+02,
    8.82701599e+02, 4.66693970e+02, 8.82816589e+02, 4.49841858e+02,
    8.82489929e+02, 4.31870544e+02 ]
