%YAML:1.0
points: [ 2.41693649e+02, 2.30989655e+02, 2.30610733e+02, 2.30264877e+02,
    2.19740265e+02, 2.29643768e+02, 2.09191437e+02, 2.28978439e+02,
    1.98729797e+02, 2.28326996e+02, 2.40976593e+02, 2.19437210e+02,
    2.29768219e+02, 2.18879028e+02, 2.18805450e+02, 2.18371384e+02,
    2.08184265e+02, 2.17787704e+02, 1.97678970e+02, 2.17254013e+02,
    2.40202438e+02, 2.07682510e+02, 2.28877090e+02, 2.07284271e+02,
    2.17914825e+02, 2.06797256e+02, 2.07124695e+02, 2.06373596e+02,
    1.96559906e+02, 2.05975952e+02, 2.39401245e+02, 1.95729950e+02,
    2.27942322e+02, 1.95510590e+02, 2.16965698e+02, 1.95119171e+02,
    2.06068512e+02, 1.94821411e+02, 1.95388626e+02, 1.94519989e+02,
    2.38581497e+02, 1.83615936e+02, 2.27053589e+02, 1.83512970e+02,
    2.15974670e+02, 1.83244644e+02, 2.05013870e+02, 1.83072388e+02,
    1.94196243e+02, 1.82899139e+02, 2.37749390e+02, 1.71258789e+02,
    2.26138779e+02, 1.71264572e+02, 2.14920761e+02, 1.71181274e+02,
    2.03861038e+02, 1.71112915e+02, 1.93000351e+02, 1.71068283e+02,
    2.36881393e+02, 1.58646317e+02, 2.25155197e+02, 1.58776001e+02,
    2.13833969e+02, 1.58823288e+02, 2.02658493e+02, 1.58902863e+02,
    1.91662231e+02, 1.59005615e+02 ]
