%YAML:1.0
points: [ 8.68366333e+02, 6.20057007e+02, 8.37131226e+02, 6.18047852e+02,
    8.06295898e+02, 6.16201050e+02, 7.76441345e+02, 6.14086548e+02,
    7.47064392e+02, 6.12313965e+02, 8.65774109e+02, 5.86851746e+02,
    8.34169189e+02, 5.85193237e+02, 8.03204468e+02, 5.83734680e+02,
    7.73223267e+02, 5.82051697e+02, 7.43660645e+02, 5.80449585e+02,
    8.63246826e+02, 5.53032471e+02, 8.31172913e+02, 5.51870911e+02,
    8.00229675e+02, 5.50466553e+02, 7.69917603e+02, 5.49294556e+02,
    7.40115173e+02, 5.48082642e+02, 8.60495972e+02, 5.18626160e+02,
    8.28115356e+02, 5.18019897e+02, 7.97118103e+02, 5.16825195e+02,
    7.66505981e+02, 5.16026794e+02, 7.36430969e+02, 5.15161621e+02,
    8.57770569e+02, 4.83734406e+02, 8.25202209e+02, 4.83434723e+02,
    7.93919739e+02, 4.82712189e+02, 7.63051941e+02, 4.82220886e+02,
    7.32650696e+02, 4.81778595e+02, 8.54983704e+02, 4.48173370e+02,
    8.22223389e+02, 4.48232513e+02, 7.90624023e+02, 4.48027863e+02,
    7.59485718e+02, 4.47818237e+02, 7.28824951e+02, 4.47808685e+02,
    8.52176758e+02, 4.11992615e+02, 8.19070740e+02, 4.12441742e+02,
    7.87135681e+02, 4.12676636e+02, 7.55625854e+02, 4.12967224e+02,
    7.24682129e+02, 4.13257599e+02 ]
