%YAML:1.0
points: [ 3.26521545e+02, 2.23578964e+02, 3.14990631e+02, 2.24389709e+02,
    3.03766846e+02, 2.25266449e+02, 2.92935577e+02, 2.25961685e+02,
    2.82294800e+02, 2.26743011e+02, 3.24396210e+02, 2.12688873e+02,
    3.12750610e+02, 2.13677383e+02, 3.01439392e+02, 2.14719131e+02,
    2.90539490e+02, 2.15571579e+02, 2.79935150e+02, 2.16494736e+02,
    3.22246368e+02, 2.01561951e+02, 3.10485016e+02, 2.02839355e+02,
    2.99182770e+02, 2.03918198e+02, 2.88191528e+02, 2.05024002e+02,
    2.77439178e+02, 2.06062653e+02, 3.20049683e+02, 1.90296356e+02,
    3.08178467e+02, 1.91768417e+02, 2.96849243e+02, 1.92957382e+02,
    2.85715485e+02, 1.94222397e+02, 2.74969208e+02, 1.95441864e+02,
    3.17819305e+02, 1.78785080e+02, 3.05890686e+02, 1.80421661e+02,
    2.94463440e+02, 1.81815842e+02, 2.83270508e+02, 1.83246490e+02,
    2.72358521e+02, 1.84673477e+02, 3.15606201e+02, 1.67005630e+02,
    3.03537018e+02, 1.68831207e+02, 2.92003967e+02, 1.70438049e+02,
    2.80753326e+02, 1.72050888e+02, 2.69774750e+02, 1.73633835e+02,
    3.13260376e+02, 1.54952225e+02, 3.01108551e+02, 1.56994705e+02,
    2.89494049e+02, 1.58794266e+02, 2.78143799e+02, 1.60581406e+02,
    2.67072052e+02, 1.62405289e+02 ]
