%YAML:1.0
points: [ 3.15473206e+02, 2.17724380e+02, 3.04581665e+02, 2.19272614e+02,
    2.94054413e+02, 2.20834930e+02, 2.83934479e+02, 2.22242920e+02,
    2.74104340e+02, 2.23655640e+02, 3.12290283e+02, 2.06649460e+02,
    3.01355042e+02, 2.08436493e+02, 2.90809998e+02, 2.10226227e+02,
    2.80695557e+02, 2.11812576e+02, 2.70864349e+02, 2.13370453e+02,
    3.09104431e+02, 1.95458923e+02, 2.98083862e+02, 1.97507309e+02,
    2.87574921e+02, 1.99364319e+02, 2.77387268e+02, 2.01206177e+02,
    2.67545135e+02, 2.03008652e+02, 3.05842377e+02, 1.84154922e+02,
    2.94741486e+02, 1.86430054e+02, 2.84303467e+02, 1.88418243e+02,
    2.74098114e+02, 1.90459747e+02, 2.64198059e+02, 1.92434113e+02,
    3.02530914e+02, 1.72631821e+02, 2.91425293e+02, 1.75126572e+02,
    2.80974396e+02, 1.77375198e+02, 2.70723114e+02, 1.79592270e+02,
    2.60788391e+02, 1.81802719e+02, 2.99180267e+02, 1.60922089e+02,
    2.88093933e+02, 1.63638351e+02, 2.77501984e+02, 1.66140793e+02,
    2.67272736e+02, 1.68545578e+02, 2.57318878e+02, 1.70969772e+02,
    2.95776154e+02, 1.48988663e+02, 2.84612488e+02, 1.51932037e+02,
    2.74085815e+02, 1.54678818e+02, 2.63774750e+02, 1.57372513e+02,
    2.53739929e+02, 1.60002487e+02 ]
