%YAML:1.0
points: [ 1.42265356e+03, 7.12527710e+02, 1.38719421e+03, 7.20217957e+02,
    1.35116553e+03, 7.28335327e+02, 1.31366895e+03, 7.36230225e+02,
    1.27543420e+03, 7.44627686e+02, 1.42713110e+03, 6.71885925e+02,
    1.39160168e+03, 6.79150513e+02, 1.35505859e+03, 6.86750977e+02,
    1.31701440e+03, 6.94244507e+02, 1.27834961e+03, 7.02125549e+02,
    1.43183374e+03, 6.30315735e+02, 1.39626880e+03, 6.37224182e+02,
    1.35888428e+03, 6.44050720e+02, 1.32064368e+03, 6.51239929e+02,
    1.28156958e+03, 6.58620850e+02, 1.43685803e+03, 5.87696411e+02,
    1.40110413e+03, 5.94268188e+02, 1.36298535e+03, 6.00405396e+02,
    1.32445093e+03, 6.07060364e+02, 1.28498865e+03, 6.13838013e+02,
    1.44220996e+03, 5.44054504e+02, 1.40588672e+03, 5.50137146e+02,
    1.36740784e+03, 5.55739868e+02, 1.32845935e+03, 5.61715698e+02,
    1.28863269e+03, 5.68142639e+02, 1.44766748e+03, 4.99252747e+02,
    1.41090796e+03, 5.04732056e+02, 1.37218628e+03, 5.09903564e+02,
    1.33273352e+03, 5.15344421e+02, 1.29245752e+03, 5.21020935e+02,
    1.45335510e+03, 4.53305023e+02, 1.41625562e+03, 4.58203308e+02,
    1.37724841e+03, 4.62692932e+02, 1.33753577e+03, 4.67527710e+02,
    1.29679932e+03, 4.72834076e+02 ]
