%YAML:1.0
points: [ 7.53326782e+02, 3.95642700e+02, 7.48254822e+02, 3.75878815e+02,
    7.42724121e+02, 3.55445221e+02, 7.37357178e+02, 3.33543610e+02,
    7.31476196e+02, 3.10871735e+02, 7.73525940e+02, 4.09916168e+02,
    7.68767273e+02, 3.90524109e+02, 7.63617981e+02, 3.69935730e+02,
    7.58746460e+02, 3.48263031e+02, 7.53400818e+02, 3.25701080e+02,
    7.93898254e+02, 4.24370239e+02, 7.89385803e+02, 4.05364502e+02,
    7.85193298e+02, 3.84868530e+02, 7.80552246e+02, 3.63360016e+02,
    7.75746643e+02, 3.40968384e+02, 8.14666382e+02, 4.39194946e+02,
    8.10449219e+02, 4.20382874e+02, 8.07099915e+02, 4.00038788e+02,
    8.02889648e+02, 3.78838257e+02, 7.98572388e+02, 3.56619385e+02,
    8.35840515e+02, 4.54491394e+02, 8.32061340e+02, 4.35669952e+02,
    8.29152100e+02, 4.15489532e+02, 8.25589844e+02, 3.94575623e+02,
    8.21503967e+02, 3.72532349e+02, 8.57399902e+02, 4.69903412e+02,
    8.54179810e+02, 4.51275757e+02, 8.51599365e+02, 4.31414978e+02,
    8.48661133e+02, 4.10652588e+02, 8.45309998e+02, 3.88837585e+02,
    8.79439636e+02, 4.85721954e+02, 8.76693359e+02, 4.67359680e+02,
    8.74619324e+02, 4.47662018e+02, 8.72255127e+02, 4.27357452e+02,
    8.69062378e+02, 4.05728210e+02 ]
