%YAML:1.0
points: [ 4.38906219e+02, 2.62850952e+02, 4.27204285e+02, 2.65628540e+02,
    4.15224152e+02, 2.68551422e+02, 4.02566986e+02, 2.71362061e+02,
    3.89661163e+02, 2.74342163e+02, 4.40805847e+02, 2.48797333e+02,
    4.29070282e+02, 2.51353012e+02, 4.16924103e+02, 2.54086304e+02,
    4.04105469e+02, 2.56742645e+02, 3.91013947e+02, 2.59539612e+02,
    4.42777496e+02, 2.34319778e+02, 4.31079285e+02, 2.36762527e+02,
    4.18522644e+02, 2.39212631e+02, 4.05722626e+02, 2.41770020e+02,
    3.92473297e+02, 2.44373367e+02, 4.44774048e+02, 2.19514969e+02,
    4.33158203e+02, 2.21858948e+02, 4.20276581e+02, 2.23993820e+02,
    4.07343658e+02, 2.26374268e+02, 3.93995331e+02, 2.28763657e+02,
    4.46825043e+02, 2.04336487e+02, 4.35118256e+02, 2.06449249e+02,
    4.22176392e+02, 2.08410370e+02, 4.09105072e+02, 2.10542694e+02,
    3.95622375e+02, 2.12820648e+02, 4.49000549e+02, 1.88729446e+02,
    4.37097443e+02, 1.90641357e+02, 4.24192932e+02, 1.92412369e+02,
    4.10909332e+02, 1.94324646e+02, 3.97280548e+02, 1.96339249e+02,
    4.51201050e+02, 1.72816681e+02, 4.39206482e+02, 1.74460907e+02,
    4.26174500e+02, 1.75994110e+02, 4.12903900e+02, 1.77623260e+02,
    3.99243744e+02, 1.79476639e+02 ]
