%YAML:1.0
points: [ 1.41657056e+03, 7.00815613e+02, 1.37945374e+03, 7.08322571e+02,
    1.34187378e+03, 7.16227722e+02, 1.30282874e+03, 7.23955200e+02,
    1.26311865e+03, 7.32064209e+02, 1.41981274e+03, 6.58978516e+02,
    1.38268420e+03, 6.66070557e+02, 1.34452686e+03, 6.73532898e+02,
    1.30492261e+03, 6.80848694e+02, 1.26485571e+03, 6.88419678e+02,
    1.42326379e+03, 6.16234436e+02, 1.38606726e+03, 6.23062195e+02,
    1.34703650e+03, 6.29770386e+02, 1.30731433e+03, 6.36743774e+02,
    1.26673767e+03, 6.43928833e+02, 1.42695972e+03, 5.72551880e+02,
    1.38957410e+03, 5.79017273e+02, 1.34984729e+03, 5.85029358e+02,
    1.30977295e+03, 5.91513184e+02, 1.26882422e+03, 5.98119873e+02,
    1.43098767e+03, 5.27901672e+02, 1.39303723e+03, 5.33840454e+02,
    1.35286108e+03, 5.39365356e+02, 1.31241321e+03, 5.45255127e+02,
    1.27113330e+03, 5.51542053e+02, 1.43507471e+03, 4.82071503e+02,
    1.39664673e+03, 4.87443878e+02, 1.35632446e+03, 4.92554047e+02,
    1.31528735e+03, 4.97938690e+02, 1.27345447e+03, 5.03514587e+02,
    1.43935974e+03, 4.35092438e+02, 1.40053967e+03, 4.39938782e+02,
    1.35991455e+03, 4.44444183e+02, 1.31859753e+03, 4.49221191e+02,
    1.27628918e+03, 4.54471893e+02 ]
