%YAML:1.0
points: [ 9.49387085e+02, 4.16074310e+02, 9.45997803e+02, 4.39043549e+02,
    9.42426819e+02, 4.60752502e+02, 9.38809448e+02, 4.81579437e+02,
    9.35988831e+02, 5.00909393e+02, 9.19671631e+02, 3.98002563e+02,
    9.16843750e+02, 4.21353149e+02, 9.14030029e+02, 4.43572784e+02,
    9.11174744e+02, 4.64773102e+02, 9.09167419e+02, 4.84519348e+02,
    8.90124695e+02, 3.80611420e+02, 8.88185913e+02, 4.04214539e+02,
    8.86193787e+02, 4.26709564e+02, 8.83941345e+02, 4.48302948e+02,
    8.82637756e+02, 4.68344452e+02, 8.61181274e+02, 3.63405640e+02,
    8.59876526e+02, 3.87415039e+02, 8.58690857e+02, 4.10269043e+02,
    8.57163208e+02, 4.32201599e+02, 8.56512451e+02, 4.52298157e+02,
    8.32354126e+02, 3.46336823e+02, 8.31893799e+02, 3.70782898e+02,
    8.31388245e+02, 3.93995300e+02, 8.30793030e+02, 4.16118835e+02,
    8.30706177e+02, 4.36557220e+02, 8.03976685e+02, 3.29648712e+02,
    8.04269104e+02, 3.54367798e+02, 8.04334595e+02, 3.78015991e+02,
    8.04774109e+02, 4.00187653e+02, 8.05122742e+02, 4.21110413e+02,
    7.75927979e+02, 3.13342865e+02, 7.77026489e+02, 3.38336639e+02,
    7.77773315e+02, 3.62193604e+02, 7.78924866e+02, 3.84451630e+02,
    7.79799988e+02, 4.05900146e+02 ]
