%YAML:1.0
points: [ 3.02781616e+02, 2.03112320e+02, 2.92867859e+02, 2.06246384e+02,
    2.83268036e+02, 2.09317444e+02, 2.74183929e+02, 2.12180542e+02,
    2.65394196e+02, 2.14997269e+02, 2.98386292e+02, 1.91872040e+02,
    2.88506409e+02, 1.95248352e+02, 2.78989014e+02, 1.98537170e+02,
    2.69975647e+02, 2.01596222e+02, 2.61241791e+02, 2.04557266e+02,
    2.94041718e+02, 1.80601212e+02, 2.84124054e+02, 1.84275299e+02,
    2.74786713e+02, 1.87668335e+02, 2.65755829e+02, 1.91024490e+02,
    2.57038696e+02, 1.94196548e+02, 2.89562073e+02, 1.69261490e+02,
    2.79679810e+02, 1.73189774e+02, 2.70519379e+02, 1.76798431e+02,
    2.61532135e+02, 1.80346725e+02, 2.52834000e+02, 1.83754593e+02,
    2.85149414e+02, 1.57838058e+02, 2.75301727e+02, 1.61990799e+02,
    2.66167694e+02, 1.65866806e+02, 2.57250916e+02, 1.69626465e+02,
    2.48614410e+02, 1.73280884e+02, 2.80647430e+02, 1.46379593e+02,
    2.70916565e+02, 1.50728317e+02, 2.61784149e+02, 1.54870361e+02,
    2.52930847e+02, 1.58843185e+02, 2.44362778e+02, 1.62696167e+02,
    2.76165649e+02, 1.34776398e+02, 2.66463867e+02, 1.39406067e+02,
    2.57367676e+02, 1.43782593e+02, 2.48555237e+02, 1.48005020e+02,
    2.39937317e+02, 1.52055817e+02 ]
