%YAML:1.0
points: [ 4.37257446e+02, 2.58808228e+02, 4.24919922e+02, 2.61557648e+02,
    4.12394287e+02, 2.64354553e+02, 3.99152466e+02, 2.67102631e+02,
    3.85666290e+02, 2.70017944e+02, 4.38710541e+02, 2.44322922e+02,
    4.26377441e+02, 2.46831024e+02, 4.13605011e+02, 2.49565735e+02,
    4.00235352e+02, 2.52080307e+02, 3.86543060e+02, 2.54817200e+02,
    4.40221191e+02, 2.29469635e+02, 4.27868652e+02, 2.31878052e+02,
    4.14794495e+02, 2.34257919e+02, 4.01365448e+02, 2.36778580e+02,
    3.87523315e+02, 2.39271103e+02, 4.41799500e+02, 2.14250961e+02,
    4.29442719e+02, 2.16543549e+02, 4.16071899e+02, 2.18652161e+02,
    4.02525146e+02, 2.20973694e+02, 3.88574402e+02, 2.23322571e+02,
    4.43439453e+02, 1.98687363e+02, 4.30931274e+02, 2.00792648e+02,
    4.17447998e+02, 2.02719147e+02, 4.03776062e+02, 2.04798386e+02,
    3.89727356e+02, 2.07042908e+02, 4.45015991e+02, 1.82801941e+02,
    4.32408539e+02, 1.84658356e+02, 4.18944794e+02, 1.86377502e+02,
    4.05098114e+02, 1.88241058e+02, 3.90902802e+02, 1.90217941e+02,
    4.46678528e+02, 1.66431763e+02, 4.34054413e+02, 1.68076859e+02,
    4.20424316e+02, 1.69615906e+02, 4.06505066e+02, 1.71285645e+02,
    3.92286743e+02, 1.73103119e+02 ]
