%YAML:1.0
points: [ 1.13764209e+03, 4.32149963e+02, 1.12058545e+03, 4.57298157e+02,
    1.10451135e+03, 4.81115509e+02, 1.08917322e+03, 5.03920807e+02,
    1.07493640e+03, 5.24953613e+02, 1.10169580e+03, 4.12970795e+02,
    1.08548743e+03, 4.38723114e+02, 1.07040039e+03, 4.63280518e+02,
    1.05602454e+03, 4.86703613e+02, 1.04259558e+03, 5.08231262e+02,
    1.06537964e+03, 3.93969604e+02, 1.05040283e+03, 4.20358765e+02,
    1.03620300e+03, 4.45408508e+02, 1.02269183e+03, 4.69504517e+02,
    1.01016962e+03, 4.91469971e+02, 1.02923730e+03, 3.75132446e+02,
    1.01520813e+03, 4.02119843e+02, 1.00200543e+03, 4.27706390e+02,
    9.89435608e+02, 4.52382233e+02, 9.77816772e+02, 4.74617462e+02,
    9.92836243e+02, 3.56089294e+02, 9.79968323e+02, 3.83856171e+02,
    9.67654724e+02, 4.10068909e+02, 9.56077576e+02, 4.35031921e+02,
    9.45373352e+02, 4.57934906e+02, 9.56481506e+02, 3.37250763e+02,
    9.44628906e+02, 3.65624634e+02, 9.33337585e+02, 3.92577087e+02,
    9.22776794e+02, 4.17651093e+02, 9.12900146e+02, 4.41366211e+02,
    9.19968323e+02, 3.18469879e+02, 9.09183228e+02, 3.47300049e+02,
    8.98844177e+02, 3.74806915e+02, 8.89367126e+02, 4.00330414e+02,
    8.80241272e+02, 4.24731506e+02 ]
