%YAML:1.0
points: [ 3.41783997e+02, 2.08392380e+02, 3.29703522e+02, 2.12002045e+02,
    3.18004486e+02, 2.15593399e+02, 3.06800079e+02, 2.18979355e+02,
    2.95875641e+02, 2.22291061e+02, 3.37152924e+02, 1.96649124e+02,
    3.25076447e+02, 2.00515793e+02, 3.13428558e+02, 2.04303299e+02,
    3.02218170e+02, 2.07895126e+02, 2.91332825e+02, 2.11370224e+02,
    3.32513336e+02, 1.84812256e+02, 3.20436493e+02, 1.88930527e+02,
    3.08834564e+02, 1.92859161e+02, 2.97616547e+02, 1.96693192e+02,
    2.86751129e+02, 2.00418137e+02, 3.27800903e+02, 1.72883865e+02,
    3.15707520e+02, 1.77346527e+02, 3.04209930e+02, 1.81403183e+02,
    2.92983459e+02, 1.85410614e+02, 2.82124359e+02, 1.89326294e+02,
    3.23074646e+02, 1.60831879e+02, 3.10943298e+02, 1.65503754e+02,
    2.99522430e+02, 1.69773178e+02, 2.88301392e+02, 1.73981735e+02,
    2.77417816e+02, 1.78145477e+02, 3.18330139e+02, 1.48670975e+02,
    3.06219513e+02, 1.53537872e+02, 2.94749207e+02, 1.58039566e+02,
    2.83616516e+02, 1.62538330e+02, 2.72736755e+02, 1.66822739e+02,
    3.13483124e+02, 1.36282639e+02, 3.01446014e+02, 1.41404556e+02,
    2.89900299e+02, 1.46132675e+02, 2.78790527e+02, 1.50836624e+02,
    2.67891357e+02, 1.55450104e+02 ]
