%YAML:1.0
points: [ 3.77868927e+02, 2.54150314e+02, 3.63440948e+02, 2.55679520e+02,
    3.49150635e+02, 2.57306915e+02, 3.34407898e+02, 2.58857361e+02,
    3.19680908e+02, 2.60425995e+02, 3.78399292e+02, 2.39932343e+02,
    3.63989655e+02, 2.41379181e+02, 3.49393829e+02, 2.43062897e+02,
    3.34523651e+02, 2.44444031e+02, 3.19606384e+02, 2.46051422e+02,
    3.79077820e+02, 2.25397690e+02, 3.64468597e+02, 2.26934128e+02,
    3.49630188e+02, 2.28324753e+02, 3.34755066e+02, 2.29803818e+02,
    3.19632477e+02, 2.31304001e+02, 3.79683380e+02, 2.10612518e+02,
    3.65134308e+02, 2.12049103e+02, 3.50007812e+02, 2.13339142e+02,
    3.34894165e+02, 2.14766052e+02, 3.19678894e+02, 2.16226486e+02,
    3.80408142e+02, 1.95453568e+02, 3.65657410e+02, 1.96789688e+02,
    3.50378876e+02, 1.98036957e+02, 3.35124298e+02, 1.99448914e+02,
    3.19779602e+02, 2.00814606e+02, 3.81210541e+02, 1.79894974e+02,
    3.66241180e+02, 1.81232147e+02, 3.50872498e+02, 1.82549454e+02,
    3.35393280e+02, 1.83737595e+02, 3.19855316e+02, 1.85035889e+02,
    3.81974792e+02, 1.64041367e+02, 3.66874695e+02, 1.65292557e+02,
    3.51387665e+02, 1.66512848e+02, 3.35726868e+02, 1.67688507e+02,
    3.20010162e+02, 1.68909973e+02 ]
