%YAML:1.0
points: [ 1.24614929e+03, 6.86411865e+02, 1.20477563e+03, 6.90830688e+02,
    1.16326074e+03, 6.95613892e+02, 1.12103162e+03, 7.00057129e+02,
    1.07848987e+03, 7.04767273e+02, 1.24706885e+03, 6.45681091e+02,
    1.20549512e+03, 6.50013672e+02, 1.16347583e+03, 6.54567810e+02,
    1.12076245e+03, 6.58794373e+02, 1.07780884e+03, 6.63284241e+02,
    1.24813538e+03, 6.04105896e+02, 1.20633875e+03, 6.08386353e+02,
    1.16365710e+03, 6.12448853e+02, 1.12062512e+03, 6.16685913e+02,
    1.07714758e+03, 6.21012939e+02, 1.24938293e+03, 5.61663513e+02,
    1.20719153e+03, 5.65869385e+02, 1.16390833e+03, 5.69526855e+02,
    1.12048206e+03, 5.73628540e+02, 1.07656360e+03, 5.77721619e+02,
    1.25074976e+03, 5.18306091e+02, 1.20804016e+03, 5.22329468e+02,
    1.16427942e+03, 5.25854248e+02, 1.12039587e+03, 5.29642761e+02,
    1.07600366e+03, 5.33656921e+02, 1.25210559e+03, 4.73948029e+02,
    1.20893994e+03, 4.77692139e+02, 1.16480750e+03, 4.81158173e+02,
    1.12036597e+03, 4.84718933e+02, 1.07545276e+03, 4.88332947e+02,
    1.25360901e+03, 4.28578033e+02, 1.21001514e+03, 4.32100250e+02,
    1.16535950e+03, 4.35257019e+02, 1.12048096e+03, 4.38652466e+02,
    1.07509985e+03, 4.42181091e+02 ]
