%YAML:1.0
points: [ 1.51734460e+03, 6.77934021e+02, 1.48486597e+03, 6.85406250e+02,
    1.45169263e+03, 6.93392334e+02, 1.41660913e+03, 7.01351074e+02,
    1.38078857e+03, 7.09609314e+02, 1.52247083e+03, 6.34627319e+02,
    1.49008337e+03, 6.41530396e+02, 1.45643164e+03, 6.48825867e+02,
    1.42097144e+03, 6.56059082e+02, 1.38475085e+03, 6.63681824e+02,
    1.52780042e+03, 5.90555115e+02, 1.49557300e+03, 5.96887390e+02,
    1.46111584e+03, 6.03220642e+02, 1.42561267e+03, 6.09847961e+02,
    1.38906494e+03, 6.16815308e+02, 1.53346301e+03, 5.45551208e+02,
    1.50126599e+03, 5.51177795e+02, 1.46604199e+03, 5.56678894e+02,
    1.43045984e+03, 5.62574890e+02, 1.39373767e+03, 5.68601135e+02,
    1.53942078e+03, 4.99541229e+02, 1.50681445e+03, 5.04462128e+02,
    1.47140344e+03, 5.09214081e+02, 1.43557776e+03, 5.14258240e+02,
    1.39860266e+03, 5.19650879e+02, 1.54553735e+03, 4.52439484e+02,
    1.51257629e+03, 4.56600525e+02, 1.47718115e+03, 4.60610718e+02,
    1.44092566e+03, 4.64846832e+02, 1.40364868e+03, 4.69160889e+02,
    1.55189185e+03, 4.04251373e+02, 1.51869922e+03, 4.07598938e+02,
    1.48322754e+03, 4.10659576e+02, 1.44691211e+03, 4.13985931e+02,
    1.40944043e+03, 4.17702148e+02 ]
