%YAML:1.0
points: [ 4.71124451e+02, 2.50520493e+02, 4.60846619e+02, 2.53275269e+02,
    4.50392120e+02, 2.56136871e+02, 4.38896576e+02, 2.58964386e+02,
    4.27164246e+02, 2.61985626e+02, 4.73159546e+02, 2.35641312e+02,
    4.62926880e+02, 2.38099579e+02, 4.52326569e+02, 2.40688232e+02,
    4.40787170e+02, 2.43247879e+02, 4.28861755e+02, 2.46032318e+02,
    4.75299683e+02, 2.20304962e+02, 4.65169281e+02, 2.22604401e+02,
    4.54082825e+02, 2.24876297e+02, 4.42756439e+02, 2.27202744e+02,
    4.30727631e+02, 2.29675079e+02, 4.77328827e+02, 2.04755615e+02,
    4.67423737e+02, 2.06787247e+02, 4.56036713e+02, 2.08734283e+02,
    4.44662750e+02, 2.10795410e+02, 4.32646881e+02, 2.12900070e+02,
    4.79368622e+02, 1.89002441e+02, 4.69510529e+02, 1.90589401e+02,
    4.58182678e+02, 1.92155884e+02, 4.46636688e+02, 1.93947128e+02,
    4.34664459e+02, 1.95834335e+02, 4.81453949e+02, 1.72871597e+02,
    4.71451263e+02, 1.74110626e+02, 4.60376312e+02, 1.75369629e+02,
    4.48683868e+02, 1.76775070e+02, 4.36655334e+02, 1.78269730e+02,
    4.83521210e+02, 1.56262085e+02, 4.73541046e+02, 1.57233673e+02,
    4.62464386e+02, 1.58143112e+02, 4.50843231e+02, 1.59197433e+02,
    4.38878998e+02, 1.60426041e+02 ]
