%YAML:1.0
points: [ 3.43757019e+02, 1.79964951e+02, 3.31239899e+02, 1.84227478e+02,
    3.19079926e+02, 1.88436691e+02, 3.07470581e+02, 1.92398987e+02,
    2.96035828e+02, 1.96265701e+02, 3.39288422e+02, 1.67637787e+02,
    3.26962036e+02, 1.72067078e+02, 3.14801758e+02, 1.76472198e+02,
    3.03158417e+02, 1.80644623e+02, 2.91874481e+02, 1.84702835e+02,
    3.35036621e+02, 1.55282104e+02, 3.22588837e+02, 1.59927429e+02,
    3.10640442e+02, 1.64473846e+02, 2.98934723e+02, 1.68834183e+02,
    2.87671600e+02, 1.73089188e+02, 3.30778442e+02, 1.42843811e+02,
    3.18054688e+02, 1.47719025e+02, 3.06418793e+02, 1.52422607e+02,
    2.94730133e+02, 1.56973663e+02, 2.83479340e+02, 1.61441589e+02,
    3.26312439e+02, 1.30296677e+02, 3.13784607e+02, 1.35437836e+02,
    3.02024261e+02, 1.40341110e+02, 2.90538452e+02, 1.45066650e+02,
    2.79216583e+02, 1.49714951e+02, 3.21886810e+02, 1.17779922e+02,
    3.09534546e+02, 1.23114868e+02, 2.97716675e+02, 1.28168961e+02,
    2.86218811e+02, 1.33116974e+02, 2.74988403e+02, 1.37910538e+02,
    3.17388672e+02, 1.05195206e+02, 3.05110718e+02, 1.10654015e+02,
    2.93431946e+02, 1.15943916e+02, 2.81867096e+02, 1.21071198e+02,
    2.70670380e+02, 1.26061203e+02 ]
