%YAML:1.0
points: [ 1.05664795e+03, 1.80603851e+02, 1.05597986e+03, 2.21212051e+02,
    1.05521960e+03, 2.60795258e+02, 1.05440576e+03, 2.99403473e+02,
    1.05388379e+03, 3.36687469e+02, 1.01857904e+03, 1.80887802e+02,
    1.01842700e+03, 2.21259521e+02, 1.01809113e+03, 2.60525696e+02,
    1.01775366e+03, 2.98829865e+02, 1.01767572e+03, 3.35855194e+02,
    9.81073059e+02, 1.81245041e+02, 9.81390137e+02, 2.21242218e+02,
    9.81593018e+02, 2.60174927e+02, 9.81637573e+02, 2.98222931e+02,
    9.82089661e+02, 3.34980408e+02, 9.44172729e+02, 1.81481522e+02,
    9.44894714e+02, 2.21270660e+02, 9.45642212e+02, 2.59823792e+02,
    9.46077209e+02, 2.97665558e+02, 9.47001892e+02, 3.34165985e+02,
    9.07812378e+02, 1.81849060e+02, 9.08980652e+02, 2.21325195e+02,
    9.10158386e+02, 2.59593048e+02, 9.11187561e+02, 2.97029755e+02,
    9.12416443e+02, 3.33397461e+02, 8.71971252e+02, 1.82100266e+02,
    8.73562195e+02, 2.21269989e+02, 8.75049561e+02, 2.59368103e+02,
    8.76726074e+02, 2.96468842e+02, 8.78262024e+02, 3.32632050e+02,
    8.36611694e+02, 1.82389038e+02, 8.38728394e+02, 2.21250519e+02,
    8.40614563e+02, 2.59113281e+02, 8.42713013e+02, 2.95969421e+02,
    8.44532471e+02, 3.31919495e+02 ]
