%YAML:1.0
points: [ 4.64770844e+02, 2.90429291e+02, 4.54598694e+02, 2.95679840e+02,
    4.44287842e+02, 3.01169739e+02, 4.33375275e+02, 3.06523071e+02,
    4.22027069e+02, 3.12307861e+02, 4.66451538e+02, 2.77982574e+02,
    4.56294159e+02, 2.82955292e+02, 4.45843475e+02, 2.88467194e+02,
    4.34687073e+02, 2.93793854e+02, 4.23151337e+02, 2.99286163e+02,
    4.68278564e+02, 2.64986725e+02, 4.58095490e+02, 2.70157745e+02,
    4.47185394e+02, 2.75152863e+02, 4.36025665e+02, 2.80485626e+02,
    4.24348328e+02, 2.85907349e+02, 4.70044769e+02, 2.51707077e+02,
    4.59981964e+02, 2.56773041e+02, 4.48658539e+02, 2.61502625e+02,
    4.37391937e+02, 2.66699463e+02, 4.25588287e+02, 2.71960327e+02,
    4.71954102e+02, 2.37972977e+02, 4.61711853e+02, 2.42832916e+02,
    4.50346863e+02, 2.47462875e+02, 4.38746857e+02, 2.52454971e+02,
    4.26874847e+02, 2.57700653e+02, 4.73865997e+02, 2.23707352e+02,
    4.63471527e+02, 2.28411011e+02, 4.52088196e+02, 2.32969254e+02,
    4.40266785e+02, 2.37768967e+02, 4.28142670e+02, 2.42819839e+02,
    4.75793335e+02, 2.08971680e+02, 4.65286316e+02, 2.13411697e+02,
    4.53789703e+02, 2.17737228e+02, 4.41962341e+02, 2.22441238e+02,
    4.29713593e+02, 2.27495438e+02 ]
