%YAML:1.0
points: [ 1.50364087e+03, 7.94255615e+02, 1.47201135e+03, 8.08875549e+02,
    1.43994043e+03, 8.24223694e+02, 1.40635840e+03, 8.39345581e+02,
    1.37208228e+03, 8.55325378e+02, 1.50709949e+03, 7.57746155e+02,
    1.47537329e+03, 7.72115662e+02, 1.44264172e+03, 7.87146545e+02,
    1.40841382e+03, 8.02054871e+02, 1.37366968e+03, 8.17611572e+02,
    1.51081982e+03, 7.20178894e+02, 1.47905408e+03, 7.34444031e+02,
    1.44529980e+03, 7.48641541e+02, 1.41081177e+03, 7.63547607e+02,
    1.37542078e+03, 7.78880310e+02, 1.51477234e+03, 6.81449219e+02,
    1.48271692e+03, 6.95625977e+02, 1.44816724e+03, 7.09088074e+02,
    1.41327185e+03, 7.23728821e+02, 1.37745520e+03, 7.38627014e+02,
    1.51906384e+03, 6.41504883e+02, 1.48636218e+03, 6.55371277e+02,
    1.45133459e+03, 6.68541748e+02, 1.41596130e+03, 6.82565125e+02,
    1.37965125e+03, 6.97428772e+02, 1.52344214e+03, 6.00208923e+02,
    1.49019519e+03, 6.13633240e+02, 1.45484363e+03, 6.26669556e+02,
    1.41886401e+03, 6.40160767e+02, 1.38192688e+03, 6.54477356e+02,
    1.52806250e+03, 5.57590393e+02, 1.49437598e+03, 5.70583069e+02,
    1.45867578e+03, 5.82984070e+02, 1.42225818e+03, 5.96223694e+02,
    1.38491479e+03, 6.10449707e+02 ]
