%YAML:1.0
points: [ 7.99453186e+02, 3.09507416e+02, 7.89176880e+02, 2.81238281e+02,
    7.78752991e+02, 2.53122681e+02, 7.68803467e+02, 2.25484573e+02,
    7.58739929e+02, 1.98026810e+02, 8.27964478e+02, 2.95607452e+02,
    8.17409607e+02, 2.67087250e+02, 8.06755432e+02, 2.38938538e+02,
    7.96613586e+02, 2.11274658e+02, 7.86426453e+02, 1.83679031e+02,
    8.56860474e+02, 2.81461761e+02, 8.45882690e+02, 2.52726013e+02,
    8.35381592e+02, 2.24649948e+02, 8.24762939e+02, 1.96847214e+02,
    8.14365051e+02, 1.69139450e+02, 8.86067444e+02, 2.67119598e+02,
    8.74768555e+02, 2.38248489e+02, 8.64157837e+02, 2.10127655e+02,
    8.53351990e+02, 1.82090515e+02, 8.42593811e+02, 1.54306915e+02,
    9.15571716e+02, 2.52545547e+02, 9.04093506e+02, 2.23683197e+02,
    8.93133118e+02, 1.95473999e+02, 8.82159851e+02, 1.67237396e+02,
    8.71153442e+02, 1.39252472e+02, 9.45468506e+02, 2.37870834e+02,
    9.33863770e+02, 2.08804626e+02, 9.22624390e+02, 1.80439758e+02,
    9.11468018e+02, 1.52140289e+02, 9.00166504e+02, 1.24082130e+02,
    9.75847412e+02, 2.22916824e+02, 9.63960999e+02, 1.93695541e+02,
    9.52456726e+02, 1.65162521e+02, 9.40846130e+02, 1.36649582e+02,
    9.29428406e+02, 1.08410599e+02 ]
