%YAML:1.0
points: [ 3.04615784e+02, 1.76311722e+02, 2.94169647e+02, 1.80089828e+02,
    2.83995514e+02, 1.83721085e+02, 2.74349060e+02, 1.87261032e+02,
    2.64978973e+02, 1.90640228e+02, 3.00841980e+02, 1.64591431e+02,
    2.90407654e+02, 1.68585495e+02, 2.80319183e+02, 1.72481049e+02,
    2.70766235e+02, 1.76188217e+02, 2.61487640e+02, 1.79748138e+02,
    2.97077301e+02, 1.52828461e+02, 2.86618774e+02, 1.57096375e+02,
    2.76772125e+02, 1.61174805e+02, 2.67188019e+02, 1.65107880e+02,
    2.57943451e+02, 1.68872940e+02, 2.93298279e+02, 1.41097580e+02,
    2.82847839e+02, 1.45589264e+02, 2.73164551e+02, 1.49846909e+02,
    2.63618988e+02, 1.53991089e+02, 2.54414597e+02, 1.57959229e+02,
    2.89458496e+02, 1.29322449e+02, 2.79162781e+02, 1.34002991e+02,
    2.69474518e+02, 1.38543030e+02, 2.60030029e+02, 1.42881699e+02,
    2.50824570e+02, 1.47047134e+02, 2.85721649e+02, 1.17588814e+02,
    2.75435486e+02, 1.22482079e+02, 2.65807678e+02, 1.27194382e+02,
    2.56435364e+02, 1.31742966e+02, 2.47311920e+02, 1.36119858e+02,
    2.81952789e+02, 1.05774437e+02, 2.71741577e+02, 1.10862511e+02,
    2.62145294e+02, 1.15840721e+02, 2.52767624e+02, 1.20617470e+02,
    2.43658707e+02, 1.25139069e+02 ]
