%YAML:1.0
points: [ 3.03537109e+02, 2.10140503e+02, 2.93724182e+02, 2.13071640e+02,
    2.84216370e+02, 2.15965942e+02, 2.75223541e+02, 2.18636520e+02,
    2.66511078e+02, 2.21277435e+02, 2.99010040e+02, 1.99086502e+02,
    2.89212158e+02, 2.02258652e+02, 2.79774628e+02, 2.05360748e+02,
    2.70853790e+02, 2.08281067e+02, 2.62207825e+02, 2.11107803e+02,
    2.94420135e+02, 1.87943893e+02, 2.84605255e+02, 1.91423859e+02,
    2.75395264e+02, 1.94678101e+02, 2.66458588e+02, 1.97838470e+02,
    2.57820526e+02, 2.00873672e+02, 2.89831085e+02, 1.76769257e+02,
    2.80014709e+02, 1.80545151e+02, 2.70937531e+02, 1.83955536e+02,
    2.61999420e+02, 1.87319427e+02, 2.53410629e+02, 1.90565598e+02,
    2.85175507e+02, 1.65530579e+02, 2.75448486e+02, 1.69506760e+02,
    2.66370148e+02, 1.73175385e+02, 2.57577179e+02, 1.76758575e+02,
    2.48957260e+02, 1.80240189e+02, 2.80482666e+02, 1.54166214e+02,
    2.70849945e+02, 1.58383270e+02, 2.61794556e+02, 1.62326218e+02,
    2.53038757e+02, 1.66133850e+02, 2.44548599e+02, 1.69840149e+02,
    2.75808563e+02, 1.42704834e+02, 2.66182281e+02, 1.47165512e+02,
    2.57189087e+02, 1.51335419e+02, 2.48439713e+02, 1.55413589e+02,
    2.39911835e+02, 1.59328461e+02 ]
