%YAML:1.0
points: [ 4.28732971e+02, 2.89575195e+02, 4.16560669e+02, 2.93896790e+02,
    4.04251556e+02, 2.98431824e+02, 3.91279633e+02, 3.02861969e+02,
    3.78184143e+02, 3.07466370e+02, 4.29454926e+02, 2.76964264e+02,
    4.17166718e+02, 2.81196075e+02, 4.04558777e+02, 2.85736115e+02,
    3.91403107e+02, 2.90043152e+02, 3.78063385e+02, 2.94530365e+02,
    4.30177002e+02, 2.63915283e+02, 4.17879883e+02, 2.68194244e+02,
    4.04793335e+02, 2.72415192e+02, 3.91568085e+02, 2.76780396e+02,
    3.77978088e+02, 2.81237091e+02, 4.30946320e+02, 2.50443680e+02,
    4.18602509e+02, 2.54775925e+02, 4.05111053e+02, 2.58755554e+02,
    3.91688324e+02, 2.63076904e+02, 3.77905823e+02, 2.67455872e+02,
    4.31760040e+02, 2.36599930e+02, 4.19145721e+02, 2.40821945e+02,
    4.05530640e+02, 2.44774124e+02, 3.91858704e+02, 2.48941635e+02,
    3.77932281e+02, 2.53320312e+02, 4.32625824e+02, 2.22310226e+02,
    4.19740112e+02, 2.26398743e+02, 4.06032440e+02, 2.30340408e+02,
    3.92064178e+02, 2.34411713e+02, 3.77867889e+02, 2.38662918e+02,
    4.33558624e+02, 2.07487473e+02, 4.20402924e+02, 2.11565628e+02,
    4.06485413e+02, 2.15332794e+02, 3.92373383e+02, 2.19352493e+02,
    3.78054321e+02, 2.23605576e+02 ]
