%YAML:1.0
points: [ 1.39526892e+03, 7.89528442e+02, 1.35882800e+03, 8.01701660e+02,
    1.32202588e+03, 8.14522217e+02, 1.28405981e+03, 8.26883606e+02,
    1.24569409e+03, 8.39963135e+02, 1.39592395e+03, 7.52959290e+02,
    1.35927783e+03, 7.64964478e+02, 1.32169714e+03, 7.77626404e+02,
    1.28316980e+03, 7.89874756e+02, 1.24425452e+03, 8.02615601e+02,
    1.39675964e+03, 7.15328857e+02, 1.35983142e+03, 7.27405579e+02,
    1.32141077e+03, 7.39323669e+02, 1.28243042e+03, 7.51736145e+02,
    1.24282629e+03, 7.64305786e+02, 1.39778223e+03, 6.76605347e+02,
    1.36041663e+03, 6.88750122e+02, 1.32115857e+03, 7.00078430e+02,
    1.28175195e+03, 7.12300049e+02, 1.24153613e+03, 7.24738159e+02,
    1.39899902e+03, 6.36737122e+02, 1.36095251e+03, 6.48685425e+02,
    1.32109412e+03, 6.59893311e+02, 1.28106885e+03, 6.71768555e+02,
    1.24038159e+03, 6.84185242e+02, 1.40017151e+03, 5.95626709e+02,
    1.36154663e+03, 6.07317627e+02, 1.32119495e+03, 6.18493530e+02,
    1.28050378e+03, 6.30058167e+02, 1.23907959e+03, 6.42126892e+02,
    1.40155103e+03, 5.53232849e+02, 1.36228198e+03, 5.64645508e+02,
    1.32138623e+03, 5.75485352e+02, 1.28017688e+03, 5.86864868e+02,
    1.23823987e+03, 5.98973450e+02 ]
