%YAML:1.0
points: [ 7.60773682e+02, 3.68233429e+02, 7.47489136e+02, 3.60513885e+02,
    7.34587891e+02, 3.52738007e+02, 7.22328369e+02, 3.45716736e+02,
    7.10388550e+02, 3.38754700e+02, 7.80629517e+02, 3.47005676e+02,
    7.66963379e+02, 3.39493835e+02, 7.53665222e+02, 3.32414093e+02,
    7.41260071e+02, 3.25695984e+02, 7.29119507e+02, 3.18953644e+02,
    8.00423218e+02, 3.25799011e+02, 7.86263611e+02, 3.18482849e+02,
    7.72973083e+02, 3.12026215e+02, 7.60126770e+02, 3.05619995e+02,
    7.47593262e+02, 2.99302002e+02, 8.20062012e+02, 3.04596405e+02,
    8.05404785e+02, 2.97751740e+02, 7.91936462e+02, 2.91766571e+02,
    7.78623596e+02, 2.85757202e+02, 7.65772217e+02, 2.79807312e+02,
    8.39384216e+02, 2.83603790e+02, 8.24646973e+02, 2.77101562e+02,
    8.10801453e+02, 2.71555939e+02, 7.97151428e+02, 2.65909454e+02,
    7.83993591e+02, 2.60166107e+02, 8.58676575e+02, 2.62726074e+02,
    8.43695068e+02, 2.56616394e+02, 8.29478088e+02, 2.51393143e+02,
    8.15564087e+02, 2.46023407e+02, 8.02010925e+02, 2.40901352e+02,
    8.77913635e+02, 2.41984756e+02, 8.62555298e+02, 2.36177383e+02,
    8.47828979e+02, 2.31391159e+02, 8.33510742e+02, 2.26348953e+02,
    8.19855469e+02, 2.21218063e+02 ]
