%YAML:1.0
points: [ 1.30808240e+03, 7.81907471e+02, 1.26921887e+03, 7.92155396e+02,
    1.23021399e+03, 8.02808594e+02, 1.19037854e+03, 8.13097412e+02,
    1.15035229e+03, 8.23844727e+02, 1.30674158e+03, 7.45509521e+02,
    1.26762170e+03, 7.55647705e+02, 1.22788098e+03, 7.66325378e+02,
    1.18753198e+03, 7.76524109e+02, 1.14686206e+03, 7.87068787e+02,
    1.30549121e+03, 7.08054138e+02, 1.26607788e+03, 7.18406860e+02,
    1.22555334e+03, 7.28430847e+02, 1.18465833e+03, 7.38835144e+02,
    1.14343994e+03, 7.49366333e+02, 1.30437805e+03, 6.69589417e+02,
    1.26441077e+03, 6.80120972e+02, 1.22321301e+03, 6.89695435e+02,
    1.18180127e+03, 7.00108032e+02, 1.13998718e+03, 7.10545349e+02,
    1.30335815e+03, 6.30205872e+02, 1.26276282e+03, 6.40535034e+02,
    1.22089233e+03, 6.50156006e+02, 1.17892542e+03, 6.60289673e+02,
    1.13652124e+03, 6.70836670e+02, 1.30227014e+03, 5.89453125e+02,
    1.26104163e+03, 5.99685303e+02, 1.21870520e+03, 6.09373718e+02,
    1.17606665e+03, 6.19322693e+02, 1.13293152e+03, 6.29764099e+02,
    1.30121570e+03, 5.47577759e+02, 1.25941895e+03, 5.57752625e+02,
    1.21646448e+03, 5.67218140e+02, 1.17327197e+03, 5.77187073e+02,
    1.12957922e+03, 5.87645020e+02 ]
