%YAML:1.0
points: [ 3.22792053e+02, 2.27403564e+02, 3.12911591e+02, 2.30685089e+02,
    3.03354340e+02, 2.33888596e+02, 2.94306549e+02, 2.36848053e+02,
    2.85492462e+02, 2.39770782e+02, 3.17266205e+02, 2.17136398e+02,
    3.07424042e+02, 2.20592102e+02, 2.97966827e+02, 2.24047104e+02,
    2.89006195e+02, 2.27205093e+02, 2.80270172e+02, 2.30293427e+02,
    3.11714569e+02, 2.06663147e+02, 3.01901581e+02, 2.10496155e+02,
    2.92602570e+02, 2.14031891e+02, 2.83647217e+02, 2.17480820e+02,
    2.74990387e+02, 2.20776505e+02, 3.06135101e+02, 1.96234039e+02,
    2.96296295e+02, 2.00295837e+02, 2.87202698e+02, 2.03987396e+02,
    2.78245819e+02, 2.07642548e+02, 2.69666779e+02, 2.11188293e+02,
    3.00448669e+02, 1.85686325e+02, 2.90776031e+02, 1.90022095e+02,
    2.81674957e+02, 1.93916107e+02, 2.72827087e+02, 1.97761307e+02,
    2.64273102e+02, 2.01506119e+02, 2.94788452e+02, 1.75081451e+02,
    2.85163208e+02, 1.79564728e+02, 2.76120422e+02, 1.83773041e+02,
    2.67345520e+02, 1.87823410e+02, 2.58862640e+02, 1.91772858e+02,
    2.89056488e+02, 1.64308701e+02, 2.79467346e+02, 1.69092026e+02,
    2.70479523e+02, 1.73472214e+02, 2.61779633e+02, 1.77817444e+02,
    2.53307434e+02, 1.82017776e+02 ]
