%YAML:1.0
points: [ 1.03602563e+03, 4.55115570e+02, 1.00771735e+03, 4.40934113e+02,
    9.79916321e+02, 4.26732483e+02, 9.52518433e+02, 4.13234467e+02,
    9.25490723e+02, 3.99662506e+02, 1.05206506e+03, 4.33095093e+02,
    1.02388953e+03, 4.19253693e+02, 9.96466003e+02, 4.05483765e+02,
    9.69238159e+02, 3.92323059e+02, 9.42455139e+02, 3.79058838e+02,
    1.06760034e+03, 4.11649323e+02, 1.03981897e+03, 3.97957550e+02,
    1.01232294e+03, 3.84860077e+02, 9.85564026e+02, 3.71895172e+02,
    9.59045593e+02, 3.58867462e+02, 1.08277722e+03, 3.90729309e+02,
    1.05542358e+03, 3.77262146e+02, 1.02800269e+03, 3.64678528e+02,
    1.00147241e+03, 3.51950043e+02, 9.75205750e+02, 3.39182190e+02,
    1.09755347e+03, 3.70346985e+02, 1.07050732e+03, 3.57120117e+02,
    1.04340295e+03, 3.44904083e+02, 1.01688654e+03, 3.32394989e+02,
    9.90930847e+02, 3.19922516e+02, 1.11209155e+03, 3.50456757e+02,
    1.08524512e+03, 3.37515411e+02, 1.05848462e+03, 3.25490631e+02,
    1.03206909e+03, 3.13350342e+02, 1.00638397e+03, 3.01199493e+02,
    1.12625513e+03, 3.31029938e+02, 1.09965820e+03, 3.18353333e+02,
    1.07307361e+03, 3.06530121e+02, 1.04691101e+03, 2.94567780e+02,
    1.02146997e+03, 2.82535339e+02 ]
