%YAML:1.0
points: [ 3.98661102e+02, 2.87221069e+02, 3.85328766e+02, 2.90863312e+02,
    3.71976135e+02, 2.94594482e+02, 3.58196014e+02, 2.98215088e+02,
    3.44327667e+02, 3.01987518e+02, 3.98585510e+02, 2.74575806e+02,
    3.85132355e+02, 2.78184479e+02, 3.71485962e+02, 2.81941864e+02,
    3.57501129e+02, 2.85493805e+02, 3.43420868e+02, 2.89181122e+02,
    3.98508667e+02, 2.61556335e+02, 3.84947998e+02, 2.65235840e+02,
    3.70963684e+02, 2.68722656e+02, 3.56853394e+02, 2.72374176e+02,
    3.42528595e+02, 2.76053131e+02, 3.98456482e+02, 2.48198227e+02,
    3.84758636e+02, 2.51923172e+02, 3.70420135e+02, 2.55249237e+02,
    3.56143188e+02, 2.58882538e+02, 3.41659668e+02, 2.62512848e+02,
    3.98452820e+02, 2.34452957e+02, 3.84529114e+02, 2.38091690e+02,
    3.70005005e+02, 2.41430054e+02, 3.55434601e+02, 2.44981247e+02,
    3.40805298e+02, 2.48646545e+02, 3.98461182e+02, 2.20269058e+02,
    3.84284851e+02, 2.23834747e+02, 3.69581818e+02, 2.27232285e+02,
    3.54776428e+02, 2.30722397e+02, 3.39869019e+02, 2.34353653e+02,
    3.98461578e+02, 2.05607376e+02, 3.84092163e+02, 2.09180893e+02,
    3.69164398e+02, 2.12531586e+02, 3.54164581e+02, 2.15964218e+02,
    3.39077362e+02, 2.19668869e+02 ]
