%YAML:1.0
points: [ 1.21096826e+03, 7.69634033e+02, 1.17103406e+03, 7.77682617e+02,
    1.13102454e+03, 7.86015930e+02, 1.09072864e+03, 7.93960266e+02,
    1.05040259e+03, 8.02205017e+02, 1.20777502e+03, 7.33562866e+02,
    1.16741736e+03, 7.41720703e+02, 1.12683838e+03, 7.50173096e+02,
    1.08601465e+03, 7.58096069e+02, 1.04518262e+03, 7.66309204e+02,
    1.20451038e+03, 6.96638672e+02, 1.16377246e+03, 7.05100647e+02,
    1.12261548e+03, 7.13067017e+02, 1.08129688e+03, 7.21344849e+02,
    1.03986047e+03, 7.29665466e+02, 1.20134314e+03, 6.58795715e+02,
    1.16011462e+03, 6.67506104e+02, 1.11829248e+03, 6.75174316e+02,
    1.07648999e+03, 6.83583069e+02, 1.03446277e+03, 6.91923889e+02,
    1.19817419e+03, 6.20063416e+02, 1.15632141e+03, 6.28721375e+02,
    1.11393799e+03, 6.36565308e+02, 1.07156653e+03, 6.44868164e+02,
    1.02902637e+03, 6.53415649e+02, 1.19486548e+03, 5.80164856e+02,
    1.15247058e+03, 5.88788391e+02, 1.10953125e+03, 5.96838684e+02,
    1.06655066e+03, 6.05107849e+02, 1.02338275e+03, 6.13645752e+02,
    1.19151282e+03, 5.39180786e+02, 1.14856396e+03, 5.47822144e+02,
    1.10504602e+03, 5.55929138e+02, 1.06146741e+03, 5.64279968e+02,
    1.01772717e+03, 5.73009521e+02 ]
