%YAML:1.0
points: [ 3.65999084e+02, 2.37728836e+02, 3.54383118e+02, 2.41685654e+02,
    3.43167633e+02, 2.45578522e+02, 3.32330963e+02, 2.49201782e+02,
    3.21824127e+02, 2.52805344e+02, 3.60372192e+02, 2.27665543e+02,
    3.48742523e+02, 2.31827438e+02, 3.37564331e+02, 2.35946106e+02,
    3.26733704e+02, 2.39733292e+02, 3.16242310e+02, 2.43482941e+02,
    3.54656494e+02, 2.17411514e+02, 3.43023285e+02, 2.21925003e+02,
    3.31856171e+02, 2.26073166e+02, 3.21049622e+02, 2.30124786e+02,
    3.10592865e+02, 2.34074600e+02, 3.48869019e+02, 2.07070908e+02,
    3.37246552e+02, 2.11833191e+02, 3.26106995e+02, 2.16077911e+02,
    3.15287964e+02, 2.20354156e+02, 3.04856567e+02, 2.24501053e+02,
    3.42998291e+02, 1.96554535e+02, 3.31415253e+02, 2.01460815e+02,
    3.20285095e+02, 2.06004623e+02, 3.09469879e+02, 2.10436661e+02,
    2.99027679e+02, 2.14837860e+02, 3.37077087e+02, 1.85873749e+02,
    3.25505463e+02, 1.91031006e+02, 3.14343781e+02, 1.95779739e+02,
    3.03586029e+02, 2.00419250e+02, 2.93153351e+02, 2.05031494e+02,
    3.31030243e+02, 1.74986603e+02, 3.19483093e+02, 1.80406799e+02,
    3.08354706e+02, 1.85394562e+02, 2.97578674e+02, 1.90294434e+02,
    2.87149261e+02, 1.95136322e+02 ]
