%YAML:1.0
points: [ 1.03604761e+03, 4.55131622e+02, 1.00771991e+03, 4.40922760e+02,
    9.79908020e+02, 4.26730316e+02, 9.52511047e+02, 4.13229767e+02,
    9.25488708e+02, 3.99648224e+02, 1.05205151e+03, 4.33091522e+02,
    1.02388983e+03, 4.19257080e+02, 9.96436401e+02, 4.05490936e+02,
    9.69232849e+02, 3.92318909e+02, 9.42452759e+02, 3.79049164e+02,
    1.06758936e+03, 4.11633209e+02, 1.03980688e+03, 3.97963043e+02,
    1.01234302e+03, 3.84861115e+02, 9.85588867e+02, 3.71892578e+02,
    9.59046387e+02, 3.58872467e+02, 1.08277051e+03, 3.90727051e+02,
    1.05541479e+03, 3.77244843e+02, 1.02800720e+03, 3.64674438e+02,
    1.00148297e+03, 3.51937439e+02, 9.75202209e+02, 3.39190521e+02,
    1.09756250e+03, 3.70357391e+02, 1.07051733e+03, 3.57137085e+02,
    1.04340674e+03, 3.44910706e+02, 1.01688208e+03, 3.32391754e+02,
    9.90928284e+02, 3.19910889e+02, 1.11209265e+03, 3.50465118e+02,
    1.08524927e+03, 3.37509766e+02, 1.05847083e+03, 3.25501282e+02,
    1.03207129e+03, 3.13344025e+02, 1.00639215e+03, 3.01203857e+02,
    1.12625720e+03, 3.31026611e+02, 1.09964746e+03, 3.18348572e+02,
    1.07306250e+03, 3.06533203e+02, 1.04691382e+03, 2.94574005e+02,
    1.02144629e+03, 2.82538025e+02 ]
