%YAML:1.0
points: [ 3.64448853e+02, 2.83086517e+02, 3.50505615e+02, 2.85891418e+02,
    3.36646423e+02, 2.88814972e+02, 3.22610931e+02, 2.91575287e+02,
    3.08578094e+02, 2.94459747e+02, 3.63603516e+02, 2.70563843e+02,
    3.49503021e+02, 2.73397919e+02, 3.35437073e+02, 2.76325531e+02,
    3.21240479e+02, 2.79063843e+02, 3.07022552e+02, 2.81876526e+02,
    3.62765533e+02, 2.57678589e+02, 3.48530487e+02, 2.60610016e+02,
    3.34180298e+02, 2.63395508e+02, 3.19823456e+02, 2.66231628e+02,
    3.05397369e+02, 2.69095459e+02, 3.61927124e+02, 2.44475296e+02,
    3.47546082e+02, 2.47512573e+02, 3.32926270e+02, 2.50166840e+02,
    3.18358032e+02, 2.53080688e+02, 3.03784088e+02, 2.55963379e+02,
    3.61096283e+02, 2.30963013e+02, 3.46504425e+02, 2.33997818e+02,
    3.31684326e+02, 2.36697540e+02, 3.16927979e+02, 2.39557648e+02,
    3.02152496e+02, 2.42530167e+02, 3.60243469e+02, 2.17069977e+02,
    3.45446472e+02, 2.20106735e+02, 3.30455383e+02, 2.22894745e+02,
    3.15463287e+02, 2.25746170e+02, 3.00486053e+02, 2.28715927e+02,
    3.59369568e+02, 2.02726898e+02, 3.44411285e+02, 2.05744293e+02,
    3.29207275e+02, 2.08613037e+02, 3.13976959e+02, 2.11562347e+02,
    2.98832458e+02, 2.14575211e+02 ]
