%YAML:1.0
points: [ 1.22037024e+03, 8.13311340e+02, 1.18155652e+03, 8.23420593e+02,
    1.14284192e+03, 8.33839172e+02, 1.10387122e+03, 8.43809937e+02,
    1.06490051e+03, 8.54102539e+02, 1.21527991e+03, 7.80079651e+02,
    1.17611609e+03, 7.90311279e+02, 1.13671130e+03, 8.00938416e+02,
    1.09724805e+03, 8.10964478e+02, 1.05772058e+03, 8.21244751e+02,
    1.21015955e+03, 7.45900513e+02, 1.17057312e+03, 7.56543457e+02,
    1.13053711e+03, 7.66710388e+02, 1.09048926e+03, 7.77218140e+02,
    1.05048438e+03, 7.87638367e+02, 1.20498462e+03, 7.10780823e+02,
    1.16483289e+03, 7.21886536e+02, 1.12423096e+03, 7.31723022e+02,
    1.08358118e+03, 7.42416931e+02, 1.04291858e+03, 7.53072205e+02,
    1.19976880e+03, 6.74772827e+02, 1.15900549e+03, 6.85877075e+02,
    1.11772437e+03, 6.96048401e+02, 1.07658032e+03, 7.06675598e+02,
    1.03534375e+03, 7.17654358e+02, 1.19439917e+03, 6.37635559e+02,
    1.15303381e+03, 6.48817017e+02, 1.11113232e+03, 6.59309814e+02,
    1.06938403e+03, 6.69971497e+02, 1.02747461e+03, 6.81078979e+02,
    1.18889954e+03, 5.99428650e+02, 1.14690369e+03, 6.10736572e+02,
    1.10443286e+03, 6.21320557e+02, 1.06199548e+03, 6.32271057e+02,
    1.01953815e+03, 6.43611450e+02 ]
