%YAML:1.0
points: [ 3.67222992e+02, 2.98269684e+02, 3.53696655e+02, 3.01831207e+02,
    3.40288696e+02, 3.05490051e+02, 3.26680939e+02, 3.08948181e+02,
    3.13137146e+02, 3.12509796e+02, 3.65776367e+02, 2.86740509e+02,
    3.52109528e+02, 2.90291962e+02, 3.38432678e+02, 2.94008087e+02,
    3.24661163e+02, 2.97482239e+02, 3.10910492e+02, 3.01075439e+02,
    3.64312469e+02, 2.74820740e+02, 3.50455963e+02, 2.78580475e+02,
    3.36498657e+02, 2.82062500e+02, 3.22577179e+02, 2.85726715e+02,
    3.08642700e+02, 2.89348816e+02, 3.62796753e+02, 2.62614441e+02,
    3.48823151e+02, 2.66488556e+02, 3.34568970e+02, 2.69885193e+02,
    3.20427368e+02, 2.73614929e+02, 3.06293610e+02, 2.77279846e+02,
    3.61289764e+02, 2.50043427e+02, 3.47084106e+02, 2.53917847e+02,
    3.32625427e+02, 2.57464050e+02, 3.18260406e+02, 2.61122223e+02,
    3.03960693e+02, 2.64910980e+02, 3.59727081e+02, 2.37120880e+02,
    3.45289612e+02, 2.41024719e+02, 3.30658325e+02, 2.44642700e+02,
    3.16076141e+02, 2.48341721e+02, 3.01496307e+02, 2.52176147e+02,
    3.58137177e+02, 2.23769974e+02, 3.43465149e+02, 2.27724182e+02,
    3.28605560e+02, 2.31381653e+02, 3.13808960e+02, 2.35212250e+02,
    2.99063110e+02, 2.39162033e+02 ]
