%YAML:1.0
points: [ 1.09671313e+03, 4.20137390e+02, 1.06554016e+03, 4.09247406e+02,
    1.03488391e+03, 3.98320557e+02, 1.00460181e+03, 3.87975189e+02,
    9.74716980e+02, 3.77485687e+02, 1.10796558e+03, 3.98497314e+02,
    1.07715491e+03, 3.87922028e+02, 1.04720337e+03, 3.77330597e+02,
    1.01722522e+03, 3.67293518e+02, 9.87607666e+02, 3.57060272e+02,
    1.11882507e+03, 3.77483185e+02, 1.08865674e+03, 3.66952209e+02,
    1.05866699e+03, 3.57033142e+02, 1.02933521e+03, 3.47129669e+02,
    1.00020245e+03, 3.37150940e+02, 1.12933203e+03, 3.57139282e+02,
    1.09989600e+03, 3.46664154e+02, 1.06994495e+03, 3.37417633e+02,
    1.04104932e+03, 3.27628387e+02, 1.01236670e+03, 3.17886627e+02,
    1.13960193e+03, 3.37367157e+02, 1.11049365e+03, 3.27193420e+02,
    1.08113672e+03, 3.18123230e+02, 1.05240979e+03, 3.08658966e+02,
    1.02422937e+03, 2.99037109e+02, 1.14961816e+03, 3.18192291e+02,
    1.12085718e+03, 3.08253723e+02, 1.09202063e+03, 2.99313232e+02,
    1.06348853e+03, 2.90175659e+02, 1.03582642e+03, 2.80967316e+02,
    1.15934204e+03, 2.99575348e+02, 1.13089355e+03, 2.89907166e+02,
    1.10249255e+03, 2.81142029e+02, 1.07436682e+03, 2.72056580e+02,
    1.04720581e+03, 2.62967712e+02 ]
