%YAML:1.0
points: [ 4.04402313e+02, 2.41015533e+02, 3.91925751e+02, 2.45567184e+02,
    3.79727509e+02, 2.50194595e+02, 3.67771912e+02, 2.54486298e+02,
    3.56075989e+02, 2.58801361e+02, 3.99609406e+02, 2.31077271e+02,
    3.87059021e+02, 2.35874817e+02, 3.74789093e+02, 2.40605499e+02,
    3.62735413e+02, 2.45113220e+02, 3.50984558e+02, 2.49491226e+02,
    3.94739075e+02, 2.20890457e+02, 3.82102875e+02, 2.25990875e+02,
    3.69688354e+02, 2.30734024e+02, 3.57618317e+02, 2.35434708e+02,
    3.45770355e+02, 2.40095490e+02, 3.89760254e+02, 2.10536636e+02,
    3.77050415e+02, 2.15858734e+02, 3.64508759e+02, 2.20684677e+02,
    3.52341095e+02, 2.25604050e+02, 3.40493103e+02, 2.30403259e+02,
    3.84658783e+02, 1.99876892e+02, 3.71858948e+02, 2.05422806e+02,
    3.59244720e+02, 2.10502579e+02, 3.46996460e+02, 2.15550140e+02,
    3.35067413e+02, 2.20597504e+02, 3.79453827e+02, 1.89045670e+02,
    3.66545197e+02, 1.94749771e+02, 3.53893219e+02, 2.00072281e+02,
    3.41573425e+02, 2.05309662e+02, 3.29555939e+02, 2.10523087e+02,
    3.74149811e+02, 1.77939133e+02, 3.61168518e+02, 1.83840469e+02,
    3.48412445e+02, 1.89422119e+02, 3.35996857e+02, 1.94870987e+02,
    3.23964478e+02, 2.00331375e+02 ]
