%YAML:1.0
points: [ 1.22908899e+03, 8.44194641e+02, 1.19130457e+03, 8.55621094e+02,
    1.15363098e+03, 8.67479004e+02, 1.11573962e+03, 8.78788696e+02,
    1.07796985e+03, 8.90521362e+02, 1.22271912e+03, 8.13220337e+02,
    1.18449536e+03, 8.24890564e+02, 1.14625208e+03, 8.37009277e+02,
    1.10780518e+03, 8.48454163e+02, 1.06946680e+03, 8.60100525e+02,
    1.21625977e+03, 7.81325134e+02, 1.17759192e+03, 7.93554871e+02,
    1.13865002e+03, 8.05149292e+02, 1.09969934e+03, 8.17167175e+02,
    1.06081604e+03, 8.28998596e+02, 1.20967761e+03, 7.48583679e+02,
    1.17050757e+03, 7.61252991e+02, 1.13080896e+03, 7.72632751e+02,
    1.09134204e+03, 7.84852722e+02, 1.05183411e+03, 7.97038513e+02,
    1.20301709e+03, 7.14875977e+02, 1.16314893e+03, 7.27695984e+02,
    1.12289429e+03, 7.39395020e+02, 1.08278040e+03, 7.51646790e+02,
    1.04270837e+03, 7.64209229e+02, 1.19611743e+03, 6.80099365e+02,
    1.15565833e+03, 6.93056152e+02, 1.11475989e+03, 7.05181519e+02,
    1.07404419e+03, 7.17466125e+02, 1.03324658e+03, 7.30253052e+02,
    1.18899341e+03, 6.44210754e+02, 1.14793970e+03, 6.57428772e+02,
    1.10640588e+03, 6.69675964e+02, 1.06501538e+03, 6.82419678e+02,
    1.02372662e+03, 6.95508911e+02 ]
