%YAML:1.0
points: [ 3.69857086e+02, 3.09000763e+02, 3.56698975e+02, 3.12999725e+02,
    3.43601501e+02, 3.17149078e+02, 3.30387299e+02, 3.21114410e+02,
    3.17235107e+02, 3.25153168e+02, 3.67991150e+02, 2.98237793e+02,
    3.54643555e+02, 3.02341644e+02, 3.41357605e+02, 3.06554108e+02,
    3.27959320e+02, 3.10521881e+02, 3.14556519e+02, 3.14606812e+02,
    3.66072144e+02, 2.87141754e+02, 3.52574097e+02, 2.91439728e+02,
    3.38988983e+02, 2.95463440e+02, 3.25422638e+02, 2.99625702e+02,
    3.11857391e+02, 3.03793060e+02, 3.64106079e+02, 2.75743591e+02,
    3.50442596e+02, 2.80196075e+02, 3.36538635e+02, 2.84126190e+02,
    3.22812012e+02, 2.88358032e+02, 3.09046417e+02, 2.92615143e+02,
    3.62096710e+02, 2.64008972e+02, 3.48203918e+02, 2.68492920e+02,
    3.34107788e+02, 2.72557587e+02, 3.20111542e+02, 2.76791565e+02,
    3.06193634e+02, 2.81148285e+02, 3.60041199e+02, 2.51898071e+02,
    3.45895142e+02, 2.56423950e+02, 3.31609375e+02, 2.60610382e+02,
    3.17371338e+02, 2.64881927e+02, 3.03181000e+02, 2.69314606e+02,
    3.57912323e+02, 2.39379456e+02, 3.43524445e+02, 2.43964508e+02,
    3.29021729e+02, 2.48237183e+02, 3.14529205e+02, 2.52657089e+02,
    3.00201385e+02, 2.57188782e+02 ]
