%YAML:1.0
points: [ 4.07745605e+02, 2.03290649e+02, 3.95205566e+02, 2.10435318e+02,
    3.83053101e+02, 2.17449371e+02, 3.71052246e+02, 2.24090866e+02,
    3.59288635e+02, 2.30769150e+02, 4.00460175e+02, 1.92160248e+02,
    3.87980499e+02, 1.99405197e+02, 3.75818665e+02, 2.06597015e+02,
    3.63814850e+02, 2.13494614e+02, 3.52120636e+02, 2.20183197e+02,
    3.93183899e+02, 1.80951874e+02, 3.80693787e+02, 1.88388046e+02,
    3.68446411e+02, 1.95638992e+02, 3.56571014e+02, 2.02683029e+02,
    3.44908600e+02, 2.09655716e+02, 3.85768433e+02, 1.69568665e+02,
    3.73359222e+02, 1.77264816e+02, 3.61192444e+02, 1.84629410e+02,
    3.49274719e+02, 1.91818100e+02, 3.37734924e+02, 1.98874313e+02,
    3.78340759e+02, 1.58239487e+02, 3.66049744e+02, 1.66060974e+02,
    3.53848846e+02, 1.73596603e+02, 3.42003510e+02, 1.80905609e+02,
    3.30405823e+02, 1.88205338e+02, 3.70926239e+02, 1.46771286e+02,
    3.58484711e+02, 1.54842865e+02, 3.46442810e+02, 1.62407593e+02,
    3.34687012e+02, 1.69947205e+02, 3.23188263e+02, 1.77312271e+02,
    3.63351440e+02, 1.35165710e+02, 3.51181580e+02, 1.43324127e+02,
    3.39163727e+02, 1.51141251e+02, 3.27413116e+02, 1.58784866e+02,
    3.15793945e+02, 1.66611160e+02 ]
