%YAML:1.0
points: [ 9.44891235e+02, 4.00891296e+02, 9.26352295e+02, 3.90837830e+02,
    9.08277466e+02, 3.80880676e+02, 8.90943726e+02, 3.71605652e+02,
    8.74005798e+02, 3.62410095e+02, 9.64757202e+02, 3.83339020e+02,
    9.45891724e+02, 3.73498901e+02, 9.27726440e+02, 3.64047455e+02,
    9.10216980e+02, 3.55075317e+02, 8.93210449e+02, 3.46036865e+02,
    9.84289795e+02, 3.65897125e+02, 9.65271790e+02, 3.56251801e+02,
    9.46939514e+02, 3.47343140e+02, 9.29263855e+02, 3.38647980e+02,
    9.11985352e+02, 3.29889252e+02, 1.00346545e+03, 3.48751007e+02,
    9.84198059e+02, 3.39401398e+02, 9.65863770e+02, 3.30864349e+02,
    9.47859741e+02, 3.22372375e+02, 9.30481445e+02, 3.13933777e+02,
    1.02229974e+03, 3.31718567e+02, 1.00313782e+03, 3.22691742e+02,
    9.84424377e+02, 3.14544373e+02, 9.66372681e+02, 3.06358246e+02,
    9.48723389e+02, 2.98073242e+02, 1.04106506e+03, 3.15002686e+02,
    1.02164691e+03, 3.06223083e+02, 1.00293188e+03, 2.98223969e+02,
    9.84470764e+02, 2.90399750e+02, 9.66917969e+02, 2.82491699e+02,
    1.05957996e+03, 2.98508667e+02, 1.04001831e+03, 2.89966400e+02,
    1.02104736e+03, 2.82305664e+02, 1.00246106e+03, 2.74671753e+02,
    9.84547241e+02, 2.66770935e+02 ]
