%YAML:1.0
points: [ 1.37032800e+03, 4.34444305e+02, 1.33929932e+03, 4.24528107e+02,
    1.30814062e+03, 4.14290863e+02, 1.27600513e+03, 4.04294525e+02,
    1.24365662e+03, 3.93800903e+02, 1.36159253e+03, 4.09880493e+02,
    1.33142212e+03, 4.00082123e+02, 1.30087903e+03, 3.89611816e+02,
    1.26928918e+03, 3.79645508e+02, 1.23751538e+03, 3.69261475e+02,
    1.35311462e+03, 3.86332947e+02, 1.32380029e+03, 3.76141052e+02,
    1.29355774e+03, 3.66502533e+02, 1.26295190e+03, 3.56209412e+02,
    1.23186792e+03, 3.45744537e+02, 1.34521582e+03, 3.63799896e+02,
    1.31668982e+03, 3.53225220e+02, 1.28666699e+03, 3.44037384e+02,
    1.25682556e+03, 3.33669861e+02, 1.22655115e+03, 3.23145325e+02,
    1.33785461e+03, 3.42177032e+02, 1.30963416e+03, 3.31618408e+02,
    1.28027710e+03, 3.22217987e+02, 1.25104126e+03, 3.12089661e+02,
    1.22133691e+03, 3.01400024e+02, 1.33063928e+03, 3.21299805e+02,
    1.30287610e+03, 3.10823914e+02, 1.27432397e+03, 3.01218750e+02,
    1.24549438e+03, 2.91231689e+02, 1.21647034e+03, 2.80517273e+02,
    1.32379028e+03, 3.01265839e+02, 1.29657227e+03, 2.90709290e+02,
    1.26870422e+03, 2.81220215e+02, 1.24064465e+03, 2.71080719e+02,
    1.21188611e+03, 2.60169891e+02 ]
