%YAML:1.0
points: [ 3.73231445e+02, 3.19759644e+02, 3.60458832e+02, 3.24257843e+02,
    3.47875092e+02, 3.28840363e+02, 3.35097626e+02, 3.33257568e+02,
    3.22398407e+02, 3.37778046e+02, 3.70932983e+02, 3.10002655e+02,
    3.58014801e+02, 3.14528564e+02, 3.45177094e+02, 3.19262665e+02,
    3.32202118e+02, 3.23695740e+02, 3.19272766e+02, 3.28258759e+02,
    3.68533264e+02, 2.99810669e+02, 3.55492767e+02, 3.04625061e+02,
    3.42321686e+02, 3.09162262e+02, 3.29226746e+02, 3.13810455e+02,
    3.16115662e+02, 3.18453827e+02, 3.66131592e+02, 2.89369659e+02,
    3.52917511e+02, 2.94370728e+02, 3.39411163e+02, 2.98815338e+02,
    3.26119293e+02, 3.03573029e+02, 3.12814392e+02, 3.08325500e+02,
    3.63604095e+02, 2.78615326e+02, 3.50172424e+02, 2.83649963e+02,
    3.36473969e+02, 2.88237610e+02, 3.22941956e+02, 2.93018829e+02,
    3.09438049e+02, 2.97936035e+02, 3.61050842e+02, 2.67465057e+02,
    3.47318298e+02, 2.72568817e+02, 3.33446899e+02, 2.77324188e+02,
    3.19646759e+02, 2.82149475e+02, 3.05934296e+02, 2.87139282e+02,
    3.58362305e+02, 2.55911179e+02, 3.44426086e+02, 2.61106964e+02,
    3.30278229e+02, 2.65978516e+02, 3.16279510e+02, 2.70958313e+02,
    3.02388672e+02, 2.76113129e+02 ]
