%YAML:1.0
points: [ 3.99627625e+02, 2.11820023e+02, 3.86279907e+02, 2.16902344e+02,
    3.73252777e+02, 2.21900894e+02, 3.60463257e+02, 2.26724945e+02,
    3.47904572e+02, 2.31503098e+02, 3.94539093e+02, 1.99777344e+02,
    3.81175293e+02, 2.04997711e+02, 3.68155914e+02, 2.10187790e+02,
    3.55282043e+02, 2.15098633e+02, 3.42730042e+02, 2.20009338e+02,
    3.89351166e+02, 1.87612244e+02, 3.76065369e+02, 1.93045853e+02,
    3.62945557e+02, 1.98286560e+02, 3.50071442e+02, 2.03505676e+02,
    3.37547150e+02, 2.08584183e+02, 3.84168640e+02, 1.75292023e+02,
    3.70882416e+02, 1.80973999e+02, 3.57626587e+02, 1.86306229e+02,
    3.44808807e+02, 1.91668869e+02, 3.32279938e+02, 1.96845825e+02,
    3.78843536e+02, 1.63151779e+02, 3.65539215e+02, 1.68717178e+02,
    3.52370239e+02, 1.74231247e+02, 3.39556091e+02, 1.79724487e+02,
    3.26987030e+02, 1.85091980e+02, 3.73651886e+02, 1.50309814e+02,
    3.60269928e+02, 1.56264221e+02, 3.47196899e+02, 1.62069565e+02,
    3.34232208e+02, 1.67706619e+02, 3.21681183e+02, 1.73160782e+02,
    3.68292389e+02, 1.37547363e+02, 3.55067169e+02, 1.43625931e+02,
    3.41842651e+02, 1.49651901e+02, 3.29021576e+02, 1.55426178e+02,
    3.16256256e+02, 1.61254150e+02 ]
