%YAML:1.0
points: [ 1.24024902e+03, 8.75327576e+02, 1.20364832e+03, 8.88104309e+02,
    1.16722791e+03, 9.01313599e+02, 1.13064001e+03, 9.13866760e+02,
    1.09425989e+03, 9.26812439e+02, 1.23252246e+03, 8.47013550e+02,
    1.19551453e+03, 8.60085449e+02, 1.15844104e+03, 8.73577881e+02,
    1.12136584e+03, 8.86313965e+02, 1.08438037e+03, 8.99338074e+02,
    1.22471826e+03, 8.17809021e+02, 1.18726514e+03, 8.31485657e+02,
    1.14954907e+03, 8.44489624e+02, 1.11185229e+03, 8.57884583e+02,
    1.07433276e+03, 8.71167664e+02, 1.21671924e+03, 7.87677979e+02,
    1.17862866e+03, 8.02029053e+02, 1.14026733e+03, 8.14740967e+02,
    1.10206921e+03, 8.28477295e+02, 1.06388074e+03, 8.42140991e+02,
    1.20854248e+03, 7.56728455e+02, 1.16988098e+03, 7.71217773e+02,
    1.13076892e+03, 7.84403198e+02, 1.09201782e+03, 7.98190613e+02,
    1.05332593e+03, 8.12324890e+02, 1.20001550e+03, 7.24752869e+02,
    1.16077576e+03, 7.39390625e+02, 1.12109082e+03, 7.53134827e+02,
    1.08171118e+03, 7.67011414e+02, 1.04223779e+03, 7.81392151e+02,
    1.19136389e+03, 6.91670593e+02, 1.15143994e+03, 7.06630920e+02,
    1.11106323e+03, 7.20616455e+02, 1.07102637e+03, 7.34972961e+02,
    1.03108386e+03, 7.49817505e+02 ]
