%YAML:1.0
points: [ 3.76996948e+02, 3.29270477e+02, 3.64710938e+02, 3.34102234e+02,
    3.52483582e+02, 3.39177490e+02, 3.40195892e+02, 3.43942017e+02,
    3.28106140e+02, 3.48753448e+02, 3.74351715e+02, 3.20473541e+02,
    3.61869873e+02, 3.25477325e+02, 3.49488007e+02, 3.30572205e+02,
    3.36976837e+02, 3.35470459e+02, 3.24598572e+02, 3.40338745e+02,
    3.71559113e+02, 3.11298553e+02, 3.58952820e+02, 3.16526367e+02,
    3.46244720e+02, 3.21480774e+02, 3.33591583e+02, 3.26564301e+02,
    3.20982971e+02, 3.31604492e+02, 3.68723938e+02, 3.01819733e+02,
    3.55950592e+02, 3.07309998e+02, 3.42926575e+02, 3.12180267e+02,
    3.30079468e+02, 3.17399078e+02, 3.17239563e+02, 3.22576019e+02,
    3.65788696e+02, 2.92080200e+02, 3.52771576e+02, 2.97605927e+02,
    3.39506409e+02, 3.02660706e+02, 3.26428253e+02, 3.07902802e+02,
    3.13451233e+02, 3.13268188e+02, 3.62741943e+02, 2.81969788e+02,
    3.49455444e+02, 2.87573730e+02, 3.36046204e+02, 2.92824554e+02,
    3.22704163e+02, 2.98118500e+02, 3.09480194e+02, 3.03577637e+02,
    3.59544128e+02, 2.71479492e+02, 3.46072693e+02, 2.77215454e+02,
    3.32361938e+02, 2.82559967e+02, 3.18851013e+02, 2.88032532e+02,
    3.05465668e+02, 2.93693665e+02 ]
