%YAML:1.0
points: [ 1.25265601e+03, 9.02939636e+02, 1.21731995e+03, 9.16904663e+02,
    1.18222095e+03, 9.31161682e+02, 1.14698975e+03, 9.44839294e+02,
    1.11203516e+03, 9.58749878e+02, 1.24382043e+03, 8.77316528e+02,
    1.20800366e+03, 8.91607788e+02, 1.17228601e+03, 9.06235352e+02,
    1.13651672e+03, 9.20110413e+02, 1.10104700e+03, 9.34181030e+02,
    1.23479102e+03, 8.50807373e+02, 1.19849658e+03, 8.65800842e+02,
    1.16206274e+03, 8.80015808e+02, 1.12582739e+03, 8.94578003e+02,
    1.08971484e+03, 9.09006958e+02, 1.22542627e+03, 8.23586487e+02,
    1.18863574e+03, 8.39223816e+02, 1.15155835e+03, 8.53207458e+02,
    1.11472510e+03, 8.68150208e+02, 1.07806006e+03, 8.82951416e+02,
    1.21588306e+03, 7.95543884e+02, 1.17848755e+03, 8.11393860e+02,
    1.14076123e+03, 8.25793030e+02, 1.10338867e+03, 8.40838196e+02,
    1.06617871e+03, 8.56212646e+02, 1.20602893e+03, 7.66388550e+02,
    1.16802185e+03, 7.82458679e+02, 1.12971057e+03, 7.97552246e+02,
    1.09165295e+03, 8.12767273e+02, 1.05372217e+03, 8.28492920e+02,
    1.19584998e+03, 7.36279053e+02, 1.15718042e+03, 7.52780884e+02,
    1.11819873e+03, 7.68121216e+02, 1.07948926e+03, 7.83896362e+02,
    1.04109375e+03, 8.00165344e+02 ]
