%YAML:1.0
points: [ 1.79484033e+03, 6.53893982e+02, 1.76916821e+03, 6.80057678e+02,
    1.74333569e+03, 7.06875122e+02, 1.71577844e+03, 7.34377869e+02,
    1.68793774e+03, 7.62637756e+02, 1.76608606e+03, 6.15883789e+02,
    1.74033044e+03, 6.41283569e+02, 1.71384253e+03, 6.67561584e+02,
    1.68592944e+03, 6.94562378e+02, 1.65766809e+03, 7.22165283e+02,
    1.73749121e+03, 5.78188049e+02, 1.71174097e+03, 6.02908936e+02,
    1.68423889e+03, 6.28559692e+02, 1.65627991e+03, 6.54900452e+02,
    1.62772034e+03, 6.81869812e+02, 1.70907104e+03, 5.40599609e+02,
    1.68317041e+03, 5.64714355e+02, 1.65499280e+03, 5.89802002e+02,
    1.62675757e+03, 6.15441406e+02, 1.59793701e+03, 6.41636658e+02,
    1.68092163e+03, 5.03192078e+02, 1.65458850e+03, 5.26863892e+02,
    1.62604565e+03, 5.51314514e+02, 1.59751807e+03, 5.76301208e+02,
    1.56842969e+03, 6.01964844e+02, 1.65280664e+03, 4.66057098e+02,
    1.62604907e+03, 4.89141022e+02, 1.59749670e+03, 5.13009644e+02,
    1.56851367e+03, 5.37419861e+02, 1.53899585e+03, 5.62328125e+02,
    1.62486609e+03, 4.29121124e+02, 1.59786523e+03, 4.51610535e+02,
    1.56899951e+03, 4.74764099e+02, 1.53996362e+03, 4.98459106e+02,
    1.51039026e+03, 5.22974548e+02 ]
