%YAML:1.0
points: [ 3.50065887e+02, 2.45675751e+02, 3.37536377e+02, 2.42359619e+02,
    3.25158112e+02, 2.39224121e+02, 3.12892059e+02, 2.35975235e+02,
    3.00767059e+02, 2.32790024e+02, 3.53673401e+02, 2.34628143e+02,
    3.40952118e+02, 2.31363968e+02, 3.28434601e+02, 2.28252625e+02,
    3.15960022e+02, 2.25004486e+02, 3.03692566e+02, 2.21832016e+02,
    3.57404205e+02, 2.23307358e+02, 3.44525391e+02, 2.20151535e+02,
    3.31762665e+02, 2.16893906e+02, 3.19149109e+02, 2.13715714e+02,
    3.06687653e+02, 2.10603226e+02, 3.61244537e+02, 2.11681824e+02,
    3.48170868e+02, 2.08627975e+02, 3.35237274e+02, 2.05237549e+02,
    3.22455933e+02, 2.02102615e+02, 3.09766663e+02, 1.99005966e+02,
    3.65223236e+02, 1.99735291e+02, 3.51970490e+02, 1.96667664e+02,
    3.38817993e+02, 1.93409790e+02, 3.25807434e+02, 1.90263657e+02,
    3.12932648e+02, 1.87193710e+02, 3.69324677e+02, 1.87500671e+02,
    3.55894257e+02, 1.84402176e+02, 3.42514954e+02, 1.81180618e+02,
    3.29318512e+02, 1.78012619e+02, 3.16247223e+02, 1.74978226e+02,
    3.73541321e+02, 1.74833084e+02, 3.59962921e+02, 1.71795441e+02,
    3.46339600e+02, 1.68627563e+02, 3.32948761e+02, 1.65517563e+02,
    3.19644775e+02, 1.62552979e+02 ]
