%YAML:1.0
points: [ 1.80299756e+03, 5.57899536e+02, 1.79331189e+03, 5.96143982e+02,
    1.78387476e+03, 6.35258728e+02, 1.77326624e+03, 6.75513611e+02,
    1.76287866e+03, 7.16799805e+02, 1.76714575e+03, 5.35621887e+02,
    1.75706897e+03, 5.73422302e+02, 1.74703247e+03, 6.12638855e+02,
    1.73589233e+03, 6.52757935e+02, 1.72492029e+03, 6.93712769e+02,
    1.73091284e+03, 5.13043152e+02, 1.72079871e+03, 5.50702881e+02,
    1.70944495e+03, 5.89581726e+02, 1.69819934e+03, 6.29617859e+02,
    1.68673584e+03, 6.70506653e+02, 1.69443835e+03, 4.90263336e+02,
    1.68407019e+03, 5.27859131e+02, 1.67166492e+03, 5.66449097e+02,
    1.65997974e+03, 6.06304688e+02, 1.64797595e+03, 6.46903625e+02,
    1.65770374e+03, 4.67261871e+02, 1.64677563e+03, 5.04763245e+02,
    1.63391919e+03, 5.43315613e+02, 1.62146509e+03, 5.82685791e+02,
    1.60924451e+03, 6.23327209e+02, 1.62062329e+03, 4.44227234e+02,
    1.60906262e+03, 4.81503662e+02, 1.59592285e+03, 5.19861694e+02,
    1.58289282e+03, 5.59099976e+02, 1.56987000e+03, 5.99456665e+02,
    1.58328040e+03, 4.21038422e+02, 1.57127051e+03, 4.58084656e+02,
    1.55730615e+03, 4.95737793e+02, 1.54407837e+03, 5.35106384e+02,
    1.53084253e+03, 5.75341980e+02 ]
