%YAML:1.0
points: [ 1.18352747e+03, 8.90839783e+02, 1.14837671e+03, 9.02755005e+02,
    1.11354871e+03, 9.15005615e+02, 1.07902625e+03, 9.26400024e+02,
    1.04472180e+03, 9.38253235e+02, 1.17264746e+03, 8.64841248e+02,
    1.13702014e+03, 8.77083862e+02, 1.10176270e+03, 8.89713501e+02,
    1.06675500e+03, 9.01447571e+02, 1.03211084e+03, 9.13343811e+02,
    1.16150281e+03, 8.38042297e+02, 1.12552612e+03, 8.51009644e+02,
    1.08969360e+03, 8.63199524e+02, 1.05423523e+03, 8.75701599e+02,
    1.01915118e+03, 8.87898499e+02, 1.15013757e+03, 8.10491028e+02,
    1.11358557e+03, 8.24173462e+02, 1.07730615e+03, 8.36168762e+02,
    1.04131738e+03, 8.49076965e+02, 1.00570496e+03, 8.61715210e+02,
    1.13835913e+03, 7.82211060e+02, 1.10142786e+03, 7.96200195e+02,
    1.06450391e+03, 8.08672546e+02, 1.02812427e+03, 8.21752319e+02,
    9.92047974e+02, 8.34981201e+02, 1.12622705e+03, 7.53112061e+02,
    1.08878296e+03, 7.67254456e+02, 1.05146155e+03, 7.80428711e+02,
    1.01449329e+03, 7.93620422e+02, 9.77896484e+02, 8.07250488e+02,
    1.11381116e+03, 7.23045654e+02, 1.07587512e+03, 7.37623596e+02,
    1.03788953e+03, 7.51103577e+02, 1.00037115e+03, 7.64922363e+02,
    9.63356873e+02, 7.79006653e+02 ]
