%YAML:1.0
points: [ 3.47181213e+02, 2.79233887e+02, 3.35448608e+02, 2.76414917e+02,
    3.23835876e+02, 2.73724030e+02, 3.12291504e+02, 2.70875702e+02,
    3.00825684e+02, 2.68131897e+02, 3.50470367e+02, 2.70718628e+02,
    3.38531342e+02, 2.67888763e+02, 3.26660980e+02, 2.65206024e+02,
    3.14886841e+02, 2.62322296e+02, 3.03251160e+02, 2.59528656e+02,
    3.53879791e+02, 2.61871490e+02, 3.41706482e+02, 2.59160095e+02,
    3.29641022e+02, 2.56249939e+02, 3.17657867e+02, 2.53470245e+02,
    3.05757111e+02, 2.50682281e+02, 3.57466431e+02, 2.52734467e+02,
    3.45019897e+02, 2.50112289e+02, 3.32726593e+02, 2.47017883e+02,
    3.20494232e+02, 2.44256134e+02, 3.08353241e+02, 2.41519501e+02,
    3.61166382e+02, 2.43318680e+02, 3.48497559e+02, 2.40647293e+02,
    3.35907928e+02, 2.37594589e+02, 3.23464355e+02, 2.34746140e+02,
    3.11054535e+02, 2.32009995e+02, 3.65036194e+02, 2.33469208e+02,
    3.52103882e+02, 2.30776627e+02, 3.39277130e+02, 2.27820709e+02,
    3.26555664e+02, 2.24912033e+02, 3.13881897e+02, 2.22173782e+02,
    3.69075226e+02, 2.23263321e+02, 3.55888855e+02, 2.20530411e+02,
    3.42781738e+02, 2.17528580e+02, 3.29758484e+02, 2.14686600e+02,
    3.16849152e+02, 2.12050293e+02 ]
