%YAML:1.0
points: [ 3.52703613e+02, 3.25237030e+02, 3.40376007e+02, 3.29395081e+02,
    3.28257904e+02, 3.33620911e+02, 3.16078003e+02, 3.37675049e+02,
    3.04097137e+02, 3.41801849e+02, 3.49237518e+02, 3.16219116e+02,
    3.36758514e+02, 3.20522034e+02, 3.24420471e+02, 3.24880219e+02,
    3.12125153e+02, 3.28966278e+02, 2.99979462e+02, 3.33137909e+02,
    3.45639221e+02, 3.06904205e+02, 3.33061584e+02, 3.11417419e+02,
    3.20459198e+02, 3.15663727e+02, 3.08051208e+02, 3.20024780e+02,
    2.95731781e+02, 3.24292297e+02, 3.41961761e+02, 2.97331818e+02,
    3.29232391e+02, 3.02086517e+02, 3.16401428e+02, 3.06262299e+02,
    3.03840332e+02, 3.10731812e+02, 2.91328064e+02, 3.15146118e+02,
    3.38185364e+02, 2.87458008e+02, 3.25249237e+02, 2.92320190e+02,
    3.12270782e+02, 2.96667389e+02, 2.99469727e+02, 3.01208801e+02,
    2.86889648e+02, 3.05805847e+02, 3.34282349e+02, 2.77314087e+02,
    3.21147491e+02, 2.82252747e+02, 3.08027069e+02, 2.86807343e+02,
    2.95067200e+02, 2.91401245e+02, 2.82231567e+02, 2.96126862e+02,
    3.30217041e+02, 2.66831787e+02, 3.16922852e+02, 2.71886230e+02,
    3.03590973e+02, 2.76563568e+02, 2.90443115e+02, 2.81361847e+02,
    2.77489807e+02, 2.86278595e+02 ]
