%YAML:1.0
points: [ 3.09649048e+02, 2.70870758e+02, 2.99005432e+02, 2.67332886e+02,
    2.88442993e+02, 2.63957825e+02, 2.78201355e+02, 2.60510193e+02,
    2.68082825e+02, 2.57208527e+02, 3.11298553e+02, 2.62713348e+02,
    3.00399353e+02, 2.59192047e+02, 2.89666321e+02, 2.55893417e+02,
    2.79230133e+02, 2.52439087e+02, 2.68954590e+02, 2.49119095e+02,
    3.13014435e+02, 2.54240814e+02, 3.01842773e+02, 2.50875870e+02,
    2.91015533e+02, 2.47413437e+02, 2.80319855e+02, 2.44055954e+02,
    2.69852173e+02, 2.40815247e+02, 3.14780792e+02, 2.45529556e+02,
    3.03329590e+02, 2.42270386e+02, 2.92360016e+02, 2.38685669e+02,
    2.81443817e+02, 2.35413788e+02, 2.70755096e+02, 2.32160721e+02,
    3.16618347e+02, 2.36507889e+02, 3.04974457e+02, 2.33254105e+02,
    2.93742004e+02, 2.29732422e+02, 2.82637177e+02, 2.26472549e+02,
    2.71738281e+02, 2.23322311e+02, 3.18510498e+02, 2.27109940e+02,
    3.06658234e+02, 2.23898926e+02, 2.95175232e+02, 2.20509415e+02,
    2.83865387e+02, 2.17182266e+02, 2.72689728e+02, 2.14037933e+02,
    3.20519073e+02, 2.17357056e+02, 3.08385132e+02, 2.14199081e+02,
    2.96648712e+02, 2.10822418e+02, 2.85081604e+02, 2.07585480e+02,
    2.73686615e+02, 2.04547272e+02 ]
