%YAML:1.0
points: [ 1.18355347e+03, 8.90901245e+02, 1.14841541e+03, 9.02806763e+02,
    1.11358801e+03, 9.15037354e+02, 1.07905725e+03, 9.26438782e+02,
    1.04475269e+03, 9.38304993e+02, 1.17268982e+03, 8.64889099e+02,
    1.13706079e+03, 8.77111145e+02, 1.10179126e+03, 8.89751831e+02,
    1.06678870e+03, 9.01476868e+02, 1.03212634e+03, 9.13395142e+02,
    1.16153345e+03, 8.38057068e+02, 1.12555981e+03, 8.51031372e+02,
    1.08971045e+03, 8.63233337e+02, 1.05425391e+03, 8.75724548e+02,
    1.01917169e+03, 8.87931946e+02, 1.15015247e+03, 8.10509521e+02,
    1.11363367e+03, 8.24182678e+02, 1.07732861e+03, 8.36182861e+02,
    1.04133911e+03, 8.49094055e+02, 1.00573633e+03, 8.61738464e+02,
    1.13837805e+03, 7.82229492e+02, 1.10145776e+03, 7.96236206e+02,
    1.06454187e+03, 8.08694702e+02, 1.02814990e+03, 8.21777954e+02,
    9.92071899e+02, 8.35004883e+02, 1.12626221e+03, 7.53124207e+02,
    1.08882983e+03, 7.67253174e+02, 1.05147803e+03, 7.80437134e+02,
    1.01454590e+03, 7.93625061e+02, 9.77917175e+02, 8.07267700e+02,
    1.11383789e+03, 7.23053101e+02, 1.07590845e+03, 7.37635864e+02,
    1.03791748e+03, 7.51106262e+02, 1.00042206e+03, 7.64936584e+02,
    9.63395447e+02, 7.79004700e+02 ]
