%YAML:1.0
points: [ 3.52715057e+02, 3.25212708e+02, 3.40378693e+02, 3.29398804e+02,
    3.28251617e+02, 3.33635406e+02, 3.16099945e+02, 3.37672150e+02,
    3.04088379e+02, 3.41790375e+02, 3.49257446e+02, 3.16224792e+02,
    3.36763550e+02, 3.20531281e+02, 3.24432983e+02, 3.24890228e+02,
    3.12132111e+02, 3.28981995e+02, 2.99982391e+02, 3.33147766e+02,
    3.45671661e+02, 3.06906830e+02, 3.33076294e+02, 3.11433380e+02,
    3.20463867e+02, 3.15673645e+02, 3.08070953e+02, 3.20030823e+02,
    2.95735931e+02, 3.24303833e+02, 3.41990082e+02, 2.97330658e+02,
    3.29232788e+02, 3.02102112e+02, 3.16406830e+02, 3.06264465e+02,
    3.03847748e+02, 3.10737915e+02, 2.91340057e+02, 3.15154541e+02,
    3.38196472e+02, 2.87464966e+02, 3.25266144e+02, 2.92329041e+02,
    3.12287872e+02, 2.96669434e+02, 2.99481995e+02, 3.01212708e+02,
    2.86894012e+02, 3.05810944e+02, 3.34289398e+02, 2.77317596e+02,
    3.21167175e+02, 2.82256165e+02, 3.08036896e+02, 2.86817291e+02,
    2.95075439e+02, 2.91402466e+02, 2.82243713e+02, 2.96125000e+02,
    3.30236877e+02, 2.66821106e+02, 3.16935577e+02, 2.71884094e+02,
    3.03597961e+02, 2.76556763e+02, 2.90443542e+02, 2.81364960e+02,
    2.77503113e+02, 2.86270477e+02 ]
