%YAML:1.0
points: [ 2.84477020e+02, 2.62822235e+02, 2.75244354e+02, 2.58956482e+02,
    2.66186127e+02, 2.55282333e+02, 2.57478577e+02, 2.51552200e+02,
    2.48895111e+02, 2.48022247e+02, 2.84901154e+02, 2.54965057e+02,
    2.75505859e+02, 2.51174088e+02, 2.66293976e+02, 2.47599335e+02,
    2.57421631e+02, 2.43854309e+02, 2.48747726e+02, 2.40347809e+02,
    2.85397858e+02, 2.46840469e+02, 2.75740570e+02, 2.43187134e+02,
    2.66512939e+02, 2.39503769e+02, 2.57414246e+02, 2.35914856e+02,
    2.48577911e+02, 2.32477493e+02, 2.85878174e+02, 2.38459625e+02,
    2.75945374e+02, 2.34914444e+02, 2.66649628e+02, 2.31137939e+02,
    2.57416565e+02, 2.27694794e+02, 2.48382462e+02, 2.24276947e+02,
    2.86317078e+02, 2.29796280e+02, 2.76288452e+02, 2.26316269e+02,
    2.66765930e+02, 2.22633957e+02, 2.57400909e+02, 2.19154465e+02,
    2.48168579e+02, 2.15853760e+02, 2.86830780e+02, 2.20809158e+02,
    2.76623657e+02, 2.17389053e+02, 2.66860840e+02, 2.13769791e+02,
    2.57360168e+02, 2.10378067e+02, 2.47983475e+02, 2.07121017e+02,
    2.87343933e+02, 2.11509872e+02, 2.76951111e+02, 2.08178543e+02,
    2.67007019e+02, 2.04628738e+02, 2.57261841e+02, 2.01331635e+02,
    2.47705902e+02, 1.98198517e+02 ]
