%YAML:1.0
points: [ 1.58018079e+03, 7.47782227e+02, 1.54186902e+03, 7.14149231e+02,
    1.50450500e+03, 6.80687683e+02, 1.46623132e+03, 6.47414001e+02,
    1.42852429e+03, 6.14093994e+02, 1.60172363e+03, 7.10110779e+02,
    1.56435034e+03, 6.77238342e+02, 1.52743127e+03, 6.44145935e+02,
    1.48969788e+03, 6.11432556e+02, 1.45236743e+03, 5.78674438e+02,
    1.62255029e+03, 6.73626831e+02, 1.58638623e+03, 6.41105164e+02,
    1.54912573e+03, 6.08821716e+02, 1.51245898e+03, 5.76494995e+02,
    1.47580127e+03, 5.44225952e+02, 1.64292542e+03, 6.38287659e+02,
    1.60789661e+03, 6.06073364e+02, 1.57057312e+03, 5.74564697e+02,
    1.53460535e+03, 5.42639832e+02, 1.49870984e+03, 5.10851318e+02,
    1.66291467e+03, 6.03892883e+02, 1.62825806e+03, 5.72073059e+02,
    1.59177502e+03, 5.41005920e+02, 1.55617419e+03, 5.09731110e+02,
    1.52090405e+03, 4.78137878e+02, 1.68231702e+03, 5.70454590e+02,
    1.64808423e+03, 5.39109680e+02, 1.61252051e+03, 5.08368530e+02,
    1.57729895e+03, 4.77576233e+02, 1.54269446e+03, 4.46486450e+02,
    1.70119690e+03, 5.37969055e+02, 1.66758936e+03, 5.06957245e+02,
    1.63268506e+03, 4.76728821e+02, 1.59833325e+03, 4.46288635e+02,
    1.56423523e+03, 4.15435547e+02 ]
