%YAML:1.0
points: [ 1.11703894e+03, 8.75862122e+02, 1.08272778e+03, 8.85900635e+02,
    1.04918164e+03, 8.95973816e+02, 1.01589874e+03, 9.05538452e+02,
    9.83137878e+02, 9.15309937e+02, 1.10468066e+03, 8.49625061e+02,
    1.07013196e+03, 8.60015137e+02, 1.03601929e+03, 8.70600159e+02,
    1.00256000e+03, 8.80326233e+02, 9.69445312e+02, 8.90284119e+02,
    1.09200549e+03, 8.22662476e+02, 1.05716687e+03, 8.33744751e+02,
    1.02271155e+03, 8.44093384e+02, 9.88884705e+02, 8.54445190e+02,
    9.55437073e+02, 8.64783264e+02, 1.07910315e+03, 7.95037476e+02,
    1.04377979e+03, 8.06828735e+02, 1.00908911e+03, 8.17043457e+02,
    9.74800781e+02, 8.27938782e+02, 9.41020569e+02, 8.38628235e+02,
    1.06586621e+03, 7.66752380e+02, 1.03020898e+03, 7.78838867e+02,
    9.95074829e+02, 7.89583069e+02, 9.60385193e+02, 8.00782654e+02,
    9.26320862e+02, 8.11919617e+02, 1.05229846e+03, 7.37749512e+02,
    1.01620190e+03, 7.50117432e+02, 9.80696411e+02, 7.61429504e+02,
    9.45707825e+02, 7.72797180e+02, 9.11090698e+02, 7.84460510e+02,
    1.03829175e+03, 7.07868774e+02, 1.00185742e+03, 7.20706360e+02,
    9.65855774e+02, 7.32451904e+02, 9.30462402e+02, 7.44408081e+02,
    8.95434875e+02, 7.56564270e+02 ]
