%YAML:1.0
points: [ 3.28942474e+02, 3.20066925e+02, 3.16931152e+02, 3.23537018e+02,
    3.05107147e+02, 3.27059845e+02, 2.93420380e+02, 3.30365479e+02,
    2.81895325e+02, 3.33740784e+02, 3.24848236e+02, 3.10900482e+02,
    3.12696198e+02, 3.14509888e+02, 3.00756989e+02, 3.18207764e+02,
    2.88940277e+02, 3.21603027e+02, 2.77323273e+02, 3.25030365e+02,
    3.20640320e+02, 3.01493469e+02, 3.08377411e+02, 3.05348389e+02,
    2.96269989e+02, 3.08901520e+02, 2.84376129e+02, 3.12574280e+02,
    2.72633331e+02, 3.16139404e+02, 3.16324463e+02, 2.91837524e+02,
    3.03934845e+02, 2.95947205e+02, 2.91703430e+02, 2.99489044e+02,
    2.79672119e+02, 3.03277618e+02, 2.67798889e+02, 3.06993469e+02,
    3.11879181e+02, 2.81986786e+02, 2.99381866e+02, 2.86171631e+02,
    2.87022614e+02, 2.89888580e+02, 2.74856720e+02, 2.93750488e+02,
    2.62877686e+02, 2.97689331e+02, 3.07335205e+02, 2.71844330e+02,
    2.94723236e+02, 2.76133118e+02, 2.82240082e+02, 2.80073456e+02,
    2.69938354e+02, 2.84007629e+02, 2.57828461e+02, 2.88070740e+02,
    3.02677429e+02, 2.61405670e+02, 2.89919250e+02, 2.65861389e+02,
    2.77261200e+02, 2.69926239e+02, 2.64856171e+02, 2.74083344e+02,
    2.52626556e+02, 2.78333649e+02 ]
