%YAML:1.0
points: [ 1.67334802e+03, 9.57098755e+02, 1.65791431e+03, 9.31240601e+02,
    1.64246692e+03, 9.04869812e+02, 1.62544348e+03, 8.77133179e+02,
    1.60839636e+03, 8.48618958e+02, 1.69436011e+03, 9.20250366e+02,
    1.67962048e+03, 8.94584473e+02, 1.66493066e+03, 8.67422791e+02,
    1.64836609e+03, 8.39409912e+02, 1.63170850e+03, 8.10662720e+02,
    1.71470410e+03, 8.84492676e+02, 1.70133984e+03, 8.58472412e+02,
    1.68598462e+03, 8.31192627e+02, 1.67068762e+03, 8.02817017e+02,
    1.65481226e+03, 7.73751282e+02, 1.73485938e+03, 8.49619324e+02,
    1.72259216e+03, 8.23098328e+02, 1.70694653e+03, 7.95805237e+02,
    1.69248035e+03, 7.67184631e+02, 1.67751721e+03, 7.37876526e+02,
    1.75469287e+03, 8.15633850e+02, 1.74262512e+03, 7.88690002e+02,
    1.72794580e+03, 7.60957275e+02, 1.71377600e+03, 7.32469788e+02,
    1.69963049e+03, 7.02712830e+02, 1.77401221e+03, 7.82159241e+02,
    1.76231873e+03, 7.55034973e+02, 1.74861841e+03, 7.27117859e+02,
    1.73478528e+03, 6.98415588e+02, 1.72134387e+03, 6.68370178e+02,
    1.79295581e+03, 7.49497070e+02, 1.78187207e+03, 7.22121033e+02,
    1.76875549e+03, 6.94131775e+02, 1.75591797e+03, 6.65300598e+02,
    1.74304529e+03, 6.34984192e+02 ]
