%YAML:1.0
points: [ 3.02907990e+02, 3.12786682e+02, 2.91643677e+02, 3.15551666e+02,
    2.80525421e+02, 3.18365112e+02, 2.69669861e+02, 3.20962524e+02,
    2.58996765e+02, 3.23636047e+02, 2.98334167e+02, 3.03593414e+02,
    2.86891571e+02, 3.06486237e+02, 2.75764099e+02, 3.09454254e+02,
    2.64831787e+02, 3.12160034e+02, 2.54142990e+02, 3.14898926e+02,
    2.93637238e+02, 2.94104767e+02, 2.82133728e+02, 2.97292755e+02,
    2.70905273e+02, 3.00173218e+02, 2.59940430e+02, 3.03137573e+02,
    2.49176041e+02, 3.06003967e+02, 2.88822906e+02, 2.84483246e+02,
    2.77276733e+02, 2.87902924e+02, 2.65995728e+02, 2.90793671e+02,
    2.54916443e+02, 2.93908722e+02, 2.44069702e+02, 2.96937805e+02,
    2.83940063e+02, 2.74683594e+02, 2.72339996e+02, 2.78204193e+02,
    2.60953918e+02, 2.81292664e+02, 2.49812546e+02, 2.84500763e+02,
    2.38870056e+02, 2.87738983e+02, 2.78955444e+02, 2.64647766e+02,
    2.67264160e+02, 2.68314484e+02, 2.55828354e+02, 2.71611908e+02,
    2.44628220e+02, 2.74888245e+02, 2.33599426e+02, 2.78297699e+02,
    2.73856110e+02, 2.54362244e+02, 2.62054382e+02, 2.58189667e+02,
    2.50557617e+02, 2.61636169e+02, 2.39237808e+02, 2.65176178e+02,
    2.28120560e+02, 2.68722229e+02 ]
