%YAML:1.0
points: [ 1.04364368e+03, 8.55004578e+02, 1.01178320e+03, 8.62880554e+02,
    9.80381775e+02, 8.71053101e+02, 9.49646301e+02, 8.78528748e+02,
    9.19478882e+02, 8.86155334e+02, 1.02994519e+03, 8.28521118e+02,
    9.97767578e+02, 8.36876343e+02, 9.66201843e+02, 8.45457397e+02,
    9.35357178e+02, 8.53226257e+02, 9.05045410e+02, 8.61079163e+02,
    1.01598846e+03, 8.01438477e+02, 9.83486328e+02, 8.10599854e+02,
    9.51882568e+02, 8.18838562e+02, 9.20772034e+02, 8.27363525e+02,
    8.90254272e+02, 8.35616638e+02, 1.00170117e+03, 7.73869995e+02,
    9.68940308e+02, 7.83688904e+02, 9.37136841e+02, 7.91999023e+02,
    9.05887329e+02, 8.00838623e+02, 8.75054810e+02, 8.09629333e+02,
    9.87059998e+02, 7.45729492e+02, 9.54219299e+02, 7.55862549e+02,
    9.22058167e+02, 7.64779846e+02, 8.90602417e+02, 7.73884033e+02,
    8.59602234e+02, 7.83156189e+02, 9.72120117e+02, 7.17001343e+02,
    9.39017090e+02, 7.27481812e+02, 9.06695190e+02, 7.36898010e+02,
    8.74927551e+02, 7.46366333e+02, 8.43786804e+02, 7.55996338e+02,
    9.56848450e+02, 6.87476562e+02, 9.23467773e+02, 6.98440369e+02,
    8.90841370e+02, 7.08338318e+02, 8.58812317e+02, 7.18485718e+02,
    8.27474182e+02, 7.28569336e+02 ]
