%YAML:1.0
points: [ 2.96447906e+02, 2.68286377e+02, 2.86635193e+02, 2.64221527e+02,
    2.76975494e+02, 2.60410339e+02, 2.67549133e+02, 2.56427399e+02,
    2.58179901e+02, 2.52572708e+02, 2.98293793e+02, 2.61091949e+02,
    2.88304749e+02, 2.57073303e+02, 2.78444305e+02, 2.53230865e+02,
    2.68805206e+02, 2.49207367e+02, 2.59347900e+02, 2.45382751e+02,
    3.00241730e+02, 2.53606232e+02, 2.89992615e+02, 2.49671478e+02,
    2.80032349e+02, 2.45631073e+02, 2.70157257e+02, 2.41733948e+02,
    2.60496033e+02, 2.37915680e+02, 3.02257050e+02, 2.45864075e+02,
    2.91708344e+02, 2.42037552e+02, 2.81616516e+02, 2.37839218e+02,
    2.71572449e+02, 2.33986160e+02, 2.61677399e+02, 2.30163696e+02,
    3.04339874e+02, 2.37866348e+02, 2.93578217e+02, 2.33992355e+02,
    2.83267334e+02, 2.29852524e+02, 2.73042084e+02, 2.25939911e+02,
    2.62921326e+02, 2.22197479e+02, 3.06507904e+02, 2.29574646e+02,
    2.95542877e+02, 2.25683563e+02, 2.84981354e+02, 2.21606903e+02,
    2.74516266e+02, 2.17646515e+02, 2.64189270e+02, 2.13832565e+02,
    3.08781555e+02, 2.20895645e+02, 2.97556152e+02, 2.17021255e+02,
    2.86745087e+02, 2.12915359e+02, 2.76056549e+02, 2.09041260e+02,
    2.65457794e+02, 2.05316528e+02 ]
