%YAML:1.0
points: [ 1.02136676e+03, 8.20869446e+02, 9.88240723e+02, 8.27559021e+02,
    9.55713196e+02, 8.34365417e+02, 9.23767273e+02, 8.40719238e+02,
    8.92331970e+02, 8.47230408e+02, 1.00951569e+03, 7.92165649e+02,
    9.76043945e+02, 7.99301758e+02, 9.43289124e+02, 8.06568298e+02,
    9.11278748e+02, 8.13162964e+02, 8.79674866e+02, 8.19891907e+02,
    9.97413025e+02, 7.62804321e+02, 9.63636292e+02, 7.70663696e+02,
    9.30737671e+02, 7.77782959e+02, 8.98442200e+02, 7.84940002e+02,
    8.66604126e+02, 7.92088989e+02, 9.85036682e+02, 7.32960999e+02,
    9.50993225e+02, 7.41396912e+02, 9.17893677e+02, 7.48548706e+02,
    8.85317200e+02, 7.56216309e+02, 8.53280945e+02, 7.63691406e+02,
    9.72414795e+02, 7.02570312e+02, 9.38144348e+02, 7.11309143e+02,
    9.04765015e+02, 7.18908264e+02, 8.71865662e+02, 7.26908203e+02,
    8.39599731e+02, 7.34815308e+02, 9.59502380e+02, 6.71364929e+02,
    9.24999084e+02, 6.80506287e+02, 8.91304749e+02, 6.88681152e+02,
    8.58242004e+02, 6.96927673e+02, 8.25601501e+02, 7.05383301e+02,
    9.46259949e+02, 6.39451355e+02, 9.11508301e+02, 6.49043701e+02,
    8.77515686e+02, 6.57661072e+02, 8.44065613e+02, 6.66441772e+02,
    8.11315125e+02, 6.75362305e+02 ]
