%YAML:1.0
points: [ 2.88764160e+02, 2.30188309e+02, 2.78835938e+02, 2.25387726e+02,
    2.69046265e+02, 2.20748505e+02, 2.59572327e+02, 2.16126282e+02,
    2.50181488e+02, 2.11568405e+02, 2.92074463e+02, 2.20675598e+02,
    2.81928009e+02, 2.15912140e+02, 2.71985840e+02, 2.11316895e+02,
    2.62338013e+02, 2.06665421e+02, 2.52830750e+02, 2.02182129e+02,
    2.95442413e+02, 2.10896133e+02, 2.85111816e+02, 2.06195572e+02,
    2.75075836e+02, 2.01504272e+02, 2.65222290e+02, 1.97030838e+02,
    2.55542923e+02, 1.92523590e+02, 2.98965485e+02, 2.00792816e+02,
    2.88323700e+02, 1.96225861e+02, 2.78240112e+02, 1.91501221e+02,
    2.68168854e+02, 1.87049774e+02, 2.58300720e+02, 1.82614716e+02,
    3.02515411e+02, 1.90447128e+02, 2.91776428e+02, 1.85912643e+02,
    2.81403137e+02, 1.81267960e+02, 2.71232178e+02, 1.76812012e+02,
    2.61155396e+02, 1.72446548e+02, 3.06276703e+02, 1.79779648e+02,
    2.95296936e+02, 1.75272247e+02, 2.84713623e+02, 1.70687347e+02,
    2.74330963e+02, 1.66255753e+02, 2.64109070e+02, 1.61954819e+02,
    3.10107727e+02, 1.68770447e+02, 2.98937836e+02, 1.64307022e+02,
    2.88159058e+02, 1.59761017e+02, 2.77508972e+02, 1.55405319e+02,
    2.67055328e+02, 1.51150742e+02 ]
