%YAML:1.0
points: [ 1.46929614e+03, 9.58230408e+02, 1.44590869e+03, 9.28693542e+02,
    1.42234229e+03, 8.98808472e+02, 1.39754675e+03, 8.67817566e+02,
    1.37257568e+03, 8.36303711e+02, 1.49917310e+03, 9.24729065e+02,
    1.47642371e+03, 8.95355103e+02, 1.45342212e+03, 8.65098145e+02,
    1.42910291e+03, 8.33889465e+02, 1.40448364e+03, 8.02226562e+02,
    1.52863013e+03, 8.91807983e+02, 1.50695496e+03, 8.62386292e+02,
    1.48360974e+03, 8.31822571e+02, 1.46028821e+03, 8.00565613e+02,
    1.43627576e+03, 7.68695068e+02, 1.55784937e+03, 8.59411194e+02,
    1.53714709e+03, 8.29749878e+02, 1.51375378e+03, 7.98954712e+02,
    1.49107043e+03, 7.67615723e+02, 1.46786206e+03, 7.35628235e+02,
    1.58692932e+03, 8.27487549e+02, 1.56651172e+03, 7.97566711e+02,
    1.54388037e+03, 7.66624390e+02, 1.52152771e+03, 7.35147705e+02,
    1.49908350e+03, 7.02990723e+02, 1.61568555e+03, 7.95841736e+02,
    1.59567456e+03, 7.65704163e+02, 1.57389087e+03, 7.34676147e+02,
    1.55190588e+03, 7.03098267e+02, 1.53008472e+03, 6.70696350e+02,
    1.64407568e+03, 7.64547913e+02, 1.62469849e+03, 7.34266602e+02,
    1.60355005e+03, 7.03200806e+02, 1.58244141e+03, 6.71512207e+02,
    1.56112561e+03, 6.38940613e+02 ]
