%YAML:1.0
points: [ 2.95449982e+02, 3.00894684e+02, 2.83707550e+02, 3.03228882e+02,
    2.72218201e+02, 3.05613983e+02, 2.60918274e+02, 3.07789795e+02,
    2.49853180e+02, 3.10060638e+02, 2.91480988e+02, 2.90881165e+02,
    2.79680542e+02, 2.93371857e+02, 2.68076019e+02, 2.95892120e+02,
    2.56750305e+02, 2.98189697e+02, 2.45627563e+02, 3.00538330e+02,
    2.87448273e+02, 2.80643707e+02, 2.75548828e+02, 2.83383057e+02,
    2.63873138e+02, 2.85828003e+02, 2.52502518e+02, 2.88399323e+02,
    2.41277725e+02, 2.90838470e+02, 2.83318604e+02, 2.70235535e+02,
    2.71319611e+02, 2.73177979e+02, 2.59652222e+02, 2.75649689e+02,
    2.48107605e+02, 2.78349731e+02, 2.36775177e+02, 2.80958588e+02,
    2.79094269e+02, 2.59603821e+02, 2.67011292e+02, 2.62655640e+02,
    2.55282486e+02, 2.65316437e+02, 2.43687866e+02, 2.68100647e+02,
    2.32271149e+02, 2.70899078e+02, 2.74842987e+02, 2.48764771e+02,
    2.62688324e+02, 2.51955276e+02, 2.50787460e+02, 2.54806213e+02,
    2.39109909e+02, 2.57678436e+02, 2.27632721e+02, 2.60608704e+02,
    2.70440613e+02, 2.37674683e+02, 2.58175293e+02, 2.41005981e+02,
    2.46204254e+02, 2.44013031e+02, 2.34438431e+02, 2.47090118e+02,
    2.22835495e+02, 2.50196777e+02 ]
