%YAML:1.0
points: [ 1.46931506e+03, 9.58125977e+02, 1.44590527e+03, 9.28585754e+02,
    1.42233264e+03, 8.98676453e+02, 1.39753101e+03, 8.67690979e+02,
    1.37254541e+03, 8.36181885e+02, 1.49917151e+03, 9.24644226e+02,
    1.47642615e+03, 8.95251221e+02, 1.45341199e+03, 8.64995056e+02,
    1.42908484e+03, 8.33800232e+02, 1.40446545e+03, 8.02113708e+02,
    1.52862659e+03, 8.91716309e+02, 1.50693457e+03, 8.62282532e+02,
    1.48360217e+03, 8.31703979e+02, 1.46025635e+03, 8.00431641e+02,
    1.43623792e+03, 7.68558289e+02, 1.55786108e+03, 8.59304626e+02,
    1.53711511e+03, 8.29657776e+02, 1.51373865e+03, 7.98847107e+02,
    1.49102625e+03, 7.67495972e+02, 1.46781421e+03, 7.35487183e+02,
    1.58693152e+03, 8.27391052e+02, 1.56651001e+03, 7.97442566e+02,
    1.54386804e+03, 7.66500916e+02, 1.52149756e+03, 7.35027344e+02,
    1.49903564e+03, 7.02866516e+02, 1.61568091e+03, 7.95727234e+02,
    1.59566248e+03, 7.65596313e+02, 1.57387402e+03, 7.34559265e+02,
    1.55185864e+03, 7.02971680e+02, 1.53004028e+03, 6.70569458e+02,
    1.64406738e+03, 7.64447083e+02, 1.62468677e+03, 7.34143921e+02,
    1.60351929e+03, 7.03087341e+02, 1.58240051e+03, 6.71389526e+02,
    1.56108044e+03, 6.38798950e+02 ]
