%YAML:1.0
points: [ 1.02137762e+03, 8.20863647e+02, 9.88237000e+02, 8.27558044e+02,
    9.55720398e+02, 8.34361450e+02, 9.23751038e+02, 8.40726196e+02,
    8.92316589e+02, 8.47225769e+02, 1.00951398e+03, 7.92162476e+02,
    9.76051697e+02, 7.99304993e+02, 9.43277161e+02, 8.06568298e+02,
    9.11274170e+02, 8.13164185e+02, 8.79686584e+02, 8.19880676e+02,
    9.97405334e+02, 7.62787964e+02, 9.63647034e+02, 7.70648254e+02,
    9.30749207e+02, 7.77776123e+02, 8.98460571e+02, 7.84929382e+02,
    8.66590393e+02, 7.92081299e+02, 9.85032776e+02, 7.32953674e+02,
    9.51000793e+02, 7.41394470e+02, 9.17904846e+02, 7.48535828e+02,
    8.85316101e+02, 7.56223145e+02, 8.53265808e+02, 7.63693237e+02,
    9.72432251e+02, 7.02553406e+02, 9.38146240e+02, 7.11309326e+02,
    9.04777832e+02, 7.18921265e+02, 8.71866882e+02, 7.26912598e+02,
    8.39611206e+02, 7.34813965e+02, 9.59510498e+02, 6.71359375e+02,
    9.25010498e+02, 6.80512390e+02, 8.91304016e+02, 6.88665588e+02,
    8.58225098e+02, 6.96936584e+02, 8.25603027e+02, 7.05394775e+02,
    9.46258789e+02, 6.39445068e+02, 9.11506897e+02, 6.49041748e+02,
    8.77515381e+02, 6.57660156e+02, 8.44076111e+02, 6.66431824e+02,
    8.11307434e+02, 6.75361206e+02 ]
