%YAML:1.0
points: [ 3.28264740e+02, 1.40680923e+02, 3.16122070e+02, 1.36134811e+02,
    3.04293793e+02, 1.31641022e+02, 2.92719330e+02, 1.27286011e+02,
    2.81330078e+02, 1.22904800e+02, 3.33839691e+02, 1.29060287e+02,
    3.21679718e+02, 1.24645859e+02, 3.09810089e+02, 1.20210617e+02,
    2.98193542e+02, 1.15977760e+02, 2.86761993e+02, 1.11748528e+02,
    3.39347687e+02, 1.17555145e+02, 3.27218597e+02, 1.13082397e+02,
    3.15303558e+02, 1.08917717e+02, 3.03667664e+02, 1.04733208e+02,
    2.92200439e+02, 1.00615204e+02, 3.44923798e+02, 1.05962692e+02,
    3.32707184e+02, 1.01610703e+02, 3.20805725e+02, 9.76296158e+01,
    3.09086578e+02, 9.35429153e+01, 2.97621918e+02, 8.95255432e+01,
    3.50364655e+02, 9.45434875e+01, 3.38221405e+02, 9.02358932e+01,
    3.26244812e+02, 8.63853607e+01, 3.14516510e+02, 8.23974838e+01,
    3.02975677e+02, 7.84279633e+01, 3.55847137e+02, 8.31385803e+01,
    3.43650360e+02, 7.89421844e+01, 3.31669006e+02, 7.51099396e+01,
    3.19912445e+02, 7.13069611e+01, 3.08384583e+02, 6.74302444e+01,
    3.61233673e+02, 7.17816086e+01, 3.49074890e+02, 6.77158737e+01,
    3.37067841e+02, 6.39749298e+01, 3.25245575e+02, 6.02095490e+01,
    3.13698914e+02, 5.63732910e+01 ]
