%YAML:1.0
points: [ 2.95453522e+02, 3.00894135e+02, 2.83706329e+02, 3.03232269e+02,
    2.72217987e+02, 3.05616486e+02, 2.60923401e+02, 3.07794952e+02,
    2.49853775e+02, 3.10052887e+02, 2.91479797e+02, 2.90885529e+02,
    2.79674988e+02, 2.93371155e+02, 2.68088379e+02, 2.95889954e+02,
    2.56744385e+02, 2.98189484e+02, 2.45633331e+02, 3.00539307e+02,
    2.87445587e+02, 2.80646301e+02, 2.75548309e+02, 2.83370941e+02,
    2.63879089e+02, 2.85836151e+02, 2.52505890e+02, 2.88396606e+02,
    2.41276657e+02, 2.90851593e+02, 2.83305603e+02, 2.70229370e+02,
    2.71324402e+02, 2.73181396e+02, 2.59652863e+02, 2.75649689e+02,
    2.48123596e+02, 2.78356384e+02, 2.36779205e+02, 2.80960083e+02,
    2.79093109e+02, 2.59601746e+02, 2.67020508e+02, 2.62662170e+02,
    2.55263275e+02, 2.65329102e+02, 2.43689087e+02, 2.68101837e+02,
    2.32272949e+02, 2.70902832e+02, 2.74838287e+02, 2.48755127e+02,
    2.62682556e+02, 2.51955505e+02, 2.50789474e+02, 2.54809784e+02,
    2.39107040e+02, 2.57679962e+02, 2.27633514e+02, 2.60615753e+02,
    2.70430481e+02, 2.37673813e+02, 2.58182495e+02, 2.40996979e+02,
    2.46210571e+02, 2.44011307e+02, 2.34428513e+02, 2.47092239e+02,
    2.22840637e+02, 2.50195984e+02 ]
