%YAML:1.0
points: [ 1.06709375e+03, 8.94509277e+02, 1.04134448e+03, 8.61637329e+02,
    1.01553094e+03, 8.28997070e+02, 9.89734192e+02, 7.96075073e+02,
    9.63924805e+02, 7.63293152e+02, 1.10061902e+03, 8.70627563e+02,
    1.07476538e+03, 8.37706909e+02, 1.04884399e+03, 8.04916077e+02,
    1.02294891e+03, 7.71846619e+02, 9.97054077e+02, 7.38790588e+02,
    1.13445239e+03, 8.46677673e+02, 1.10853088e+03, 8.13779480e+02,
    1.08252002e+03, 7.80449036e+02, 1.05653186e+03, 7.47336670e+02,
    1.03051416e+03, 7.14154419e+02, 1.16872314e+03, 8.22484253e+02,
    1.14276990e+03, 7.89521362e+02, 1.11656201e+03, 7.55879272e+02,
    1.09045129e+03, 7.22563538e+02, 1.06435730e+03, 6.89214294e+02,
    1.20338000e+03, 7.98242859e+02, 1.17728784e+03, 7.64966064e+02,
    1.15100208e+03, 7.31174805e+02, 1.12482166e+03, 6.97632202e+02,
    1.09858557e+03, 6.64117004e+02, 1.23854163e+03, 7.73643677e+02,
    1.21233960e+03, 7.40182922e+02, 1.18590918e+03, 7.06251343e+02,
    1.15956738e+03, 6.72487244e+02, 1.13325439e+03, 6.38678650e+02,
    1.27414124e+03, 7.48800476e+02, 1.24784338e+03, 7.15159851e+02,
    1.22133606e+03, 6.81053528e+02, 1.19490332e+03, 6.47095581e+02,
    1.16846912e+03, 6.13121643e+02 ]
