%YAML:1.0
points: [ 9.84487915e+02, 7.43404907e+02, 9.49277283e+02, 7.47174438e+02,
    9.14464722e+02, 7.51091797e+02, 8.80506775e+02, 7.54639038e+02,
    8.46940186e+02, 7.58232544e+02, 9.76808533e+02, 7.10701294e+02,
    9.41207397e+02, 7.14798706e+02, 9.06242859e+02, 7.19116028e+02,
    8.71951599e+02, 7.22962891e+02, 8.38193298e+02, 7.26824036e+02,
    9.68974426e+02, 6.77329773e+02, 9.33035156e+02, 6.82045654e+02,
    8.97886536e+02, 6.86251282e+02, 8.63308411e+02, 6.90605408e+02,
    8.29193542e+02, 6.94812500e+02, 9.61010925e+02, 6.43348633e+02,
    9.24677979e+02, 6.48665649e+02, 8.89338013e+02, 6.52882141e+02,
    8.54414307e+02, 6.57587524e+02, 8.20011230e+02, 6.62149414e+02,
    9.52820374e+02, 6.08740723e+02, 9.16229126e+02, 6.14234985e+02,
    8.80595398e+02, 6.18956970e+02, 8.45374023e+02, 6.23928040e+02,
    8.10673645e+02, 6.28989990e+02, 9.44557434e+02, 5.73324951e+02,
    9.07700317e+02, 5.79178833e+02, 8.71610657e+02, 5.84413513e+02,
    8.36146545e+02, 5.89605225e+02, 8.01113403e+02, 5.95026855e+02,
    9.36052490e+02, 5.37173401e+02, 8.98825562e+02, 5.43348083e+02,
    8.62462524e+02, 5.48994385e+02, 8.26573425e+02, 5.54747620e+02,
    7.91272339e+02, 5.60573853e+02 ]
