%YAML:1.0
points: [ 2.83105774e+02, 2.73819000e+02, 2.70693695e+02, 2.75138153e+02,
    2.58502747e+02, 2.76495789e+02, 2.46520569e+02, 2.77724487e+02,
    2.34664658e+02, 2.79017426e+02, 2.80622101e+02, 2.62381775e+02,
    2.68043457e+02, 2.63833740e+02, 2.55764038e+02, 2.65328705e+02,
    2.43714920e+02, 2.66649231e+02, 2.31783569e+02, 2.68045013e+02,
    2.78063538e+02, 2.50761215e+02, 2.65415894e+02, 2.52396805e+02,
    2.53028152e+02, 2.53896912e+02, 2.40846619e+02, 2.55378510e+02,
    2.28856567e+02, 2.56886871e+02, 2.75463470e+02, 2.38930634e+02,
    2.62702301e+02, 2.40759720e+02, 2.50259354e+02, 2.42230972e+02,
    2.37945557e+02, 2.43903015e+02, 2.25840912e+02, 2.45498642e+02,
    2.72810120e+02, 2.26869568e+02, 2.59944366e+02, 2.28798843e+02,
    2.47461197e+02, 2.30459793e+02, 2.35001038e+02, 2.32182007e+02,
    2.22804413e+02, 2.33968216e+02, 2.70122437e+02, 2.14597748e+02,
    2.57168243e+02, 2.16637634e+02, 2.44536560e+02, 2.18487457e+02,
    2.31993546e+02, 2.20281296e+02, 2.19686966e+02, 2.22145126e+02,
    2.67364777e+02, 2.01963898e+02, 2.54304474e+02, 2.04134918e+02,
    2.41551346e+02, 2.06062698e+02, 2.28897690e+02, 2.08081161e+02,
    2.16453583e+02, 2.10163940e+02 ]
