%YAML:1.0
points: [ 3.73313873e+02, 1.42155090e+02, 3.60128448e+02, 1.37507706e+02,
    3.47043762e+02, 1.32765366e+02, 3.34054962e+02, 1.28168732e+02,
    3.21144196e+02, 1.23602058e+02, 3.77932770e+02, 1.29913849e+02,
    3.64704132e+02, 1.25297104e+02, 3.51692230e+02, 1.20654541e+02,
    3.38714050e+02, 1.16082291e+02, 3.25907074e+02, 1.11637062e+02,
    3.82352966e+02, 1.17884079e+02, 3.69281860e+02, 1.13203941e+02,
    3.56269531e+02, 1.08731850e+02, 3.43333862e+02, 1.04238007e+02,
    3.30598816e+02, 9.97300186e+01, 3.86775024e+02, 1.05919693e+02,
    3.73928955e+02, 1.01213112e+02, 3.60896759e+02, 9.68772736e+01,
    3.48078400e+02, 9.24987335e+01, 3.35295197e+02, 8.79235458e+01,
    3.91162933e+02, 9.41486969e+01, 3.78299866e+02, 8.95275345e+01,
    3.65326538e+02, 8.52171783e+01, 3.52530182e+02, 8.07774582e+01,
    3.39991608e+02, 7.63542252e+01, 3.95367889e+02, 8.25651550e+01,
    3.82594452e+02, 7.78900528e+01, 3.69835480e+02, 7.36338348e+01,
    3.57102356e+02, 6.93066330e+01, 3.44463776e+02, 6.48419342e+01,
    3.99492310e+02, 7.11007538e+01, 3.86929962e+02, 6.64959869e+01,
    3.74171234e+02, 6.22538223e+01, 3.61501251e+02, 5.78363533e+01,
    3.49063751e+02, 5.34563828e+01 ]
