%YAML:1.0
points: [ 2.61795105e+02, 2.66813782e+02, 2.50380325e+02, 2.67652893e+02,
    2.39193619e+02, 2.68575867e+02, 2.28281998e+02, 2.69370911e+02,
    2.17511215e+02, 2.70207764e+02, 2.59183197e+02, 2.55706024e+02,
    2.47653091e+02, 2.56712494e+02, 2.36365585e+02, 2.57780182e+02,
    2.25422333e+02, 2.58671661e+02, 2.14642349e+02, 2.59613220e+02,
    2.56498199e+02, 2.44400208e+02, 2.44850647e+02, 2.45637650e+02,
    2.33563629e+02, 2.46694504e+02, 2.22514343e+02, 2.47821487e+02,
    2.11690872e+02, 2.48898956e+02, 2.53732162e+02, 2.32978577e+02, 242.,
    2.34370895e+02, 2.30739120e+02, 2.35483047e+02, 2.19567551e+02,
    2.36758362e+02, 2.08649765e+02, 2.38003387e+02, 2.50928131e+02,
    2.21357895e+02, 2.39180573e+02, 2.22886368e+02, 2.27814774e+02,
    2.24164810e+02, 2.16561172e+02, 2.25510620e+02, 2.05543274e+02,
    2.26946365e+02, 2.48112839e+02, 2.09520325e+02, 2.36294006e+02,
    2.11152817e+02, 2.24782974e+02, 2.12626160e+02, 2.13508377e+02,
    2.14085693e+02, 2.02384827e+02, 2.15607132e+02, 2.45231735e+02,
    1.97382568e+02, 2.33278427e+02, 1.99203354e+02, 2.21712570e+02,
    2.00799667e+02, 2.10332474e+02, 2.02482895e+02, 1.99139908e+02,
    2.04152527e+02 ]
