%YAML:1.0
points: [ 9.25407776e+02, 7.23150757e+02, 8.93147278e+02, 7.25571777e+02,
    8.61395386e+02, 7.28260437e+02, 8.30662292e+02, 7.30311584e+02,
    8.00310425e+02, 7.32814087e+02, 9.17361633e+02, 6.91321838e+02,
    8.84872314e+02, 6.94151855e+02, 8.53012756e+02, 6.97208923e+02,
    8.21992981e+02, 6.99784302e+02, 7.91637329e+02, 7.02303711e+02,
    9.09231079e+02, 6.58887146e+02, 8.76292358e+02, 6.62291443e+02,
    8.44425293e+02, 6.65354675e+02, 8.13247803e+02, 6.68488770e+02,
    7.82556763e+02, 6.71539246e+02, 9.00888794e+02, 6.25894165e+02,
    8.67690247e+02, 6.29945618e+02, 8.35798584e+02, 6.33143738e+02,
    8.04284912e+02, 6.36676941e+02, 7.73445496e+02, 6.40106445e+02,
    8.92325134e+02, 5.92358459e+02, 8.59062195e+02, 5.96825195e+02,
    8.26917297e+02, 6.00467651e+02, 7.95247864e+02, 6.04346313e+02,
    7.64145935e+02, 6.08299377e+02, 8.83740662e+02, 5.58234802e+02,
    8.50186523e+02, 5.62967773e+02, 8.17782349e+02, 5.67178284e+02,
    7.85967651e+02, 5.71402832e+02, 7.54622742e+02, 5.75860657e+02,
    8.74904724e+02, 5.23388489e+02, 8.41185913e+02, 5.28627319e+02,
    8.08489990e+02, 5.33341125e+02, 7.76313660e+02, 5.38084656e+02,
    7.44762939e+02, 5.42842712e+02 ]
