%YAML:1.0
points: [ 3.17251007e+02, 2.44086380e+02, 3.06228546e+02, 2.39553604e+02,
    2.95343048e+02, 2.35128555e+02, 2.84593750e+02, 2.30652252e+02,
    2.73998322e+02, 2.26306671e+02, 3.21352936e+02, 2.34633041e+02,
    3.10125763e+02, 2.30104065e+02, 2.99054657e+02, 2.25677078e+02,
    2.88156982e+02, 2.21188049e+02, 2.77341827e+02, 2.16786514e+02,
    3.25588440e+02, 2.24909561e+02, 3.14145050e+02, 2.20396454e+02,
    3.02918701e+02, 2.15859268e+02, 2.91802795e+02, 2.11391251e+02,
    2.80787842e+02, 2.07015732e+02, 3.29945526e+02, 2.14833252e+02,
    3.18279999e+02, 2.10410431e+02, 3.06898987e+02, 2.05750153e+02,
    2.95556915e+02, 2.01259720e+02, 2.84380280e+02, 1.96937820e+02,
    3.34496277e+02, 2.04474442e+02, 3.22637299e+02, 2.00061707e+02,
    3.10989624e+02, 1.95380432e+02, 2.99489624e+02, 1.90945374e+02,
    2.88050934e+02, 1.86523651e+02, 3.39191620e+02, 1.93794128e+02,
    3.27099579e+02, 1.89327499e+02, 3.15255066e+02, 1.84739853e+02,
    3.03535553e+02, 1.80232803e+02, 2.91884399e+02, 1.75825073e+02,
    3.44061920e+02, 1.82747284e+02, 3.31756897e+02, 1.78283920e+02,
    3.19686584e+02, 1.73656174e+02, 3.07699402e+02, 1.69190964e+02,
    2.95804749e+02, 1.64812790e+02 ]
