%YAML:1.0
points: [ 1.05802039e+03, 8.85718811e+02, 1.03322253e+03, 8.52295959e+02,
    1.00831573e+03, 8.19269226e+02, 9.83361694e+02, 7.85703979e+02,
    9.58366089e+02, 7.52452698e+02, 1.09227307e+03, 8.62652527e+02,
    1.06728967e+03, 8.29221680e+02, 1.04227759e+03, 7.95918213e+02,
    1.01724121e+03, 7.62279297e+02, 9.92174194e+02, 7.28712646e+02,
    1.12675122e+03, 8.39465698e+02, 1.10179358e+03, 8.05995972e+02,
    1.07664539e+03, 7.72230713e+02, 1.05153784e+03, 7.38549866e+02,
    1.02629578e+03, 7.04853149e+02, 1.16167383e+03, 8.16112976e+02,
    1.13664282e+03, 7.82655334e+02, 1.11131726e+03, 7.48386169e+02,
    1.08612061e+03, 7.14586304e+02, 1.06085852e+03, 6.80673401e+02,
    1.19702722e+03, 7.92674011e+02, 1.17190857e+03, 7.58849915e+02,
    1.14647021e+03, 7.24537476e+02, 1.12111780e+03, 6.90363403e+02,
    1.09577551e+03, 6.56398071e+02, 1.23279895e+03, 7.68873230e+02,
    1.20753296e+03, 7.34840881e+02, 1.18201917e+03, 7.00411072e+02,
    1.15654028e+03, 6.66018127e+02, 1.13109192e+03, 6.31707703e+02,
    1.26907703e+03, 7.44860291e+02, 1.24370251e+03, 7.10618958e+02,
    1.21807520e+03, 6.75990845e+02, 1.19251831e+03, 6.41434509e+02,
    1.16695935e+03, 6.06920654e+02 ]
