%YAML:1.0
points: [ 2.41265808e+02, 2.58819977e+02, 2.31212723e+02, 2.59272949e+02,
    2.21343292e+02, 2.59798492e+02, 2.11839111e+02, 2.60207092e+02,
    2.02505646e+02, 2.60661591e+02, 2.38595932e+02, 2.48170975e+02,
    2.28452515e+02, 2.48764771e+02, 2.18561630e+02, 2.49450317e+02,
    2.08997498e+02, 2.49981644e+02, 1.99667496e+02, 2.50540161e+02,
    2.35897415e+02, 2.37323624e+02, 2.25635986e+02, 2.38183578e+02,
    2.15802628e+02, 2.38865570e+02, 2.06131973e+02, 2.39609573e+02,
    1.96772552e+02, 2.40337250e+02, 2.33105972e+02, 2.26349258e+02,
    2.22741272e+02, 2.27409546e+02, 2.12969620e+02, 2.28199707e+02,
    2.03253937e+02, 2.29125381e+02, 1.93793961e+02, 2.29976105e+02,
    2.30238724e+02, 2.15227753e+02, 2.19875839e+02, 2.16421158e+02,
    2.10020767e+02, 2.17351959e+02, 2.00299408e+02, 2.18394257e+02,
    1.90761429e+02, 2.19446869e+02, 2.27340378e+02, 2.03923676e+02,
    2.16962570e+02, 2.05232758e+02, 2.07026840e+02, 2.06388290e+02,
    1.97268326e+02, 2.07547806e+02, 1.87711578e+02, 2.08801559e+02,
    2.24379654e+02, 1.92417862e+02, 2.13956345e+02, 1.93950256e+02,
    2.03978683e+02, 1.95252029e+02, 1.94104294e+02, 1.96591187e+02,
    1.84487259e+02, 1.98004181e+02 ]
