%YAML:1.0
points: [ 8.69124146e+02, 7.00223022e+02, 8.40794739e+02, 7.01537537e+02,
    8.13104492e+02, 7.02772522e+02, 7.86365417e+02, 7.03985596e+02,
    7.60133179e+02, 7.05223633e+02, 8.60979919e+02, 6.69568115e+02,
    8.32498962e+02, 6.71235413e+02, 8.04685669e+02, 6.73210754e+02,
    7.77990662e+02, 6.74573792e+02, 7.51675171e+02, 6.76180298e+02,
    8.52794067e+02, 6.38378113e+02, 8.23890015e+02, 6.40681824e+02,
    7.96354065e+02, 6.42708252e+02, 7.69353333e+02, 6.44819336e+02,
    7.43078186e+02, 6.46731689e+02, 8.44345276e+02, 6.06779541e+02,
    8.15359802e+02, 6.09805786e+02, 7.87843262e+02, 6.11944824e+02,
    7.60673218e+02, 6.14506287e+02, 7.34130188e+02, 6.17064331e+02,
    8.35828918e+02, 5.74772461e+02, 8.06780396e+02, 5.78117737e+02,
    7.79096069e+02, 5.80928955e+02, 7.51823059e+02, 5.83828674e+02,
    7.25153748e+02, 5.86792297e+02, 8.27159363e+02, 5.42159851e+02,
    7.98004272e+02, 5.45949341e+02, 7.70157776e+02, 5.49373413e+02,
    7.42845093e+02, 5.52688477e+02, 7.16020935e+02, 5.56187805e+02,
    8.18319031e+02, 5.09058411e+02, 7.89094910e+02, 5.13423462e+02,
    7.61025879e+02, 5.17275452e+02, 7.33454163e+02, 5.21169861e+02,
    7.06488708e+02, 5.25011963e+02 ]
