%YAML:1.0
points: [ 3.71166412e+02, 2.19700256e+02, 3.60470001e+02, 2.26036240e+02,
    3.50131439e+02, 2.32157211e+02, 3.40218964e+02, 2.37940460e+02,
    3.30565521e+02, 2.43637726e+02, 3.63258453e+02, 2.10075851e+02,
    3.52663177e+02, 2.16579727e+02, 3.42448822e+02, 2.22965683e+02,
    3.32624390e+02, 2.28935745e+02, 3.23097260e+02, 2.34734833e+02,
    3.55322418e+02, 2.00394653e+02, 3.44799469e+02, 2.07178192e+02,
    3.34728363e+02, 2.13552872e+02, 3.24991089e+02, 2.19823242e+02,
    3.15563782e+02, 2.25854568e+02, 3.47316162e+02, 1.90677704e+02,
    3.36883575e+02, 1.97714005e+02, 3.26960358e+02, 2.04206009e+02,
    3.17320679e+02, 2.10645874e+02, 3.08024445e+02, 2.16899582e+02,
    3.39298157e+02, 1.80892303e+02, 3.28985687e+02, 1.88139282e+02,
    3.19152161e+02, 1.94838074e+02, 3.09643494e+02, 2.01417603e+02,
    3.00398254e+02, 2.07899490e+02, 3.31250305e+02, 1.71056244e+02,
    3.21036499e+02, 1.78495239e+02, 3.11325256e+02, 1.85456085e+02,
    3.01897339e+02, 1.92206940e+02, 2.92781158e+02, 1.98832458e+02,
    3.23144836e+02, 1.61147568e+02, 3.13024658e+02, 1.68777313e+02,
    3.03470184e+02, 1.75926086e+02, 2.94086060e+02, 1.82955627e+02,
    2.85058563e+02, 1.89753799e+02 ]
