%YAML:1.0
points: [ 9.80780151e+02, 7.85804504e+02, 9.65189941e+02, 7.47199097e+02,
    9.49473083e+02, 7.08617432e+02, 9.33643982e+02, 6.69431335e+02,
    9.17631531e+02, 6.30243164e+02, 1.02046356e+03, 7.71276428e+02,
    1.00493982e+03, 7.32493225e+02, 9.89272644e+02, 6.93790894e+02,
    9.73550781e+02, 6.54435547e+02, 9.57692261e+02, 6.14892822e+02,
    1.06040833e+03, 7.56651184e+02, 1.04502673e+03, 7.17895508e+02,
    1.02946509e+03, 6.78643311e+02, 1.01379669e+03, 6.39272522e+02,
    9.97989319e+02, 5.99544739e+02, 1.10072388e+03, 7.41999634e+02,
    1.08542590e+03, 7.03253967e+02, 1.06987671e+03, 6.63479248e+02,
    1.05433679e+03, 6.23968567e+02, 1.03861853e+03, 5.84066162e+02,
    1.14131360e+03, 7.27333191e+02, 1.12614404e+03, 6.88284485e+02,
    1.11060571e+03, 6.48395203e+02, 1.09512439e+03, 6.08577881e+02,
    1.07954932e+03, 5.68512390e+02, 1.18227783e+03, 7.12546082e+02,
    1.16721289e+03, 6.73266418e+02, 1.15178113e+03, 6.33287659e+02,
    1.13630969e+03, 5.93149414e+02, 1.12086292e+03, 5.52853271e+02,
    1.22366016e+03, 6.97708801e+02, 1.20867480e+03, 6.58145142e+02,
    1.19332971e+03, 6.17964966e+02, 1.17793958e+03, 5.77668030e+02,
    1.16256213e+03, 5.37165771e+02 ]
