%YAML:1.0
points: [ 8.87384705e+02, 8.02276245e+02, 8.69061462e+02, 7.68026611e+02,
    8.50665161e+02, 7.34119629e+02, 8.32726196e+02, 6.99742920e+02,
    8.14529602e+02, 6.65716553e+02, 9.19752747e+02, 7.86626404e+02,
    9.01448242e+02, 7.51922546e+02, 8.82979797e+02, 7.17614197e+02,
    8.64753845e+02, 6.83093994e+02, 8.46390869e+02, 6.48682861e+02,
    9.53171570e+02, 7.70359497e+02, 9.34386902e+02, 7.35673218e+02,
    9.15879272e+02, 7.00724487e+02, 8.97368469e+02, 6.66147583e+02,
    8.78833313e+02, 6.31422607e+02, 9.87025085e+02, 7.53970032e+02,
    9.68011169e+02, 7.19225647e+02, 9.49404175e+02, 6.83651062e+02,
    9.30684692e+02, 6.48732544e+02, 9.11838501e+02, 6.13783325e+02,
    1.02149677e+03, 7.37338135e+02, 1.00244244e+03, 7.02234985e+02,
    9.83549622e+02, 6.66478943e+02, 9.64523499e+02, 6.31104248e+02,
    9.45511841e+02, 5.95840149e+02, 1.05678503e+03, 7.20467468e+02,
    1.03753064e+03, 6.84896667e+02, 1.01834979e+03, 6.48963318e+02,
    9.99180054e+02, 6.13115479e+02, 9.79951111e+02, 5.77601257e+02,
    1.09276733e+03, 7.03248535e+02, 1.07335413e+03, 6.67368896e+02,
    1.05388892e+03, 6.31058167e+02, 1.03437244e+03, 5.94869751e+02,
    1.01500720e+03, 5.59044067e+02 ]
