%YAML:1.0
points: [ 2.31793442e+02, 2.27453171e+02, 2.21299988e+02, 2.26844147e+02,
    2.11011627e+02, 2.26259705e+02, 2.01065048e+02, 2.25640640e+02,
    1.91341125e+02, 2.25131302e+02, 2.30842453e+02, 2.15977829e+02,
    2.20256607e+02, 2.15463593e+02, 2.09916489e+02, 2.15073990e+02,
    1.99938950e+02, 2.14568527e+02, 1.90125107e+02, 2.14141525e+02,
    2.29907486e+02, 2.04282623e+02, 2.19181335e+02, 2.04007019e+02,
    2.08895294e+02, 2.03625427e+02, 1.98790024e+02, 2.03340347e+02,
    1.88888184e+02, 2.03033493e+02, 2.28934555e+02, 1.92458572e+02,
    2.18058746e+02, 1.92343826e+02, 2.07804367e+02, 1.92077454e+02,
    1.97602661e+02, 1.91934082e+02, 1.87629623e+02, 1.91750641e+02,
    2.27919174e+02, 1.80462708e+02, 2.16994720e+02, 1.80489746e+02,
    2.06645767e+02, 1.80392273e+02, 1.96402771e+02, 1.80344940e+02,
    1.86299652e+02, 1.80332108e+02, 2.26884430e+02, 1.68229431e+02,
    2.15905624e+02, 1.68410431e+02, 2.05397018e+02, 1.68515808e+02,
    1.95134018e+02, 1.68604401e+02, 1.84968948e+02, 1.68721222e+02,
    2.25796387e+02, 1.55771530e+02, 2.14770874e+02, 1.56126328e+02,
    2.04190598e+02, 1.56404465e+02, 1.93785965e+02, 1.56676468e+02,
    1.83518112e+02, 1.56923233e+02 ]
