%YAML:1.0
points: [ 3.11024292e+02, 1.43496964e+02, 3.00100647e+02, 1.49504120e+02,
    2.89494232e+02, 1.55239639e+02, 2.79413757e+02, 1.60793610e+02,
    2.69559052e+02, 1.66155640e+02, 3.06002594e+02, 1.31836792e+02,
    2.95210846e+02, 1.37998108e+02, 2.84726440e+02, 1.43956940e+02,
    2.74781372e+02, 1.49687622e+02, 2.65100342e+02, 1.55219604e+02,
    3.01038818e+02, 1.20233459e+02, 2.90307587e+02, 1.26601562e+02,
    2.80110931e+02, 1.32736389e+02, 2.70168365e+02, 1.38644302e+02,
    2.60535736e+02, 1.44356674e+02, 2.96144714e+02, 1.08724838e+02,
    2.85394867e+02, 1.15213768e+02, 2.75414429e+02, 1.21567436e+02,
    2.65562897e+02, 1.27649033e+02, 2.56092804e+02, 1.33515839e+02,
    2.91232574e+02, 9.72324600e+01, 2.80650391e+02, 1.03924553e+02,
    2.70745300e+02, 1.10439110e+02, 2.61056427e+02, 1.16683533e+02,
    2.51540817e+02, 1.22702934e+02, 2.86370789e+02, 8.58607788e+01,
    2.75948761e+02, 9.26717682e+01, 2.66070618e+02, 9.93634567e+01,
    2.56449036e+02, 1.05809288e+02, 2.47153290e+02, 1.11975021e+02,
    2.81519867e+02, 7.45238495e+01, 2.71183533e+02, 8.14753723e+01,
    2.61410919e+02, 8.83581085e+01, 2.51926285e+02, 9.49395676e+01,
    2.42594955e+02, 1.01241982e+02 ]
