%YAML:1.0
points: [ 8.40504639e+02, 6.09879028e+02, 8.11094299e+02, 6.08121521e+02,
    7.82118103e+02, 6.06470459e+02, 7.54273193e+02, 6.04618774e+02,
    7.26757751e+02, 6.03046875e+02, 8.37519531e+02, 5.76828491e+02,
    8.07754456e+02, 5.75454895e+02, 7.78715942e+02, 5.74298096e+02,
    7.50691833e+02, 5.72880127e+02, 7.23135315e+02, 5.71463989e+02,
    8.34432007e+02, 5.43223877e+02, 8.04296692e+02, 5.42403870e+02,
    7.75355896e+02, 5.41340759e+02, 7.47064392e+02, 5.40471680e+02,
    7.19339783e+02, 5.39562805e+02, 8.31282776e+02, 5.09139679e+02,
    8.00825745e+02, 5.08911438e+02, 7.71906921e+02, 5.08132721e+02,
    7.43353027e+02, 5.07706970e+02, 7.15404968e+02, 5.07270630e+02,
    8.28024719e+02, 4.74639526e+02, 7.97461670e+02, 4.74756012e+02,
    7.68324463e+02, 4.74515930e+02, 7.39549622e+02, 4.74457611e+02,
    7.11349243e+02, 4.74426361e+02, 8.24755432e+02, 4.39550476e+02,
    7.94083252e+02, 4.40057220e+02, 7.64600647e+02, 4.40373962e+02,
    7.35686035e+02, 4.40671478e+02, 7.07273315e+02, 4.41096771e+02,
    8.21455200e+02, 4.03906708e+02, 7.90528748e+02, 4.04871399e+02,
    7.60750671e+02, 4.05667358e+02, 7.31545288e+02, 4.06529633e+02,
    7.02854980e+02, 4.07288727e+02 ]
