%YAML:1.0
points: [ 9.35769104e+02, 7.58254272e+02, 9.20827637e+02, 7.21278931e+02,
    9.05870544e+02, 6.84394165e+02, 8.91027222e+02, 6.47413574e+02,
    8.76130188e+02, 6.10459656e+02, 9.72538147e+02, 7.44204041e+02,
    9.57592468e+02, 7.07125366e+02, 9.42525940e+02, 6.70124329e+02,
    9.27654907e+02, 6.33005981e+02, 9.12744324e+02, 5.95847290e+02,
    1.00963739e+03, 7.30122925e+02, 9.94589294e+02, 6.93013855e+02,
    9.79619263e+02, 6.55727844e+02, 9.64609802e+02, 6.18509155e+02,
    9.49659363e+02, 5.81212463e+02, 1.04702563e+03, 7.15916992e+02,
    1.03194678e+03, 6.78768860e+02, 1.01691437e+03, 6.41191406e+02,
    1.00191016e+03, 6.03901733e+02, 9.86827698e+02, 5.66438721e+02,
    1.08469824e+03, 7.01710571e+02, 1.06960645e+03, 6.64320679e+02,
    1.05454480e+03, 6.26664551e+02, 1.03944263e+03, 5.89115540e+02,
    1.02435925e+03, 5.51638062e+02, 1.12278638e+03, 6.87410767e+02,
    1.10764844e+03, 6.49864502e+02, 1.09248596e+03, 6.12047791e+02,
    1.07732910e+03, 5.74290466e+02, 1.06217432e+03, 5.36661499e+02,
    1.16119128e+03, 6.72998779e+02, 1.14604480e+03, 6.35275635e+02,
    1.13074792e+03, 5.97311951e+02, 1.11551404e+03, 5.59424255e+02,
    1.10037048e+03, 5.21567871e+02 ]
