%YAML:1.0
points: [ 3.26063507e+02, 1.42753464e+02, 3.14093445e+02, 1.48304260e+02,
    3.02520538e+02, 1.53647247e+02, 2.91441437e+02, 1.58812576e+02,
    2.80610809e+02, 1.63788040e+02, 3.21314362e+02, 1.30477448e+02,
    3.09497833e+02, 1.36222046e+02, 2.97963226e+02, 1.41763733e+02,
    2.86966125e+02, 1.47115158e+02, 2.76306763e+02, 1.52274399e+02,
    3.16645721e+02, 1.18288689e+02, 3.04798553e+02, 1.24189293e+02,
    2.93552338e+02, 1.29942078e+02, 2.82582794e+02, 1.35478882e+02,
    2.71971527e+02, 1.40809143e+02, 3.11946259e+02, 1.06118706e+02,
    3.00157410e+02, 1.12193359e+02, 2.89082855e+02, 1.18119797e+02,
    2.78194061e+02, 1.23841736e+02, 2.67635773e+02, 1.29370331e+02,
    3.07280060e+02, 9.39864731e+01, 2.95644501e+02, 1.00205086e+02,
    2.84616791e+02, 1.06358818e+02, 2.73818451e+02, 1.12240486e+02,
    2.63316223e+02, 1.17916595e+02, 3.02643158e+02, 8.18753128e+01,
    2.91083954e+02, 8.82778397e+01, 2.80098694e+02, 9.45849075e+01,
    2.69440765e+02, 1.00670090e+02, 2.59053131e+02, 1.06514000e+02,
    2.97950806e+02, 6.98251495e+01, 2.86553986e+02, 7.63565750e+01,
    2.75668549e+02, 8.28478241e+01, 2.65020050e+02, 8.90995560e+01,
    2.54629944e+02, 9.50590286e+01 ]
