%YAML:1.0
points: [ 2.55067474e+02, 2.86238007e+02, 2.45501205e+02, 2.87606567e+02,
    2.36148270e+02, 2.89014343e+02, 2.27161880e+02, 2.90259827e+02,
    2.18372650e+02, 2.91581512e+02, 2.50845078e+02, 2.76609467e+02,
    2.41223862e+02, 2.78119537e+02, 2.31893997e+02, 2.79715088e+02,
    2.22894516e+02, 2.81081360e+02, 2.14127487e+02, 2.82525085e+02,
    2.46504364e+02, 2.66772217e+02, 2.36889709e+02, 2.68592072e+02,
    2.27614517e+02, 2.70148682e+02, 2.18573715e+02, 2.71787079e+02,
    2.09761185e+02, 2.73339661e+02, 2.42171738e+02, 2.56856079e+02,
    2.32415787e+02, 2.58879852e+02, 2.23256790e+02, 2.60534668e+02,
    2.14171021e+02, 2.62312347e+02, 2.05342819e+02, 2.64031464e+02,
    2.37719757e+02, 2.46827988e+02, 2.28010330e+02, 2.48978027e+02,
    2.18784454e+02, 2.50820862e+02, 2.09720764e+02, 2.52738266e+02,
    2.00845535e+02, 2.54666031e+02, 2.33215546e+02, 2.36624588e+02,
    2.23499222e+02, 2.38940674e+02, 2.14228027e+02, 2.41005020e+02,
    2.05157639e+02, 2.43018341e+02, 1.96280029e+02, 2.45103317e+02,
    2.28613937e+02, 2.26282516e+02, 2.18898880e+02, 2.28778961e+02,
    2.09613388e+02, 2.30997971e+02, 2.00471451e+02, 2.33228287e+02,
    1.91563202e+02, 2.35495010e+02 ]
