%YAML:1.0
points: [ 9.09899841e+02, 7.78780518e+02, 8.83061829e+02, 7.82747498e+02,
    8.56817322e+02, 7.86812439e+02, 8.31634705e+02, 7.90392639e+02,
    8.06980408e+02, 7.94128174e+02, 8.97295593e+02, 7.51157471e+02,
    8.70438110e+02, 7.55466980e+02, 8.44227661e+02, 7.60112671e+02,
    8.19076294e+02, 7.64015625e+02, 7.94397339e+02, 7.68020203e+02,
    8.84578430e+02, 7.23131897e+02, 8.57571594e+02, 7.28106262e+02,
    8.31571960e+02, 7.32598206e+02, 8.06292908e+02, 7.37249817e+02,
    7.81593750e+02, 7.41674377e+02, 8.71627136e+02, 6.94546265e+02,
    8.44356384e+02, 7.00404053e+02, 8.18721252e+02, 7.04897766e+02,
    7.93260376e+02, 7.10085266e+02, 7.68512756e+02, 7.14979492e+02,
    8.58503540e+02, 6.65735168e+02, 8.31343262e+02, 6.71885132e+02,
    8.05481934e+02, 6.77107300e+02, 7.80098633e+02, 6.82432678e+02,
    7.55227051e+02, 6.87982666e+02, 8.45047913e+02, 6.36354309e+02,
    8.17982971e+02, 6.42985962e+02, 7.91988953e+02, 6.48830750e+02,
    7.66630249e+02, 6.54637451e+02, 7.41842957e+02, 6.60496704e+02,
    8.31557434e+02, 6.06591003e+02, 8.04322388e+02, 6.13635010e+02,
    7.78342346e+02, 6.19998474e+02, 7.52806519e+02, 6.26510376e+02,
    7.27898071e+02, 6.32824890e+02 ]
