%YAML:1.0
points: [ 2.91677551e+02, 1.62410980e+02, 2.80265747e+02, 1.59718582e+02,
    2.69148682e+02, 1.57088699e+02, 2.58413574e+02, 1.54531311e+02,
    2.47941360e+02, 1.51974808e+02, 2.94518494e+02, 1.49868942e+02,
    2.82955231e+02, 1.47338531e+02, 2.71683380e+02, 1.44859528e+02,
    2.60895538e+02, 1.42469025e+02, 2.50230576e+02, 1.40053680e+02,
    2.97377869e+02, 1.37104248e+02, 2.85626740e+02, 1.34745255e+02,
    2.74356384e+02, 1.32456818e+02, 2.63340515e+02, 1.30161011e+02,
    2.52570190e+02, 1.27931648e+02, 3.00285248e+02, 1.24196121e+02,
    2.88346313e+02, 1.21937637e+02, 2.77046295e+02, 1.19810066e+02,
    2.65878448e+02, 1.17697624e+02, 2.55000275e+02, 1.15606613e+02,
    3.03246155e+02, 1.11048759e+02, 2.91188843e+02, 1.08957077e+02,
    2.79726349e+02, 1.06973335e+02, 2.68419952e+02, 1.05007660e+02,
    2.57384796e+02, 1.03057060e+02, 3.06256165e+02, 9.76489410e+01,
    2.94051300e+02, 9.57365646e+01, 2.82428680e+02, 9.39311523e+01,
    2.71013794e+02, 9.21385193e+01, 2.59884308e+02, 9.03432083e+01,
    3.09312714e+02, 8.40720520e+01, 2.96960510e+02, 8.22651520e+01,
    2.85166901e+02, 8.06565933e+01, 2.73622955e+02, 7.90464935e+01,
    2.62300049e+02, 7.73597183e+01 ]
