%YAML:1.0
points: [ 2.33747604e+02, 2.93358948e+02, 2.23945358e+02, 2.89747711e+02,
    2.14221588e+02, 2.86248932e+02, 2.04753586e+02, 2.82684448e+02,
    1.95403229e+02, 2.79263000e+02, 2.34846802e+02, 2.84749756e+02,
    2.24856018e+02, 2.81125519e+02, 2.14997116e+02, 2.77681885e+02,
    2.05407730e+02, 2.74132050e+02, 1.95937073e+02, 2.70724915e+02,
    2.35952621e+02, 2.75848022e+02, 2.25765045e+02, 2.72369324e+02,
    2.15868225e+02, 2.68786041e+02, 2.06085709e+02, 2.65358856e+02,
    1.96459839e+02, 2.61962891e+02, 2.37085342e+02, 2.66713623e+02,
    2.26676437e+02, 2.63370239e+02, 2.16739487e+02, 2.59724792e+02,
    2.06784622e+02, 2.56348907e+02, 1.96977890e+02, 2.52978149e+02,
    2.38203979e+02, 2.57407135e+02, 2.27681961e+02, 2.54061707e+02,
    2.17560074e+02, 2.50498230e+02, 2.07494415e+02, 2.47102219e+02,
    1.97538208e+02, 2.43839203e+02, 2.39373444e+02, 2.47794678e+02,
    2.28735764e+02, 2.44482498e+02, 2.18380783e+02, 2.40994247e+02,
    2.08196869e+02, 2.37628494e+02, 1.98083969e+02, 2.34394318e+02,
    2.40585907e+02, 2.37944305e+02, 2.29763443e+02, 2.34670761e+02,
    2.19263763e+02, 2.31221298e+02, 2.08874100e+02, 2.27944839e+02,
    1.98585983e+02, 2.24790543e+02 ]
