%YAML:1.0
points: [ 1.16981641e+03, 5.68708801e+02, 1.15111499e+03, 6.05144714e+02,
    1.13255481e+03, 6.41449829e+02, 1.11424377e+03, 6.77668213e+02,
    1.09595593e+03, 7.13247986e+02, 1.13268958e+03, 5.50332458e+02,
    1.11422021e+03, 5.86759277e+02, 1.09588428e+03, 6.23040222e+02,
    1.07769043e+03, 6.59154236e+02, 1.05953625e+03, 6.94839172e+02,
    1.09587634e+03, 5.32099670e+02, 1.07758643e+03, 5.68470398e+02,
    1.05938159e+03, 6.04750000e+02, 1.04125574e+03, 6.40905762e+02,
    1.02334430e+03, 6.76542358e+02, 1.05924182e+03, 5.13979858e+02,
    1.04107764e+03, 5.50405212e+02, 1.02308728e+03, 5.86549927e+02,
    1.00508057e+03, 6.22674255e+02, 9.87308777e+02, 6.58328186e+02,
    1.02273724e+03, 4.95925354e+02, 1.00468640e+03, 5.32371094e+02,
    9.86843689e+02, 5.68505066e+02, 9.68997925e+02, 6.04582153e+02,
    9.51416504e+02, 6.40264771e+02, 9.86393860e+02, 4.78050812e+02,
    9.68451294e+02, 5.14466003e+02, 9.50744019e+02, 5.50616455e+02,
    9.33155762e+02, 5.86539978e+02, 9.15579468e+02, 6.22254517e+02,
    9.50188599e+02, 4.60186523e+02, 9.32438354e+02, 4.96534668e+02,
    9.14804443e+02, 5.32723145e+02, 8.97376770e+02, 5.68643982e+02,
    8.79944519e+02, 6.04439941e+02 ]
