%YAML:1.0
points: [ 8.50309021e+02, 7.99395569e+02, 8.22515564e+02, 7.88869995e+02,
    7.94947083e+02, 7.78787537e+02, 7.68129944e+02, 7.68499207e+02,
    7.41519043e+02, 7.58577698e+02, 8.52778442e+02, 7.74558472e+02,
    8.24448730e+02, 7.64103455e+02, 7.96533142e+02, 7.54218567e+02,
    7.69412598e+02, 7.43988098e+02, 7.42530212e+02, 7.34019470e+02,
    8.55409668e+02, 7.48969910e+02, 8.26417419e+02, 7.38973450e+02,
    7.98416138e+02, 7.28647095e+02, 7.70736511e+02, 7.18769836e+02,
    7.43469360e+02, 7.09000793e+02, 8.57972656e+02, 7.22852966e+02,
    8.28465515e+02, 7.13097046e+02, 8.00237793e+02, 7.02512451e+02,
    7.72074707e+02, 6.92856506e+02, 7.44314697e+02, 6.83232666e+02,
    8.60462219e+02, 6.96099731e+02, 8.30650574e+02, 6.86498901e+02,
    8.01974670e+02, 6.76097168e+02, 7.73451111e+02, 6.66269348e+02,
    7.45299866e+02, 6.56834229e+02, 8.63214478e+02, 6.68542969e+02,
    8.33014038e+02, 6.58958557e+02, 8.03695801e+02, 6.48867554e+02,
    7.74817566e+02, 6.39091980e+02, 7.46159912e+02, 6.29801208e+02,
    8.65929626e+02, 6.40145935e+02, 8.35269592e+02, 6.30718262e+02,
    8.05514343e+02, 6.20723145e+02, 7.76000183e+02, 6.11203430e+02,
    7.47006104e+02, 6.02117737e+02 ]
