%YAML:1.0
points: [ 2.56093719e+02, 3.21461731e+02, 2.46122452e+02, 3.19122772e+02,
    2.36315506e+02, 3.17032715e+02, 2.26781693e+02, 3.14816132e+02,
    2.17345642e+02, 3.12683258e+02, 2.55574265e+02, 3.13520203e+02,
    2.45476624e+02, 3.11319946e+02, 2.35556854e+02, 3.09286987e+02,
    2.25884888e+02, 3.07046967e+02, 2.16354294e+02, 3.04935272e+02,
    2.55101288e+02, 3.05336792e+02, 2.44817841e+02, 3.03311035e+02,
    2.34818222e+02, 3.01092316e+02, 2.24963089e+02, 2.99018890e+02,
    2.15299164e+02, 2.96998169e+02, 2.54530594e+02, 2.96944275e+02,
    2.44103897e+02, 2.95067139e+02, 2.34044968e+02, 2.92781036e+02,
    2.24048569e+02, 2.90801758e+02, 2.14226883e+02, 2.88830231e+02,
    2.54019608e+02, 2.88376831e+02, 2.43406509e+02, 2.86495575e+02,
    2.33195435e+02, 2.84314636e+02, 2.23096939e+02, 2.82349548e+02,
    2.13133972e+02, 2.80518372e+02, 2.53392654e+02, 2.79529022e+02,
    2.42699753e+02, 2.77723724e+02, 2.32319611e+02, 2.75681122e+02,
    2.22125443e+02, 2.73722076e+02, 2.11995712e+02, 2.71916962e+02,
    2.52835632e+02, 2.70465332e+02, 2.41982300e+02, 2.68729279e+02,
    2.31414963e+02, 2.66734558e+02, 2.21027267e+02, 2.64891998e+02,
    2.10774231e+02, 2.63206451e+02 ]
