%YAML:1.0
points: [ 1.32779395e+03, 5.55144348e+02, 1.30619751e+03, 5.87619324e+02,
    1.28476721e+03, 6.20508606e+02, 1.26351868e+03, 6.53705872e+02,
    1.24144897e+03, 6.86832275e+02, 1.29750659e+03, 5.31911438e+02,
    1.27588708e+03, 5.64403625e+02, 1.25415466e+03, 5.97562988e+02,
    1.23279614e+03, 6.30745667e+02, 1.21054761e+03, 6.63954407e+02,
    1.26729480e+03, 5.08456818e+02, 1.24535413e+03, 5.41111023e+02,
    1.22355933e+03, 5.74062561e+02, 1.20187805e+03, 6.07487610e+02,
    1.17935559e+03, 6.40864075e+02, 1.23650635e+03, 4.84650391e+02,
    1.21459204e+03, 5.17508667e+02, 1.19251733e+03, 5.50548889e+02,
    1.17064258e+03, 5.84047058e+02, 1.14787073e+03, 6.17532104e+02,
    1.20569983e+03, 4.60776703e+02, 1.18345081e+03, 4.93724457e+02,
    1.16123303e+03, 5.26788635e+02, 1.13891504e+03, 5.60289124e+02,
    1.11601074e+03, 5.94031006e+02, 1.17448218e+03, 4.36544861e+02,
    1.15203503e+03, 4.69522400e+02, 1.12966504e+03, 5.02803223e+02,
    1.10684167e+03, 5.36344971e+02, 1.08382153e+03, 5.70199036e+02,
    1.14298608e+03, 4.12002655e+02, 1.12030774e+03, 4.45106537e+02,
    1.09766479e+03, 4.78483887e+02, 1.07447693e+03, 5.12174072e+02,
    1.05129919e+03, 5.46139771e+02 ]
