%YAML:1.0
points: [ 9.15800110e+02, 8.79930786e+02, 8.87651123e+02, 8.73402283e+02,
    8.59847351e+02, 8.67235535e+02, 8.32733704e+02, 8.60763306e+02,
    8.05965820e+02, 8.54617126e+02, 9.13679504e+02, 8.57162415e+02,
    8.85135437e+02, 8.50791504e+02, 8.56981262e+02, 8.44828857e+02,
    8.29601013e+02, 8.38379822e+02, 8.02543518e+02, 8.32284729e+02,
    9.11648193e+02, 8.33629517e+02, 8.82442871e+02, 8.27705139e+02,
    8.54216003e+02, 8.21357239e+02, 8.26404419e+02, 8.15486084e+02,
    7.99027344e+02, 8.09547424e+02, 9.09455444e+02, 8.09590942e+02,
    8.79824402e+02, 8.04228943e+02, 8.51327637e+02, 7.97550537e+02,
    8.23058777e+02, 7.91848083e+02, 7.95244446e+02, 7.86105530e+02,
    9.07204773e+02, 7.84889709e+02, 8.77220215e+02, 7.79627869e+02,
    8.48293945e+02, 7.73371338e+02, 8.19676147e+02, 7.67635010e+02,
    7.91489319e+02, 7.62285522e+02, 9.04914856e+02, 7.59665283e+02,
    8.74630981e+02, 7.54337769e+02, 8.45086731e+02, 7.48455322e+02,
    8.16163940e+02, 7.42817871e+02, 7.87545227e+02, 7.37655396e+02,
    9.02410034e+02, 7.33680359e+02, 8.71677612e+02, 7.28594299e+02,
    8.41897705e+02, 7.22754883e+02, 8.12355164e+02, 7.17453308e+02,
    7.83377075e+02, 7.12613770e+02 ]
