%YAML:1.0
points: [ 4.04757812e+02, 2.04164261e+02, 3.95886139e+02, 1.98012054e+02,
    3.86889343e+02, 1.91752518e+02, 3.77517700e+02, 1.85261307e+02,
    3.67958130e+02, 1.78584625e+02, 4.12798065e+02, 1.93222672e+02,
    4.04044891e+02, 1.86934204e+02, 3.95151001e+02, 1.80461136e+02,
    3.85799866e+02, 1.73759827e+02, 3.76292816e+02, 1.66923340e+02,
    4.20890167e+02, 1.82209656e+02, 4.12382721e+02, 1.75738052e+02,
    4.03366241e+02, 1.69049652e+02, 3.94148804e+02, 1.62188095e+02,
    3.84724121e+02, 1.55122604e+02, 4.29082703e+02, 1.71068649e+02,
    4.20789581e+02, 1.64428787e+02, 4.11680450e+02, 1.57465668e+02,
    4.02615021e+02, 1.50398193e+02, 3.93310333e+02, 1.43133057e+02,
    4.37299988e+02, 1.59835434e+02, 4.29090088e+02, 1.53041321e+02,
    4.20108154e+02, 1.45869385e+02, 4.11105347e+02, 1.38548660e+02,
    4.01961823e+02, 1.31078918e+02, 4.45510834e+02, 1.48526428e+02,
    4.37408875e+02, 1.41504883e+02, 4.28681946e+02, 1.34101547e+02,
    4.19715088e+02, 1.26631493e+02, 4.10632507e+02, 1.18863571e+02,
    4.53709900e+02, 1.37032745e+02, 4.45787048e+02, 1.29873535e+02,
    4.37144043e+02, 1.22284515e+02, 4.28422058e+02, 1.14589020e+02,
    4.19482513e+02, 1.06638145e+02 ]
