%YAML:1.0
points: [ 2.44713913e+02, 3.13877747e+02, 2.35646591e+02, 3.11267273e+02,
    2.26670013e+02, 3.08820984e+02, 2.18035416e+02, 3.06344421e+02,
    2.09549454e+02, 3.03993225e+02, 2.43796951e+02, 3.06086639e+02,
    2.34614670e+02, 3.03590912e+02, 2.25580276e+02, 3.01240601e+02,
    2.16815491e+02, 2.98787933e+02, 2.08255035e+02, 2.96414368e+02,
    2.42924423e+02, 2.98077545e+02, 2.33537354e+02, 2.95762970e+02,
    2.24541351e+02, 2.93284668e+02, 2.15616577e+02, 2.90991699e+02,
    2.06889755e+02, 2.88740692e+02, 2.41996155e+02, 2.89874512e+02,
    2.32441299e+02, 2.87718536e+02, 2.23407562e+02, 2.85238831e+02,
    2.14358170e+02, 2.83024506e+02, 2.05571472e+02, 2.80842041e+02,
    2.41028748e+02, 2.81494141e+02, 2.31394287e+02, 2.79384064e+02,
    2.22191849e+02, 2.77000061e+02, 2.13078293e+02, 2.74823212e+02,
    2.04135101e+02, 2.72776520e+02, 2.40054245e+02, 2.72896820e+02,
    2.30308456e+02, 2.70838043e+02, 2.20934174e+02, 2.68587006e+02,
    2.11749222e+02, 2.66451141e+02, 2.02691727e+02, 2.64456421e+02,
    2.39043915e+02, 2.64054169e+02, 2.29166916e+02, 2.62090393e+02,
    2.19688156e+02, 2.59908875e+02, 2.10342621e+02, 2.57905029e+02,
    2.01109665e+02, 2.56018555e+02 ]
