%YAML:1.0
points: [ 8.84690918e+02, 8.58077148e+02, 8.59141296e+02, 8.50762878e+02,
    8.33927612e+02, 8.43715637e+02, 8.09521118e+02, 8.36505127e+02,
    7.85387878e+02, 8.29723511e+02, 8.81670288e+02, 8.35811829e+02,
    8.55660767e+02, 8.28548279e+02, 8.30173767e+02, 8.21831177e+02,
    8.05528564e+02, 8.14764648e+02, 7.81294983e+02, 8.07976868e+02,
    8.78488708e+02, 8.12745483e+02, 8.51991150e+02, 8.06004761e+02,
    8.26494507e+02, 7.98985107e+02, 8.01473450e+02, 7.92396851e+02,
    7.76934448e+02, 7.85757019e+02, 8.75223145e+02, 7.89280029e+02,
    8.48290894e+02, 7.83074280e+02, 8.22654663e+02, 7.75737671e+02,
    7.97300964e+02, 7.69388611e+02, 7.72400146e+02, 7.63074463e+02,
    8.71831421e+02, 7.65209045e+02, 8.44700989e+02, 7.59162109e+02,
    8.18719055e+02, 7.52238525e+02, 7.93038818e+02, 7.45918457e+02,
    7.67769897e+02, 7.39940063e+02, 8.68470520e+02, 7.40497864e+02,
    8.40996826e+02, 7.34641174e+02, 8.14528076e+02, 7.28074036e+02,
    7.88597412e+02, 7.21822754e+02, 7.62979431e+02, 7.16123779e+02,
    8.64820374e+02, 7.15263428e+02, 8.37094482e+02, 7.09485535e+02,
    8.10305969e+02, 7.03129333e+02, 7.83767883e+02, 6.97336487e+02,
    7.57940491e+02, 6.91858032e+02 ]
