%YAML:1.0
points: [ 4.09048218e+02, 1.56964874e+02, 3.99541229e+02, 1.49269455e+02,
    3.89841644e+02, 1.41450180e+02, 3.79879578e+02, 1.33537659e+02,
    3.69786469e+02, 1.25415596e+02, 4.16165649e+02, 1.45697464e+02,
    4.06730682e+02, 1.37985199e+02, 3.97243378e+02, 1.30075424e+02,
    3.87356781e+02, 1.22039391e+02, 3.77355438e+02, 1.13791733e+02,
    4.23152161e+02, 1.34527527e+02, 4.13996246e+02, 1.26636307e+02,
    4.04433197e+02, 1.18648201e+02, 3.94694366e+02, 1.10471298e+02,
    3.84793610e+02, 1.02174515e+02, 4.30093781e+02, 1.23424278e+02,
    4.21194641e+02, 1.15373138e+02, 4.11574921e+02, 1.07352013e+02,
    4.01915344e+02, 9.90562210e+01, 3.92233917e+02, 9.06014862e+01,
    4.36996765e+02, 1.12424530e+02, 4.28146667e+02, 1.04276520e+02,
    4.18671539e+02, 9.61400452e+01, 4.09160309e+02, 8.77226562e+01,
    3.99622467e+02, 7.91524277e+01, 4.43685791e+02, 1.01488113e+02,
    4.34977173e+02, 9.32780685e+01, 4.25719910e+02, 8.49851837e+01,
    4.16317352e+02, 7.64267426e+01, 4.06850372e+02, 6.77495804e+01,
    4.50312988e+02, 9.07455673e+01, 4.41749146e+02, 8.23863831e+01,
    4.32545532e+02, 7.39952011e+01, 4.23351562e+02, 6.53241196e+01,
    4.13989197e+02, 5.65446510e+01 ]
