%YAML:1.0
points: [ 1.13757043e+03, 5.39280640e+02, 1.11378235e+03, 5.68443176e+02,
    1.09002917e+03, 5.97651489e+02, 1.06641077e+03, 6.26799744e+02,
    1.04283667e+03, 6.55686890e+02, 1.10812524e+03, 5.15610596e+02,
    1.08439966e+03, 5.44878479e+02, 1.06081189e+03, 5.73978455e+02,
    1.03722949e+03, 6.03142151e+02, 1.01380084e+03, 6.32021423e+02,
    1.07882202e+03, 4.92119232e+02, 1.05525500e+03, 5.21301575e+02,
    1.03169360e+03, 5.50437195e+02, 1.00819141e+03, 5.79490112e+02,
    9.84831116e+02, 6.08431824e+02, 1.04965405e+03, 4.68677338e+02,
    1.02608508e+03, 4.97916199e+02, 1.00271008e+03, 5.26990295e+02,
    9.79216858e+02, 5.56033936e+02, 9.55976440e+02, 5.84938538e+02,
    1.02049023e+03, 4.45411987e+02, 9.97048767e+02, 4.74532013e+02,
    9.73705933e+02, 5.03646912e+02, 9.50399841e+02, 5.32625671e+02,
    9.27144653e+02, 5.61604980e+02, 9.91482971e+02, 4.22137360e+02,
    9.68063538e+02, 4.51268890e+02, 9.44758240e+02, 4.80293915e+02,
    9.21577271e+02, 5.09387939e+02, 8.98412903e+02, 5.38277161e+02,
    9.62521057e+02, 3.99014740e+02, 9.39223572e+02, 4.28113403e+02,
    9.15968811e+02, 4.57154297e+02, 8.92853210e+02, 4.86161926e+02,
    8.69749329e+02, 5.15100830e+02 ]
