%YAML:1.0
points: [ 8.54446716e+02, 8.31048767e+02, 8.32216736e+02, 8.22902771e+02,
    8.10442200e+02, 8.15248413e+02, 7.89428528e+02, 8.07372070e+02,
    7.68767395e+02, 7.99952637e+02, 8.50409485e+02, 8.09330200e+02,
    8.27785583e+02, 8.01308594e+02, 8.05825684e+02, 7.94048279e+02,
    7.84713196e+02, 7.86266602e+02, 7.63941589e+02, 7.78954590e+02,
    8.46223694e+02, 7.86959778e+02, 8.23243774e+02, 7.79552124e+02,
    8.01321533e+02, 7.71890259e+02, 7.79855835e+02, 7.64647217e+02,
    7.58934509e+02, 7.57567017e+02, 8.41855530e+02, 7.64090088e+02,
    8.18615967e+02, 7.57292175e+02, 7.96621155e+02, 7.49408936e+02,
    7.74881531e+02, 7.42464355e+02, 7.53652710e+02, 7.35712952e+02,
    8.37369324e+02, 7.40856201e+02, 8.13988342e+02, 7.34173462e+02,
    7.91743408e+02, 7.26706482e+02, 7.69776978e+02, 7.19924927e+02,
    7.48338928e+02, 7.13461792e+02, 8.32842773e+02, 7.16955811e+02,
    8.09237793e+02, 7.10495667e+02, 7.86717346e+02, 7.03568604e+02,
    7.64514771e+02, 6.96716980e+02, 7.42804932e+02, 6.90585571e+02,
    8.28210449e+02, 6.92512329e+02, 8.04340820e+02, 6.86251953e+02,
    7.81418274e+02, 6.79524170e+02, 7.58902466e+02, 6.73258362e+02,
    7.37007751e+02, 6.67400940e+02 ]
