%YAML:1.0
points: [ 3.25205505e+02, 1.07773697e+02, 3.24433289e+02, 1.18117233e+02,
    3.23650787e+02, 1.28186935e+02, 3.22909424e+02, 1.37992340e+02,
    3.22210632e+02, 1.47192154e+02, 3.14182190e+02, 1.07033295e+02,
    3.13563721e+02, 1.17351967e+02, 3.13002808e+02, 1.27413124e+02,
    3.12399323e+02, 1.37149948e+02, 3.11938934e+02, 1.46347885e+02,
    3.03291534e+02, 1.06354668e+02, 3.02931854e+02, 1.16625702e+02,
    3.02484985e+02, 1.26620964e+02, 3.02089813e+02, 1.36351791e+02,
    3.01772766e+02, 1.45501556e+02, 2.92555206e+02, 1.05699242e+02,
    2.92357880e+02, 1.15965698e+02, 2.92195465e+02, 1.25831512e+02,
    2.91924500e+02, 1.35579605e+02, 2.91800323e+02, 1.44630295e+02,
    2.82030273e+02, 1.05082581e+02, 2.81988220e+02, 1.15287163e+02,
    2.81985901e+02, 1.25138649e+02, 2.81925812e+02, 1.34711349e+02,
    2.81926361e+02, 1.43806808e+02, 2.71569214e+02, 1.04412819e+02,
    2.71746399e+02, 1.14617683e+02, 2.71856018e+02, 1.24479416e+02,
    2.72059296e+02, 1.33880875e+02, 2.72209442e+02, 1.43024170e+02,
    2.61287964e+02, 1.03856216e+02, 2.61643616e+02, 1.13942238e+02,
    2.61960632e+02, 1.23772240e+02, 2.62309448e+02, 1.33117599e+02,
    2.62606873e+02, 1.42259689e+02 ]
