%YAML:1.0
points: [ 2.33442368e+02, 3.04424622e+02, 2.25512817e+02, 3.01605286e+02,
    2.17682404e+02, 2.98959137e+02, 2.10253342e+02, 2.96258972e+02,
    2.02927444e+02, 2.93666656e+02, 2.32178467e+02, 2.96876984e+02,
    2.24177048e+02, 2.94131317e+02, 2.16278519e+02, 2.91549744e+02,
    2.08768677e+02, 2.88912842e+02, 2.01391754e+02, 2.86371338e+02,
    2.30915451e+02, 2.89069794e+02, 2.22740997e+02, 2.86501312e+02,
    2.14972183e+02, 2.83873474e+02, 2.07240875e+02, 2.81358246e+02,
    1.99811050e+02, 2.78947632e+02, 2.29612579e+02, 2.81128967e+02,
    2.21244202e+02, 2.78719086e+02, 2.13527863e+02, 2.76060516e+02,
    2.05723587e+02, 2.73648590e+02, 1.98149780e+02, 2.71286316e+02,
    2.28237000e+02, 2.73024536e+02, 2.19821854e+02, 2.70722900e+02,
    2.11951309e+02, 2.68120605e+02, 2.04137604e+02, 2.65756226e+02,
    1.96408508e+02, 2.63516907e+02, 2.26839218e+02, 2.64713989e+02,
    2.18379059e+02, 2.62479980e+02, 2.10329346e+02, 2.60039246e+02,
    2.02480988e+02, 2.57730713e+02, 1.94676804e+02, 2.55552429e+02,
    2.25435333e+02, 2.56196808e+02, 2.16842056e+02, 2.54069656e+02,
    2.08702271e+02, 2.51729080e+02, 2.00728104e+02, 2.49563614e+02,
    1.92810318e+02, 2.47533356e+02 ]
