%YAML:1.0
points: [ 1.12292236e+03, 5.59476868e+02, 1.09208459e+03, 5.80384766e+02,
    1.06155176e+03, 6.01257874e+02, 1.03133240e+03, 6.22123169e+02,
    1.00130542e+03, 6.42432678e+02, 1.10197485e+03, 5.29318787e+02,
    1.07114392e+03, 5.50507935e+02, 1.04059631e+03, 5.71610168e+02,
    1.01028491e+03, 5.92659180e+02, 9.80251160e+02, 6.13247314e+02,
    1.08094727e+03, 4.99050964e+02, 1.05006531e+03, 5.20419250e+02,
    1.01946503e+03, 5.41715759e+02, 9.89073059e+02, 5.63005249e+02,
    9.59020508e+02, 5.83825195e+02, 1.05968335e+03, 4.68479767e+02,
    1.02878406e+03, 4.90156708e+02, 9.98151611e+02, 5.11662415e+02,
    9.67739502e+02, 5.33173523e+02, 9.37582825e+02, 5.54178589e+02,
    1.03817712e+03, 4.37728790e+02, 1.00727136e+03, 4.59598602e+02,
    9.76646790e+02, 4.81328400e+02, 9.46168152e+02, 5.02988861e+02,
    9.15970276e+02, 5.24320984e+02, 1.01653607e+03, 4.06649536e+02,
    9.85562683e+02, 4.28770813e+02, 9.54872070e+02, 4.50792206e+02,
    9.24381226e+02, 4.72566956e+02, 8.94120911e+02, 4.94178986e+02,
    9.94699890e+02, 3.75377899e+02, 9.63641968e+02, 3.97745911e+02,
    9.32896301e+02, 4.19961182e+02, 9.02405029e+02, 4.41969299e+02,
    8.72063171e+02, 4.63835175e+02 ]
