%YAML:1.0
points: [ 8.38494934e+02, 8.12330933e+02, 8.18767761e+02, 8.03946838e+02,
    7.99354980e+02, 7.95900391e+02, 7.80823792e+02, 7.87829102e+02,
    7.62562805e+02, 7.80117004e+02, 8.33906006e+02, 7.91057800e+02,
    8.13832886e+02, 7.82782776e+02, 7.94354370e+02, 7.75161987e+02,
    7.75729065e+02, 7.67238220e+02, 7.57384338e+02, 7.59587708e+02,
    8.29234070e+02, 7.69160339e+02, 8.08758118e+02, 7.61461975e+02,
    7.89409180e+02, 7.53513977e+02, 7.70508911e+02, 7.46174194e+02,
    7.52034851e+02, 7.38740356e+02, 8.24334045e+02, 7.46825623e+02,
    8.03633667e+02, 7.39698242e+02, 7.84249207e+02, 7.31640076e+02,
    7.65107056e+02, 7.24567261e+02, 7.46408386e+02, 7.17477905e+02,
    8.19269226e+02, 7.24150940e+02, 7.98486816e+02, 7.17089600e+02,
    7.78921631e+02, 7.09492493e+02, 7.59597229e+02, 7.02472412e+02,
    7.40747070e+02, 6.95794434e+02, 8.14105286e+02, 7.00788391e+02,
    7.93252258e+02, 6.94094543e+02, 7.73395325e+02, 6.86868286e+02,
    7.53914124e+02, 6.79896545e+02, 7.34941589e+02, 6.73683838e+02,
    8.08932617e+02, 6.76908875e+02, 7.87798157e+02, 6.70539795e+02,
    7.67625061e+02, 6.63572571e+02, 7.47961121e+02, 6.57236145e+02,
    7.28805054e+02, 6.51215088e+02 ]
