%YAML:1.0
points: [ 3.51537048e+02, 1.07502846e+02, 3.49192627e+02, 1.18294044e+02,
    3.46975769e+02, 1.28780991e+02, 3.44903229e+02, 1.38942230e+02,
    3.42797607e+02, 1.48535049e+02, 3.39872528e+02, 1.06660728e+02,
    3.37797638e+02, 1.17471207e+02, 3.35824188e+02, 1.28029221e+02,
    3.33923584e+02, 1.38198792e+02, 3.32062836e+02, 1.47774002e+02,
    3.28343536e+02, 1.05911438e+02, 3.26469879e+02, 1.16733261e+02,
    3.24685486e+02, 1.27229630e+02, 3.22993042e+02, 1.37453262e+02,
    3.21338379e+02, 1.47014496e+02, 3.16786865e+02, 1.05133026e+02,
    3.15165222e+02, 1.16014793e+02, 3.13593719e+02, 1.26463921e+02,
    3.12126434e+02, 1.36741379e+02, 3.10646179e+02, 1.46280640e+02,
    3.05313385e+02, 1.04374130e+02, 3.03899628e+02, 1.15289772e+02,
    3.02546906e+02, 1.25777748e+02, 3.01242737e+02, 1.35934860e+02,
    3.00011780e+02, 1.45588226e+02, 2.93854340e+02, 1.03632492e+02,
    2.92685181e+02, 1.14546013e+02, 2.91542664e+02, 1.25148582e+02,
    2.90433502e+02, 1.35165726e+02, 2.89389709e+02, 1.44856293e+02,
    2.82431549e+02, 1.02929985e+02, 2.81479553e+02, 1.13820801e+02,
    2.80555847e+02, 1.24388390e+02, 2.79679840e+02, 1.34414566e+02,
    2.78861023e+02, 1.44206223e+02 ]
