%YAML:1.0
points: [ 2.27370041e+02, 2.97906555e+02, 2.20343155e+02, 2.94971649e+02,
    2.13332504e+02, 2.92229218e+02, 2.06730972e+02, 2.89408630e+02,
    2.00196625e+02, 2.86752228e+02, 2.25938538e+02, 2.90498871e+02,
    2.18832336e+02, 2.87668640e+02, 2.11792725e+02, 2.84982422e+02,
    2.05071182e+02, 2.82242645e+02, 1.98576584e+02, 2.79668213e+02,
    2.24419373e+02, 2.82846558e+02, 2.17209641e+02, 2.80212402e+02,
    2.10286484e+02, 2.77473572e+02, 2.03414642e+02, 2.74908630e+02,
    1.96816635e+02, 2.72351898e+02, 2.22959320e+02, 2.75098541e+02,
    2.15491608e+02, 2.72628693e+02, 2.08681580e+02, 2.69868195e+02,
    2.01723572e+02, 2.67378357e+02, 1.95021774e+02, 2.64923309e+02,
    2.21399506e+02, 2.67176636e+02, 2.13871033e+02, 2.64774780e+02,
    2.06935867e+02, 2.62152893e+02, 2.00017349e+02, 2.59720123e+02,
    1.93176468e+02, 2.57419525e+02, 2.19823151e+02, 2.59108582e+02,
    2.12176880e+02, 2.56761200e+02, 2.05115784e+02, 2.54255066e+02,
    1.98177109e+02, 2.51876862e+02, 1.91281937e+02, 2.49625305e+02,
    2.18124451e+02, 2.50824295e+02, 2.10441788e+02, 2.48593491e+02,
    2.03303925e+02, 2.46145752e+02, 1.96247849e+02, 2.43899460e+02,
    1.89252319e+02, 2.41802750e+02 ]
