%YAML:1.0
points: [ 1.13475415e+03, 5.44665955e+02, 1.10901892e+03, 5.72067444e+02,
    1.08339490e+03, 5.99438965e+02, 1.05796814e+03, 6.26770691e+02,
    1.03265491e+03, 6.53745178e+02, 1.10714661e+03, 5.19135559e+02,
    1.08153040e+03, 5.46650269e+02, 1.05605371e+03, 5.74057373e+02,
    1.03064917e+03, 6.01403381e+02, 1.00539062e+03, 6.28502625e+02,
    1.07962561e+03, 4.93718079e+02, 1.05407385e+03, 5.21213013e+02,
    1.02866748e+03, 5.48666138e+02, 1.00329700e+03, 5.76081848e+02,
    9.78135193e+02, 6.03228699e+02, 1.05210229e+03, 4.68256042e+02,
    1.02663342e+03, 4.95874023e+02, 1.00126880e+03, 5.23368286e+02,
    9.75991760e+02, 5.50818115e+02, 9.50915039e+02, 5.78006226e+02,
    1.02460474e+03, 4.42922424e+02, 9.99158386e+02, 4.70552216e+02,
    9.73890991e+02, 4.98111603e+02, 9.48732727e+02, 5.25569336e+02,
    9.23696167e+02, 5.52850403e+02, 9.97086365e+02, 4.17546967e+02,
    9.71746033e+02, 4.45244873e+02, 9.46479431e+02, 4.72791992e+02,
    9.21408447e+02, 5.00319244e+02, 8.96386780e+02, 5.27695496e+02,
    9.69602844e+02, 3.92237732e+02, 9.44305908e+02, 4.19976227e+02,
    9.19142334e+02, 4.47596588e+02, 8.94074280e+02, 4.75137207e+02,
    8.69128906e+02, 5.02632996e+02 ]
