%YAML:1.0
points: [ 3.49093719e+02, 1.40130325e+02, 3.46901062e+02, 1.48881668e+02,
    3.44813690e+02, 1.57416763e+02, 3.42924500e+02, 1.65700180e+02,
    3.41004059e+02, 1.73182022e+02, 3.37269318e+02, 1.39703232e+02,
    3.35380737e+02, 1.48559464e+02, 3.33610474e+02, 1.57116791e+02,
    3.31916107e+02, 1.65394165e+02, 3.30271301e+02, 1.72899399e+02,
    3.25550201e+02, 1.39389999e+02, 3.23900909e+02, 1.48266144e+02,
    3.22430450e+02, 1.56779907e+02, 3.20978607e+02, 1.65109848e+02,
    3.19623016e+02, 1.72585449e+02, 3.13813599e+02, 1.39069641e+02,
    3.12511414e+02, 1.48003021e+02, 3.11283539e+02, 1.56450500e+02,
    3.10122009e+02, 1.64851440e+02, 3.08998657e+02, 1.72293030e+02,
    3.02170410e+02, 1.38799500e+02, 3.01127502e+02, 1.47788406e+02,
    3.00183411e+02, 1.56228470e+02, 2.99239990e+02, 1.64452637e+02,
    2.98382233e+02, 1.72055115e+02, 2.90597565e+02, 1.38537842e+02,
    2.89841095e+02, 1.47521774e+02, 2.89112793e+02, 1.56122131e+02,
    2.88472351e+02, 1.64080521e+02, 2.87843597e+02, 1.71793167e+02,
    2.79044434e+02, 1.38313904e+02, 2.78589874e+02, 1.47251389e+02,
    2.78128510e+02, 1.55832809e+02, 2.77716400e+02, 1.63783173e+02,
    2.77361755e+02, 1.71594635e+02 ]
