%YAML:1.0
points: [ 9.67942383e+02, 5.18982422e+02, 9.45169739e+02, 5.42356445e+02,
    9.22696289e+02, 5.65343811e+02, 9.00363342e+02, 5.87972717e+02,
    8.78859192e+02, 6.10246338e+02, 9.46136047e+02, 4.94673950e+02,
    9.23641235e+02, 5.18139954e+02, 9.01380859e+02, 5.41102722e+02,
    8.79362122e+02, 5.63856934e+02, 8.58143127e+02, 5.86157715e+02,
    9.24418457e+02, 4.70750244e+02, 9.02313416e+02, 4.94206604e+02,
    8.80419373e+02, 5.17324524e+02, 8.58592285e+02, 5.39960083e+02,
    8.37688110e+02, 5.62348938e+02, 9.03131165e+02, 4.47139801e+02,
    8.81226013e+02, 4.70676147e+02, 8.59697937e+02, 4.93778900e+02,
    8.38116150e+02, 5.16525757e+02, 8.17521240e+02, 5.38945740e+02,
    8.81961365e+02, 4.23924927e+02, 8.60361511e+02, 4.47448639e+02,
    8.39081238e+02, 4.70600006e+02, 8.17987000e+02, 4.93346527e+02,
    7.97554321e+02, 5.15789795e+02, 8.61119385e+02, 4.01013611e+02,
    8.39778809e+02, 4.24469818e+02, 8.18629517e+02, 4.47627106e+02,
    7.98104736e+02, 4.70522949e+02, 7.77776611e+02, 4.92960938e+02,
    8.40456970e+02, 3.78287811e+02, 8.19425842e+02, 4.01900116e+02,
    7.98548401e+02, 4.25022949e+02, 7.78299744e+02, 4.47935425e+02,
    7.58173828e+02, 4.70467743e+02 ]
