%YAML:1.0
points: [ 2.22854202e+02, 2.91608887e+02, 2.16691406e+02, 2.88690826e+02,
    2.10468048e+02, 2.85847351e+02, 2.04702438e+02, 2.83041168e+02,
    1.98967773e+02, 2.80315155e+02, 2.21275330e+02, 2.84392883e+02,
    2.14981384e+02, 2.81508667e+02, 2.08768082e+02, 2.78741699e+02,
    2.02921143e+02, 2.75954895e+02, 1.97226212e+02, 2.73303558e+02,
    2.19704987e+02, 2.76940918e+02, 2.13200912e+02, 2.74196136e+02,
    2.07135803e+02, 2.71390778e+02, 2.01154648e+02, 2.68744507e+02,
    1.95390701e+02, 2.66223846e+02, 2.18031952e+02, 2.69317444e+02,
    2.11356491e+02, 2.66760529e+02, 2.05422028e+02, 2.63990051e+02,
    1.99331207e+02, 2.61425293e+02, 1.93485504e+02, 2.58946014e+02,
    2.16272369e+02, 2.61590729e+02, 2.09589111e+02, 2.59078491e+02,
    2.03553223e+02, 2.56434937e+02, 1.97521561e+02, 2.53982803e+02,
    1.91520615e+02, 2.51595612e+02, 2.14473816e+02, 2.53651108e+02,
    2.07769608e+02, 2.51282593e+02, 2.01616348e+02, 2.48766769e+02,
    1.95555557e+02, 2.46333588e+02, 1.89553497e+02, 2.44100357e+02,
    2.12612457e+02, 2.45610397e+02, 2.05868042e+02, 2.43309570e+02,
    1.99656616e+02, 2.40881882e+02, 1.93531891e+02, 2.38630997e+02,
    1.87485733e+02, 2.36603531e+02 ]
