%YAML:1.0
points: [ 8.26964294e+02, 7.94339355e+02, 8.09615173e+02, 7.85726685e+02,
    7.92570496e+02, 7.77479553e+02, 7.76347839e+02, 7.69167419e+02,
    7.60405640e+02, 7.61417786e+02, 8.21971008e+02, 7.73474304e+02,
    8.04267029e+02, 7.64958191e+02, 7.87241333e+02, 7.57234375e+02,
    7.71015076e+02, 7.49120239e+02, 7.55054688e+02, 7.41413086e+02,
    8.16828064e+02, 7.52027649e+02, 7.98854187e+02, 7.44108154e+02,
    7.81895874e+02, 7.35976379e+02, 7.65479370e+02, 7.28510132e+02,
    7.49454285e+02, 7.21081665e+02, 8.11537231e+02, 7.30213623e+02,
    7.93331787e+02, 7.22826477e+02, 7.76455566e+02, 7.14629150e+02,
    7.59805542e+02, 7.07445068e+02, 7.43617737e+02, 7.00387207e+02,
    8.05976440e+02, 7.07985901e+02, 7.87792358e+02, 7.00812622e+02,
    7.70808228e+02, 6.93111450e+02, 7.54030151e+02, 6.85972595e+02,
    7.37751160e+02, 6.79351685e+02, 8.00393433e+02, 6.85212891e+02,
    7.82195374e+02, 6.78375549e+02, 7.65008728e+02, 6.71101135e+02,
    7.48165344e+02, 6.64098572e+02, 7.31713684e+02, 6.57844910e+02,
    7.94773682e+02, 6.61975952e+02, 7.76359558e+02, 6.55462463e+02,
    7.58947998e+02, 6.48493713e+02, 7.41850342e+02, 6.42023438e+02,
    7.25251160e+02, 6.35876526e+02 ]
