%YAML:1.0
points: [ 2.27484680e+02, 2.97214111e+02, 2.21208618e+02, 2.94414001e+02,
    2.14943390e+02, 2.91770020e+02, 2.09096130e+02, 2.89104706e+02,
    2.03269196e+02, 2.86543579e+02, 2.25584183e+02, 2.90005066e+02,
    2.19235748e+02, 2.87271210e+02, 2.12972046e+02, 2.84757385e+02,
    2.07063141e+02, 2.82147736e+02, 2.01323120e+02, 2.79717255e+02,
    2.23667038e+02, 2.82560822e+02, 2.17220993e+02, 2.80069122e+02,
    2.11082474e+02, 2.77461639e+02, 2.05002884e+02, 2.75027588e+02,
    1.99192368e+02, 2.72643585e+02, 2.21757767e+02, 2.75096466e+02,
    2.15073502e+02, 2.72707153e+02, 2.09096634e+02, 2.70136475e+02,
    2.02928421e+02, 2.67789581e+02, 1.97011856e+02, 2.65457062e+02,
    2.19722916e+02, 2.67423584e+02, 2.13020859e+02, 2.65147675e+02,
    2.06917252e+02, 2.62646423e+02, 2.00852036e+02, 2.60363251e+02,
    1.94830338e+02, 2.58248108e+02, 2.17616165e+02, 2.59539246e+02,
    2.10895844e+02, 2.57374634e+02, 2.04699829e+02, 2.55093353e+02,
    1.98645813e+02, 2.52866058e+02, 1.92642136e+02, 2.50849014e+02,
    2.15474533e+02, 2.51574280e+02, 2.08728302e+02, 2.49558823e+02,
    2.02485397e+02, 2.47363068e+02, 1.96332947e+02, 2.45282425e+02,
    1.90178345e+02, 2.43334778e+02 ]
