%YAML:1.0
points: [ 8.40142090e+02, 8.10314941e+02, 8.22634155e+02, 8.02259827e+02,
    8.05473816e+02, 7.94645020e+02, 7.89061951e+02, 7.86876221e+02,
    7.72969788e+02, 7.79557068e+02, 8.34330505e+02, 7.89569275e+02,
    8.16570068e+02, 7.81754883e+02, 7.99382996e+02, 7.74501343e+02,
    7.82980591e+02, 7.66986328e+02, 7.66809937e+02, 7.59756531e+02,
    8.28444946e+02, 7.68300537e+02, 8.10317627e+02, 7.61030273e+02,
    7.93230896e+02, 7.53463806e+02, 7.76743713e+02, 7.46610535e+02,
    7.60498047e+02, 7.39604797e+02, 8.22354553e+02, 7.46678406e+02,
    8.04044006e+02, 7.39990906e+02, 7.86973877e+02, 7.32299255e+02,
    7.70290771e+02, 7.25751526e+02, 7.53947205e+02, 7.19200073e+02,
    8.15966003e+02, 7.24684753e+02, 7.97713623e+02, 7.18164612e+02,
    7.80586853e+02, 7.11018066e+02, 7.63725647e+02, 7.04502380e+02,
    7.47314453e+02, 6.98376465e+02, 8.09552246e+02, 7.02143127e+02,
    7.91246033e+02, 6.95891174e+02, 7.73997498e+02, 6.89279358e+02,
    7.57017578e+02, 6.82904297e+02, 7.40471680e+02, 6.77147827e+02,
    8.02998535e+02, 6.79186707e+02, 7.84645203e+02, 6.73378967e+02,
    7.67082458e+02, 6.66960388e+02, 7.49898926e+02, 6.61004578e+02,
    7.33309326e+02, 6.55506592e+02 ]
