%YAML:1.0
points: [ 3.44492981e+02, 1.02489601e+02, 3.42219604e+02, 1.13384331e+02,
    3.40067261e+02, 1.23997932e+02, 3.38026733e+02, 1.34285690e+02,
    3.36025909e+02, 1.43968414e+02, 3.32783447e+02, 1.01391747e+02,
    3.30791229e+02, 1.12341011e+02, 3.28870667e+02, 1.23010201e+02,
    3.27028198e+02, 1.33273270e+02, 3.25218628e+02, 1.42964661e+02,
    3.21203827e+02, 1.00392715e+02, 3.19437286e+02, 1.11338844e+02,
    3.17734894e+02, 1.21974724e+02, 3.16095520e+02, 1.32307693e+02,
    3.14494965e+02, 1.41972931e+02, 3.09691132e+02, 9.93747177e+01,
    3.08143707e+02, 1.10358879e+02, 3.06640686e+02, 1.20970024e+02,
    3.05198639e+02, 1.31324493e+02, 3.03824432e+02, 1.40982742e+02,
    2.98209381e+02, 9.83980255e+01, 2.96874481e+02, 1.09424721e+02,
    2.95577454e+02, 1.20047577e+02, 2.94363831e+02, 1.30281525e+02,
    2.93205109e+02, 1.40017334e+02, 2.86782898e+02, 9.74131241e+01,
    2.85665283e+02, 1.08442154e+02, 2.84595520e+02, 1.19156258e+02,
    2.83593414e+02, 1.29248260e+02, 2.82616180e+02, 1.39093811e+02,
    2.75420471e+02, 9.64594879e+01, 2.74542786e+02, 1.07458954e+02,
    2.73678986e+02, 1.18158424e+02, 2.72901123e+02, 1.28297348e+02,
    2.72105652e+02, 1.38158478e+02 ]
