%YAML:1.0
points: [ 9.57692200e+02, 5.36063843e+02, 9.30875916e+02, 5.50781860e+02,
    9.04579895e+02, 5.65207397e+02, 8.78699890e+02, 5.79458252e+02,
    8.53781616e+02, 5.93092590e+02, 9.41792603e+02, 5.06724304e+02,
    9.15026794e+02, 5.21827271e+02, 8.88795715e+02, 5.36598938e+02,
    8.63097046e+02, 5.51139526e+02, 8.38308960e+02, 5.65193298e+02,
    9.25645691e+02, 4.77370789e+02, 8.99110352e+02, 4.92792511e+02,
    8.73090515e+02, 5.08001678e+02, 8.47418335e+02, 5.22918762e+02,
    8.22809509e+02, 5.37316650e+02, 9.09562195e+02, 4.48082520e+02,
    8.83126221e+02, 4.63914825e+02, 8.57315491e+02, 4.79407745e+02,
    8.31765137e+02, 4.94656189e+02, 8.07309692e+02, 5.09304504e+02,
    8.93329956e+02, 4.18696625e+02, 8.67068054e+02, 4.34903900e+02,
    8.41342285e+02, 4.50725677e+02, 8.16084290e+02, 4.66286987e+02,
    7.91722229e+02, 4.81403442e+02, 8.77098755e+02, 3.89304443e+02,
    8.50979919e+02, 4.05876404e+02, 8.25293457e+02, 4.22096710e+02,
    8.00415955e+02, 4.37981018e+02, 7.76065002e+02, 4.53403625e+02,
    8.60766968e+02, 3.59889618e+02, 8.34797668e+02, 3.76759491e+02,
    8.09285156e+02, 3.93331055e+02, 7.84593018e+02, 4.09463684e+02,
    7.60248596e+02, 4.25288422e+02 ]
