%YAML:1.0
points: [ 4.04292816e+02, 1.02437332e+02, 3.99111389e+02, 1.13784653e+02,
    3.94215149e+02, 1.24838524e+02, 3.89564545e+02, 1.35659393e+02,
    3.84846008e+02, 1.45833298e+02, 3.94053864e+02, 1.00966095e+02,
    3.89060547e+02, 1.12575867e+02, 3.84354248e+02, 1.23831429e+02,
    3.79771423e+02, 1.34756607e+02, 3.75150177e+02, 1.45067307e+02,
    3.83765900e+02, 9.96074829e+01, 3.78857574e+02, 1.11365639e+02,
    3.74184326e+02, 1.22784943e+02, 3.69841980e+02, 1.33889038e+02,
    3.65347534e+02, 1.44277573e+02, 3.73112915e+02, 9.82230606e+01,
    3.68430420e+02, 1.10217979e+02, 3.63865265e+02, 1.21731636e+02,
    3.59687317e+02, 1.33032532e+02, 3.55269623e+02, 1.43510147e+02,
    3.62327850e+02, 9.68580399e+01, 3.57761566e+02, 1.09024734e+02,
    3.53388184e+02, 1.20709167e+02, 3.49228851e+02, 1.32086166e+02,
    3.45064545e+02, 1.42811249e+02, 3.51232544e+02, 9.54922256e+01,
    3.46870697e+02, 1.07831703e+02, 3.42733887e+02, 1.19776360e+02,
    3.38590393e+02, 1.31118286e+02, 3.34701630e+02, 1.42086426e+02,
    3.39953522e+02, 9.41294785e+01, 3.35731842e+02, 1.06631996e+02,
    3.31726929e+02, 1.18721130e+02, 3.27780884e+02, 1.30186401e+02,
    3.24056274e+02, 1.41309998e+02 ]
