%YAML:1.0
points: [ 2.33534164e+02, 3.04021454e+02, 2.27189713e+02, 3.01428284e+02,
    2.20827438e+02, 2.99061981e+02, 2.14896164e+02, 2.96551453e+02,
    2.09095322e+02, 2.94331787e+02, 2.31318405e+02, 2.96867645e+02,
    2.24890869e+02, 2.94394989e+02, 2.18540314e+02, 2.92151611e+02,
    2.12571991e+02, 2.89749969e+02, 2.06744904e+02, 2.87494019e+02,
    2.29114594e+02, 2.89564117e+02, 2.22484421e+02, 2.87247498e+02,
    2.16325897e+02, 2.84919006e+02, 2.10216522e+02, 2.82741852e+02,
    2.04320297e+02, 2.80590912e+02, 2.26720169e+02, 2.82090393e+02,
    2.20019333e+02, 2.80008972e+02, 2.13957291e+02, 2.77624298e+02,
    2.07787933e+02, 2.75588440e+02, 2.01891418e+02, 2.73569672e+02,
    2.24312256e+02, 2.74501953e+02, 2.17610397e+02, 2.72552582e+02,
    2.11478622e+02, 2.70359924e+02, 2.05385681e+02, 2.68352631e+02,
    1.99333801e+02, 2.66411194e+02, 2.21940399e+02, 2.66835297e+02,
    2.15167999e+02, 2.64950348e+02, 2.08944885e+02, 2.62893341e+02,
    2.02804749e+02, 2.60913330e+02, 1.96736069e+02, 2.59119263e+02,
    2.19397644e+02, 2.58957947e+02, 2.12606277e+02, 2.57195129e+02,
    2.06318802e+02, 2.55229919e+02, 2.00111786e+02, 2.53399734e+02,
    1.93986862e+02, 2.51742523e+02 ]
