%YAML:1.0
points: [ 8.57635437e+02, 8.29889832e+02, 8.39796631e+02, 8.22431274e+02,
    8.22456787e+02, 8.15529602e+02, 8.05901001e+02, 8.08499573e+02,
    7.89630371e+02, 8.01883789e+02, 8.50810059e+02, 8.09347351e+02,
    8.32815613e+02, 8.02157959e+02, 8.15443542e+02, 7.95715576e+02,
    7.98898987e+02, 7.88864807e+02, 7.82551025e+02, 7.82249207e+02,
    8.43909058e+02, 7.88315186e+02, 8.25586609e+02, 7.81756348e+02,
    8.08329041e+02, 7.74929443e+02, 7.91669128e+02, 7.68732483e+02,
    7.75333496e+02, 7.62432068e+02, 8.36748962e+02, 7.66930115e+02,
    8.18282227e+02, 7.60979126e+02, 8.01159912e+02, 7.54075989e+02,
    7.84314392e+02, 7.48136963e+02, 7.67855103e+02, 7.42321716e+02,
    8.29366760e+02, 7.45227417e+02, 8.11049683e+02, 7.39540955e+02,
    7.93728394e+02, 7.33082458e+02, 7.76642883e+02, 7.27111450e+02,
    7.60209412e+02, 7.21809814e+02, 8.21943298e+02, 7.23017883e+02,
    8.03493713e+02, 7.17519714e+02, 7.86082520e+02, 7.11599426e+02,
    7.69091492e+02, 7.06005920e+02, 7.52496887e+02, 7.00936890e+02,
    8.14286926e+02, 7.00438049e+02, 7.95843872e+02, 6.95346252e+02,
    7.78224609e+02, 6.89649231e+02, 7.60957520e+02, 6.84499756e+02,
    7.44308716e+02, 6.79725952e+02 ]
