%YAML:1.0
points: [ 1.07385681e+03, 5.95165222e+02, 1.04307007e+03, 6.06291504e+02,
    1.01262451e+03, 6.17421021e+02, 9.82600342e+02, 6.28639465e+02,
    9.52998047e+02, 6.39236877e+02, 1.06185266e+03, 5.65889282e+02,
    1.03094031e+03, 5.77320679e+02, 1.00037787e+03, 5.88817993e+02,
    9.70103027e+02, 6.00317017e+02, 9.40220581e+02, 6.11218445e+02,
    1.04968408e+03, 5.36383606e+02, 1.01853778e+03, 5.48078308e+02,
    9.87806458e+02, 5.59808899e+02, 9.57409912e+02, 5.71546570e+02,
    9.27420776e+02, 5.82745911e+02, 1.03729309e+03, 5.06377289e+02,
    1.00602313e+03, 5.18384338e+02, 9.75081970e+02, 5.30317566e+02,
    9.44438416e+02, 5.42450928e+02, 9.14312683e+02, 5.53883362e+02,
    1.02469421e+03, 4.75838501e+02, 9.93171631e+02, 4.88222595e+02,
    9.62080627e+02, 5.00476990e+02, 9.31380066e+02, 5.12746033e+02,
    9.00993225e+02, 5.24495300e+02, 1.01182593e+03, 4.44817993e+02,
    9.80170776e+02, 4.57529175e+02, 9.48856201e+02, 4.70192078e+02,
    9.17914917e+02, 4.82486969e+02, 8.87385071e+02, 4.94749786e+02,
    9.98753174e+02, 4.13385956e+02, 9.66882996e+02, 4.26305023e+02,
    9.35413635e+02, 4.39285492e+02, 9.04322754e+02, 4.51858734e+02,
    8.73593933e+02, 4.64522583e+02 ]
