%YAML:1.0
points: [ 1.90995987e+02, 2.36204666e+02, 1.85685974e+02, 2.31538696e+02,
    1.80250290e+02, 2.26961502e+02, 1.75227615e+02, 2.22475708e+02,
    1.70135254e+02, 2.18057968e+02, 1.91898056e+02, 2.28705933e+02,
    1.86472961e+02, 2.24047821e+02, 1.80992218e+02, 2.19564392e+02,
    1.75795166e+02, 2.14983688e+02, 1.70771698e+02, 2.10767563e+02,
    1.92857422e+02, 2.20986374e+02, 1.87221481e+02, 2.16473297e+02,
    1.81846375e+02, 2.11889053e+02, 1.76482193e+02, 2.07563797e+02,
    1.71349899e+02, 2.03250381e+02, 1.93840073e+02, 2.13067276e+02,
    1.87903061e+02, 2.08640884e+02, 1.82649475e+02, 2.04066589e+02,
    1.77170532e+02, 1.99736252e+02, 1.71888550e+02, 1.95520187e+02,
    1.94829483e+02, 2.04976440e+02, 1.88765289e+02, 2.00553406e+02,
    1.83367401e+02, 1.96077560e+02, 1.77878220e+02, 1.91792480e+02,
    1.72452911e+02, 1.87682266e+02, 1.95784134e+02, 1.96651978e+02,
    1.89658142e+02, 1.92232910e+02, 1.84059341e+02, 1.87876114e+02,
    1.78617706e+02, 1.83686798e+02, 1.73030655e+02, 1.79511475e+02,
    1.96739120e+02, 1.88133347e+02, 1.90502487e+02, 1.83797684e+02,
    1.84863663e+02, 1.79546387e+02, 1.79160233e+02, 1.75349228e+02,
    1.73483688e+02, 1.71287430e+02 ]
