%YAML:1.0
points: [ 7.35044617e+02, 6.35018921e+02, 7.20085388e+02, 6.21414734e+02,
    7.05264343e+02, 6.08303894e+02, 6.91132324e+02, 5.95287170e+02,
    6.77219116e+02, 5.82821167e+02, 7.37301819e+02, 6.13281311e+02,
    7.21910095e+02, 5.99707031e+02, 7.06867432e+02, 5.86864136e+02,
    6.92585449e+02, 5.73937195e+02, 6.78582336e+02, 5.61510498e+02,
    7.39356262e+02, 5.91350403e+02, 7.23479431e+02, 5.78172180e+02,
    7.08613892e+02, 5.65083740e+02, 6.93987366e+02, 5.52663635e+02,
    6.79778748e+02, 5.40423096e+02, 7.41639038e+02, 5.68504395e+02,
    7.25311340e+02, 5.55739075e+02, 7.10510986e+02, 5.42461731e+02,
    6.95545410e+02, 5.30256042e+02, 6.80908203e+02, 5.18025818e+02,
    7.43733826e+02, 5.45205078e+02, 7.27352173e+02, 5.32567078e+02,
    7.12188782e+02, 5.19668945e+02, 6.97014587e+02, 5.07303680e+02,
    6.82070557e+02, 4.95404755e+02, 7.45974487e+02, 5.21314392e+02,
    7.29349182e+02, 5.08828949e+02, 7.13772278e+02, 4.96108398e+02,
    6.98495178e+02, 4.83916962e+02, 6.83328003e+02, 4.72331146e+02,
    7.48336609e+02, 4.96799255e+02, 7.31404480e+02, 4.84494751e+02,
    7.15512756e+02, 4.71999786e+02, 6.99751282e+02, 4.59974823e+02,
    6.84319336e+02, 4.48517731e+02 ]
