%YAML:1.0
points: [ 3.74789642e+02, 5.40339050e+01, 3.71017761e+02, 6.76513367e+01,
    3.67351654e+02, 8.10286713e+01, 3.63817932e+02, 9.40791779e+01,
    3.60170990e+02, 1.06817902e+02, 3.62242645e+02, 5.14747429e+01,
    3.58630280e+02, 6.52304840e+01, 3.55141266e+02, 7.86832657e+01,
    3.51731720e+02, 9.18696365e+01, 3.48220612e+02, 1.04705460e+02,
    3.49650177e+02, 4.89411926e+01, 3.46169067e+02, 6.28209763e+01,
    3.42795929e+02, 7.63343658e+01, 3.39602844e+02, 8.96041870e+01,
    3.36184479e+02, 1.02572678e+02, 3.36983582e+02, 4.63859787e+01,
    3.33658966e+02, 6.03736763e+01, 3.30400299e+02, 7.40744400e+01,
    3.27344940e+02, 8.73685532e+01, 3.24086426e+02, 1.00392365e+02,
    3.24221954e+02, 4.38422813e+01, 3.21080597e+02, 5.79700127e+01,
    3.17945312e+02, 7.17195511e+01, 3.14959106e+02, 8.51330185e+01,
    3.11933929e+02, 9.82385330e+01, 3.11354645e+02, 4.13703117e+01,
    3.08353943e+02, 5.55125618e+01, 3.05484680e+02, 6.93410873e+01,
    3.02607269e+02, 8.28802109e+01, 2.99777344e+02, 9.60644379e+01,
    2.98384796e+02, 3.88217850e+01, 2.95559723e+02, 5.31168556e+01,
    2.92833496e+02, 6.70810013e+01, 2.90078125e+02, 8.06073532e+01,
    2.87542908e+02, 9.39163055e+01 ]
