%YAML:1.0
points: [ 9.98470703e+02, 5.77876648e+02, 9.70863525e+02, 5.87137756e+02,
    9.43786987e+02, 5.96325378e+02, 9.17112549e+02, 6.05534241e+02,
    8.91269775e+02, 6.14145630e+02, 9.86603760e+02, 5.49628174e+02,
    9.58956787e+02, 5.59293640e+02, 9.31808105e+02, 5.68862244e+02,
    9.05049255e+02, 5.78353394e+02, 8.79151550e+02, 5.87333496e+02,
    9.74503052e+02, 5.21175964e+02, 9.46827148e+02, 5.31154663e+02,
    9.19618896e+02, 5.41029602e+02, 8.92826477e+02, 5.50977295e+02,
    8.66941284e+02, 5.60284302e+02, 9.62228455e+02, 4.92412109e+02,
    9.34483765e+02, 5.02841675e+02, 9.07297302e+02, 5.13059082e+02,
    8.80497314e+02, 5.23351562e+02, 8.54562500e+02, 5.32942566e+02,
    9.49777832e+02, 4.63344818e+02, 9.22007874e+02, 4.74179382e+02,
    8.94753296e+02, 4.84792603e+02, 8.67996033e+02, 4.95303864e+02,
    8.42025513e+02, 5.05342651e+02, 9.37210388e+02, 4.34010895e+02,
    9.09384583e+02, 4.45148895e+02, 8.82031189e+02, 4.56243713e+02,
    8.55415894e+02, 4.66915619e+02, 8.29306458e+02, 4.77477814e+02,
    9.24396545e+02, 4.04312775e+02, 8.96580444e+02, 4.15890625e+02,
    8.69237671e+02, 4.27297821e+02, 8.42620789e+02, 4.38395081e+02,
    8.16409119e+02, 4.49279846e+02 ]
