%YAML:1.0
points: [ 6.98654907e+02, 4.87339294e+02, 6.86463318e+02, 4.69845917e+02,
    6.74299805e+02, 4.52856567e+02, 6.62851318e+02, 4.36212158e+02,
    6.51387085e+02, 4.19941650e+02, 7.06797852e+02, 4.66427582e+02,
    6.94187317e+02, 4.48799469e+02, 6.81737183e+02, 4.31995605e+02,
    6.70100403e+02, 4.15334473e+02, 6.58467896e+02, 3.98960846e+02,
    7.15188293e+02, 4.44813171e+02, 7.01987793e+02, 4.27324951e+02,
    6.89755493e+02, 4.10265808e+02, 6.77603882e+02, 3.93804138e+02,
    6.65641479e+02, 3.77515228e+02, 7.23699341e+02, 4.22529816e+02,
    7.09983337e+02, 4.05327881e+02, 6.97768066e+02, 3.88031586e+02,
    6.85253052e+02, 3.71644714e+02, 6.72905762e+02, 3.55349823e+02,
    7.32396240e+02, 3.99683777e+02, 7.18462585e+02, 3.82552124e+02,
    7.05888855e+02, 3.65400360e+02, 6.93048462e+02, 3.48786682e+02,
    6.80404663e+02, 3.32691711e+02, 7.41354126e+02, 3.76226929e+02,
    7.27256958e+02, 3.59080719e+02, 7.14068909e+02, 3.42031586e+02,
    7.01085632e+02, 3.25319824e+02, 6.88032776e+02, 3.09328125e+02,
    7.50571228e+02, 3.51928436e+02, 7.36096497e+02, 3.34853455e+02,
    7.22564087e+02, 3.17824951e+02, 7.08974915e+02, 3.01255035e+02,
    6.95668213e+02, 2.85249207e+02 ]
