%YAML:1.0
points: [ 1.13071948e+03, 6.05150085e+02, 1.09888159e+03, 6.17559448e+02,
    1.06726501e+03, 6.30076843e+02, 1.03591833e+03, 6.42819763e+02,
    1.00468170e+03, 6.54934265e+02, 1.11924817e+03, 5.75486023e+02,
    1.08718213e+03, 5.88126343e+02, 1.05536145e+03, 6.01058472e+02,
    1.02373193e+03, 6.13894226e+02, 9.92136597e+02, 6.26285583e+02,
    1.10768323e+03, 5.45380310e+02, 1.07534753e+03, 5.58351807e+02,
    1.04323633e+03, 5.71300476e+02, 1.01131909e+03, 5.84539856e+02,
    9.79504822e+02, 5.97085449e+02, 1.09584985e+03, 5.14703552e+02,
    1.06321826e+03, 5.27989807e+02, 1.03085400e+03, 5.41072815e+02,
    9.98611511e+02, 5.54647095e+02, 9.66457214e+02, 5.67273560e+02,
    1.08374817e+03, 4.83502411e+02, 1.05084924e+03, 4.97008850e+02,
    1.01816107e+03, 5.10385864e+02, 9.85642273e+02, 5.23900452e+02,
    9.53253662e+02, 5.37037964e+02, 1.07142102e+03, 4.51609039e+02,
    1.03821545e+03, 4.65383026e+02, 1.00527246e+03, 4.79124664e+02,
    9.72371765e+02, 4.92594055e+02, 9.39676941e+02, 5.06162109e+02,
    1.05882361e+03, 4.19110748e+02, 1.02531714e+03, 4.33086182e+02,
    9.91993225e+02, 4.47034729e+02, 9.58840332e+02, 4.60804047e+02,
    9.25858093e+02, 4.74579071e+02 ]
