%YAML:1.0
points: [ 4.41271606e+02, 5.46538010e+01, 4.36793549e+02, 6.82180786e+01,
    4.32454620e+02, 8.14059753e+01, 4.28230194e+02, 9.46939392e+01,
    4.23529053e+02, 1.07671654e+02, 4.31740784e+02, 5.11272964e+01,
    4.27292175e+02, 6.48981018e+01, 4.23045197e+02, 7.85123749e+01,
    4.18772278e+02, 9.20530014e+01, 4.14145325e+02, 1.05260208e+02,
    4.22051392e+02, 4.76270905e+01, 4.17659821e+02, 6.16011925e+01,
    4.13252075e+02, 7.55498734e+01, 4.09089142e+02, 8.93261490e+01,
    4.04363098e+02, 1.02850410e+02, 4.11942535e+02, 4.39714508e+01,
    4.07600861e+02, 5.82682533e+01, 4.03153351e+02, 7.25256271e+01,
    3.98997284e+02, 8.66335754e+01, 3.94300354e+02, 1.00319359e+02,
    4.01609619e+02, 4.02058525e+01, 3.97187958e+02, 5.48325653e+01,
    3.92781891e+02, 6.94615479e+01, 3.88500702e+02, 8.37703705e+01,
    3.83934875e+02, 9.78238220e+01, 3.90754028e+02, 3.64774017e+01,
    3.86441528e+02, 5.13803291e+01, 3.82115875e+02, 6.63468323e+01,
    3.77656128e+02, 8.08814545e+01, 3.73278412e+02, 9.52625656e+01,
    3.79609497e+02, 3.25587006e+01, 3.75277130e+02, 4.78741302e+01,
    3.70963562e+02, 6.30722427e+01, 3.66594757e+02, 7.79388657e+01,
    3.62264252e+02, 9.26556396e+01 ]
