%YAML:1.0
points: [ 1.78636581e+02, 1.84818283e+02, 1.74214157e+02, 1.78735779e+02,
    1.69718597e+02, 1.72781876e+02, 1.65558075e+02, 1.66964691e+02,
    1.61380081e+02, 1.61328125e+02, 1.81642090e+02, 1.77550995e+02,
    1.77049149e+02, 1.71458847e+02, 1.72501328e+02, 1.65485977e+02,
    1.68238419e+02, 1.59695312e+02, 1.64040527e+02, 1.54002975e+02,
    1.84743759e+02, 1.70012573e+02, 1.79930206e+02, 1.63920563e+02,
    1.75526138e+02, 1.57991226e+02, 1.71019577e+02, 1.52178421e+02,
    1.66679321e+02, 1.46524078e+02, 1.87903671e+02, 1.62228561e+02,
    1.82876007e+02, 1.56174362e+02, 1.78550491e+02, 1.50300217e+02,
    1.73861008e+02, 1.44440201e+02, 1.69375656e+02, 1.38749954e+02,
    1.91116333e+02, 1.54317734e+02, 1.85998383e+02, 1.48258835e+02,
    1.81495407e+02, 1.42318558e+02, 1.76823746e+02, 1.36493393e+02,
    1.72183731e+02, 1.30874039e+02, 1.94476257e+02, 1.46140106e+02,
    1.89248322e+02, 1.40043549e+02, 1.84525513e+02, 1.34133209e+02,
    1.79809280e+02, 1.28331772e+02, 1.75034821e+02, 1.22678055e+02,
    1.97881607e+02, 1.37657028e+02, 1.92512131e+02, 1.31551208e+02,
    1.87678604e+02, 1.25698540e+02, 1.82785370e+02, 1.19972481e+02,
    1.77836975e+02, 1.14293991e+02 ]
