%YAML:1.0
points: [ 7.35424316e+02, 4.20366791e+02, 7.20295837e+02, 4.02299866e+02,
    7.05224487e+02, 3.84564056e+02, 6.90917480e+02, 3.67286499e+02,
    6.76597656e+02, 3.50279510e+02, 7.50695496e+02, 3.97406342e+02,
    7.35181152e+02, 3.79250092e+02, 7.19772888e+02, 3.61819458e+02,
    7.05197449e+02, 3.44559631e+02, 6.90744812e+02, 3.27591858e+02,
    7.66347168e+02, 3.73892365e+02, 7.50175842e+02, 3.55862854e+02,
    7.34881958e+02, 3.38392670e+02, 7.19774109e+02, 3.21366821e+02,
    7.04956665e+02, 3.04500000e+02, 7.82196411e+02, 3.49921906e+02,
    7.65479919e+02, 3.32116730e+02, 7.50153687e+02, 3.14611603e+02,
    7.34613464e+02, 2.97655365e+02, 7.19364075e+02, 2.80952148e+02,
    7.98227966e+02, 3.25501160e+02, 7.81287292e+02, 3.07851532e+02,
    7.65528809e+02, 2.90506683e+02, 7.49680481e+02, 2.73517090e+02,
    7.34030701e+02, 2.56870850e+02, 8.14652344e+02, 3.00670685e+02,
    7.97450684e+02, 2.82961700e+02, 7.81127930e+02, 2.65852478e+02,
    7.65012207e+02, 2.48904938e+02, 7.49016296e+02, 2.32451263e+02,
    8.31366516e+02, 2.75237091e+02, 8.13782043e+02, 2.57635010e+02,
    7.97050842e+02, 2.40514053e+02, 7.80356873e+02, 2.23729645e+02,
    7.64050110e+02, 2.07300781e+02 ]
