%YAML:1.0
points: [ 1.23501648e+03, 6.18521362e+02, 1.20352527e+03, 6.33203979e+02,
    1.17203186e+03, 6.48240784e+02, 1.14057336e+03, 6.63634216e+02,
    1.10863135e+03, 6.78433411e+02, 1.22546252e+03, 5.88408630e+02,
    1.19370483e+03, 6.03360535e+02, 1.16185852e+03, 6.18601318e+02,
    1.12998291e+03, 6.34109192e+02, 1.09768262e+03, 6.49121704e+02,
    1.21596191e+03, 5.57907776e+02, 1.18370618e+03, 5.72865845e+02,
    1.15144788e+03, 5.88150940e+02, 1.11923706e+03, 6.03899231e+02,
    1.08643311e+03, 6.18985718e+02, 1.20606323e+03, 5.26492065e+02,
    1.17344995e+03, 5.41733032e+02, 1.14076514e+03, 5.57060669e+02,
    1.10814783e+03, 5.72939331e+02, 1.07486780e+03, 5.88132751e+02,
    1.19600708e+03, 4.94415741e+02, 1.16295447e+03, 5.09825562e+02,
    1.12991211e+03, 5.25255920e+02, 1.09673914e+03, 5.40998535e+02,
    1.06295410e+03, 5.56563049e+02, 1.18566711e+03, 4.61425995e+02,
    1.15221716e+03, 4.76961792e+02, 1.11874963e+03, 4.92675690e+02,
    1.08487390e+03, 5.08263550e+02, 1.05080688e+03, 5.24097351e+02,
    1.17521362e+03, 4.27537079e+02, 1.14121570e+03, 4.43166382e+02,
    1.10716003e+03, 4.59053650e+02, 1.07274768e+03, 4.74769714e+02,
    1.03819873e+03, 4.90738953e+02 ]
