%YAML:1.0
points: [ 1.92427872e+02, 1.61462936e+02, 1.87017853e+02, 1.55210007e+02,
    1.81502090e+02, 1.49017761e+02, 1.76349548e+02, 1.42984146e+02,
    1.71204758e+02, 1.37005661e+02, 1.97904251e+02, 1.53458786e+02,
    1.92299393e+02, 1.47177032e+02, 1.86750809e+02, 1.41028442e+02,
    1.81452942e+02, 1.35022644e+02, 1.76223801e+02, 1.29139893e+02,
    2.03478851e+02, 1.45262039e+02, 1.97648880e+02, 1.39010544e+02,
    1.92164276e+02, 1.32947189e+02, 1.86638382e+02, 1.26916504e+02,
    1.81290573e+02, 1.21049820e+02, 2.09100296e+02, 1.36941238e+02,
    2.03077148e+02, 1.30605194e+02, 1.97598663e+02, 1.24634956e+02,
    1.91963669e+02, 1.18620132e+02, 1.86458176e+02, 1.12793221e+02,
    2.14825195e+02, 1.28419189e+02, 2.08689911e+02, 1.22171135e+02,
    2.03056458e+02, 1.16169502e+02, 1.97397980e+02, 1.10251663e+02,
    1.91686478e+02, 1.04369568e+02, 2.20728333e+02, 1.19729919e+02,
    2.14454376e+02, 1.13461365e+02, 2.08602264e+02, 1.07456657e+02,
    2.02841995e+02, 1.01616859e+02, 1.97071564e+02, 9.58105087e+01,
    2.26673645e+02, 1.10796051e+02, 2.20277130e+02, 1.04584885e+02,
    2.14292953e+02, 9.86447601e+01, 2.08334335e+02, 9.28279343e+01,
    2.02407944e+02, 8.70159454e+01 ]
