%YAML:1.0
points: [ 4.45254333e+02, 6.55548172e+01, 4.40345367e+02, 7.86722031e+01,
    4.35515289e+02, 9.15899200e+01, 4.30883362e+02, 1.04479881e+02,
    4.25916046e+02, 1.16834999e+02, 4.36422516e+02, 6.23415413e+01,
    4.31480438e+02, 7.57740326e+01, 4.26787750e+02, 8.90552750e+01,
    4.22183014e+02, 1.02115166e+02, 4.17227264e+02, 1.14812622e+02,
    4.27441132e+02, 5.90631599e+01, 4.22490845e+02, 7.28894806e+01,
    4.17804535e+02, 8.63634033e+01, 4.13226501e+02, 9.97625732e+01,
    4.08181702e+02, 1.12753944e+02, 4.18129211e+02, 5.56632004e+01,
    4.13238342e+02, 6.97925034e+01, 4.08370056e+02, 8.36787415e+01,
    4.03847961e+02, 9.73838425e+01, 3.98751556e+02, 1.10632523e+02,
    4.08427887e+02, 5.23999786e+01, 4.03606567e+02, 6.67109528e+01,
    3.98733124e+02, 8.09314041e+01, 3.94025116e+02, 9.49043274e+01,
    3.89109741e+02, 1.08454720e+02, 3.98252655e+02, 4.88910866e+01,
    3.93550110e+02, 6.35955353e+01, 3.88799103e+02, 7.82002335e+01,
    3.83839935e+02, 9.23696442e+01, 3.79111938e+02, 1.06276604e+02,
    3.87903442e+02, 4.52552795e+01, 3.83053009e+02, 6.03551254e+01,
    3.78339905e+02, 7.52860870e+01, 3.73462952e+02, 8.97803421e+01,
    3.68755157e+02, 1.04029289e+02 ]
