%YAML:1.0
points: [ 7.36796509e+02, 4.72856659e+02, 7.20569092e+02, 4.56480957e+02,
    7.04440918e+02, 4.40496796e+02, 6.89101440e+02, 4.24868195e+02,
    6.73874329e+02, 4.09637787e+02, 7.49578369e+02, 4.48904358e+02,
    7.32940308e+02, 4.32578094e+02, 7.16560608e+02, 4.16868256e+02,
    7.01006775e+02, 4.01365021e+02, 6.85530579e+02, 3.86143402e+02,
    7.62651062e+02, 4.24421661e+02, 7.45389038e+02, 4.08315979e+02,
    7.29116333e+02, 3.92593842e+02, 7.13016602e+02, 3.77367249e+02,
    6.97249268e+02, 3.62288147e+02, 7.75875488e+02, 3.99486206e+02,
    7.58130615e+02, 3.83631989e+02, 7.41787537e+02, 3.67971008e+02,
    7.25325012e+02, 3.52869629e+02, 7.09137878e+02, 3.37993591e+02,
    7.89236938e+02, 3.74167328e+02, 7.71322083e+02, 3.58432587e+02,
    7.54544006e+02, 3.43002289e+02, 7.37816101e+02, 3.27902008e+02,
    7.21222046e+02, 3.13224487e+02, 8.02988647e+02, 3.48308105e+02,
    7.84716553e+02, 3.32712860e+02, 7.67468079e+02, 3.17507172e+02,
    7.50441711e+02, 3.02486877e+02, 7.33516296e+02, 2.88025208e+02,
    8.16910400e+02, 3.21950592e+02, 7.98299255e+02, 3.06506439e+02,
    7.80604980e+02, 2.91419769e+02, 7.63057007e+02, 2.76571655e+02,
    7.45857361e+02, 2.62127014e+02 ]
