%YAML:1.0
points: [ 1.19679041e+03, 6.45549500e+02, 1.16375745e+03, 6.51988892e+02,
    1.13056812e+03, 6.58817871e+02, 1.09735083e+03, 6.66099304e+02,
    1.06370142e+03, 6.72543701e+02, 1.19726001e+03, 6.17500183e+02,
    1.16374927e+03, 6.24128052e+02, 1.13000549e+03, 6.31183289e+02,
    1.09626147e+03, 6.38494812e+02, 1.06201282e+03, 6.45031494e+02,
    1.19800769e+03, 5.88782593e+02, 1.16382397e+03, 5.95437439e+02,
    1.12952563e+03, 6.02442505e+02, 1.09518164e+03, 6.09925049e+02,
    1.06027478e+03, 6.16494385e+02, 1.19867773e+03, 5.58970825e+02,
    1.16391699e+03, 5.65803650e+02, 1.12903223e+03, 5.72697632e+02,
    1.09403857e+03, 5.80396301e+02, 1.05846509e+03, 5.86893799e+02,
    1.19938977e+03, 5.28190002e+02, 1.16401013e+03, 5.35130371e+02,
    1.12855432e+03, 5.42113892e+02, 1.09281274e+03, 5.49447144e+02,
    1.05660254e+03, 5.56243835e+02, 1.20016223e+03, 4.96187317e+02,
    1.16411804e+03, 5.03174286e+02, 1.12801440e+03, 5.10453339e+02,
    1.09146899e+03, 5.17368530e+02, 1.05460791e+03, 5.24452026e+02,
    1.20108215e+03, 4.63005432e+02, 1.16428528e+03, 4.70016479e+02,
    1.12743799e+03, 4.77272278e+02, 1.09003955e+03, 4.84255798e+02,
    1.05257544e+03, 4.91424866e+02 ]
