%YAML:1.0
points: [ 1.92824829e+02, 1.79790253e+02, 1.87003159e+02, 1.74114548e+02,
    1.81124023e+02, 1.68475861e+02, 1.75587662e+02, 1.63086609e+02,
    1.70105240e+02, 1.57744644e+02, 1.97383301e+02, 1.71431366e+02,
    1.91405762e+02, 1.65803131e+02, 1.85469620e+02, 1.60234375e+02,
    1.79844604e+02, 1.54827698e+02, 1.74256958e+02, 1.49556732e+02,
    2.02066010e+02, 1.62920639e+02, 1.95884689e+02, 1.57268890e+02,
    1.90039948e+02, 1.51856277e+02, 1.84175095e+02, 1.46421539e+02,
    1.78438171e+02, 1.41225677e+02, 2.06790085e+02, 1.54269638e+02,
    2.00380142e+02, 1.48607269e+02, 1.94555832e+02, 1.43281326e+02,
    1.88531769e+02, 1.37948669e+02, 1.82702057e+02, 1.32734375e+02,
    2.11594650e+02, 1.45382721e+02, 2.05071426e+02, 1.39863068e+02,
    1.99104843e+02, 1.34515396e+02, 1.93085297e+02, 1.29263931e+02,
    1.87047806e+02, 1.24084862e+02, 2.16519760e+02, 1.36386887e+02,
    2.09832214e+02, 1.30898941e+02, 2.03672470e+02, 1.25554550e+02,
    1.97580765e+02, 1.20356911e+02, 1.91452850e+02, 1.15237518e+02,
    2.21502579e+02, 1.27128731e+02, 2.14685257e+02, 1.21670090e+02,
    2.08418015e+02, 1.16423653e+02, 2.02134140e+02, 1.11284645e+02,
    1.95881668e+02, 1.06199326e+02 ]
