%YAML:1.0
points: [ 4.83604919e+02, 1.11266243e+02, 4.74463531e+02, 1.25250679e+02,
    4.65610291e+02, 1.38790649e+02, 4.57135712e+02, 1.51980515e+02,
    4.48509003e+02, 1.64373962e+02, 4.72169403e+02, 1.07290649e+02,
    4.63052795e+02, 1.21629524e+02, 4.54296600e+02, 1.35559219e+02,
    4.45892975e+02, 1.48970200e+02, 4.37228546e+02, 1.61770325e+02,
    4.60425446e+02, 1.03260864e+02, 4.51407684e+02, 1.17933640e+02,
    4.42615173e+02, 1.32173859e+02, 4.34141388e+02, 1.46050613e+02,
    4.25569305e+02, 1.59021332e+02, 4.48248932e+02, 9.89994812e+01,
    4.39143036e+02, 1.14225311e+02, 4.30264130e+02, 1.28794556e+02,
    4.22008331e+02, 1.43033203e+02, 4.13499512e+02, 1.56214386e+02,
    4.35416809e+02, 9.49508514e+01, 4.26427795e+02, 1.10497559e+02,
    4.17677399e+02, 1.25434341e+02, 4.09362732e+02, 1.39836136e+02,
    4.01055573e+02, 1.53385284e+02, 4.22210876e+02, 9.06685257e+01,
    4.13270599e+02, 1.06675568e+02, 4.04759247e+02, 1.22062889e+02,
    3.96334747e+02, 1.36587097e+02, 3.88317291e+02, 1.50612015e+02,
    4.08413666e+02, 8.64219971e+01, 3.99572449e+02, 1.02834145e+02,
    3.91233856e+02, 1.18498573e+02, 3.82939789e+02, 1.33410416e+02,
    3.75160065e+02, 1.47722900e+02 ]
