%YAML:1.0
points: [ 1.16585559e+03, 6.53507141e+02, 1.13305725e+03, 6.54802368e+02,
    1.10004272e+03, 6.56652466e+02, 1.06682800e+03, 6.58802795e+02,
    1.03326526e+03, 6.60043945e+02, 1.17179285e+03, 6.28206299e+02,
    1.13843811e+03, 6.29716614e+02, 1.10483557e+03, 6.31553711e+02,
    1.07097339e+03, 6.33677002e+02, 1.03677209e+03, 6.34938660e+02,
    1.17815356e+03, 6.02295959e+02, 1.14409937e+03, 6.03665100e+02,
    1.10981079e+03, 6.05376465e+02, 1.07535388e+03, 6.07614624e+02,
    1.04042053e+03, 6.08748901e+02, 1.18470349e+03, 5.75125977e+02,
    1.15001123e+03, 5.76646606e+02, 1.11507080e+03, 5.78176819e+02,
    1.07984277e+03, 5.80458496e+02, 1.04416528e+03, 5.81462036e+02,
    1.19161658e+03, 5.46974915e+02, 1.15612817e+03, 5.48519287e+02,
    1.12052771e+03, 5.50023499e+02, 1.08451086e+03, 5.51807312e+02,
    1.04803040e+03, 5.53038330e+02, 1.19881641e+03, 5.17606445e+02,
    1.16256897e+03, 5.19042847e+02, 1.12618347e+03, 5.20734924e+02,
    1.08935840e+03, 5.21970032e+02, 1.05213794e+03, 5.23363586e+02,
    1.20632568e+03, 4.87053436e+02, 1.16935010e+03, 4.88291565e+02,
    1.13210193e+03, 4.89897949e+02, 1.09438989e+03, 4.91008331e+02,
    1.05644922e+03, 4.92325867e+02 ]
