%YAML:1.0
points: [ 1.99292404e+02, 1.83722290e+02, 1.92222687e+02, 1.77766830e+02,
    1.85197617e+02, 1.71851364e+02, 1.78490524e+02, 1.66155579e+02,
    1.71822952e+02, 1.60458420e+02, 2.04431854e+02, 1.74860977e+02,
    1.97215347e+02, 1.68917282e+02, 1.90072968e+02, 1.63050079e+02,
    1.83264816e+02, 1.57333557e+02, 1.76520538e+02, 1.51726852e+02,
    2.09645462e+02, 1.65745224e+02, 2.02227707e+02, 1.59829407e+02,
    1.95161346e+02, 1.54092712e+02, 1.88119736e+02, 1.48366501e+02,
    1.81253113e+02, 1.42820694e+02, 2.14929504e+02, 1.56507126e+02,
    2.07335266e+02, 1.50617172e+02, 2.00253860e+02, 1.44963211e+02,
    1.93024872e+02, 1.39310883e+02, 1.86064621e+02, 1.33773987e+02,
    2.20306442e+02, 1.47144363e+02, 2.12617661e+02, 1.41290329e+02,
    2.05360214e+02, 1.35613419e+02, 1.98093353e+02, 1.30072418e+02,
    1.90912018e+02, 1.24562241e+02, 2.25750473e+02, 1.37545380e+02,
    2.17929443e+02, 1.31755371e+02, 2.10536118e+02, 1.26147446e+02,
    2.03185974e+02, 1.20613686e+02, 1.95881165e+02, 1.15157722e+02,
    2.31293518e+02, 1.27798157e+02, 2.23382782e+02, 1.22057396e+02,
    2.15776520e+02, 1.16480225e+02, 2.08303284e+02, 1.10963539e+02,
    2.00844299e+02, 1.05553024e+02 ]
