%YAML:1.0
points: [ 4.21419983e+02, 1.09292915e+02, 4.13848511e+02, 1.23525597e+02,
    4.06656250e+02, 1.37190308e+02, 3.99809814e+02, 1.50336029e+02,
    3.93023987e+02, 1.62668549e+02, 4.06885071e+02, 1.05598503e+02,
    3.99562622e+02, 1.20034157e+02, 3.92667145e+02, 1.34007355e+02,
    3.86068176e+02, 1.47294235e+02, 3.79612885e+02, 1.59781647e+02,
    3.92180298e+02, 1.01926537e+02, 3.85157379e+02, 1.16660805e+02,
    3.78512604e+02, 1.30722244e+02, 3.72224304e+02, 1.44280472e+02,
    3.66015015e+02, 1.56884140e+02, 3.77209839e+02, 9.83387756e+01,
    3.70532440e+02, 1.13260017e+02, 3.64120483e+02, 1.27484100e+02,
    3.58187561e+02, 1.41257690e+02, 3.52270233e+02, 1.53949142e+02,
    3.62116852e+02, 9.47080231e+01, 3.55737091e+02, 1.09828568e+02,
    3.49717377e+02, 1.24311226e+02, 3.43951324e+02, 1.38148727e+02,
    3.38439545e+02, 1.51069611e+02, 3.46827209e+02, 9.10153198e+01,
    3.40756073e+02, 1.06476906e+02, 3.35066132e+02, 1.21207390e+02,
    3.29666382e+02, 1.34992371e+02, 3.24492828e+02, 1.48192078e+02,
    3.31274933e+02, 8.73653488e+01, 3.25671387e+02, 1.02966400e+02,
    3.20334076e+02, 1.17879707e+02, 3.15215546e+02, 1.31889832e+02,
    3.10401306e+02, 1.45266418e+02 ]
