%YAML:1.0
points: [ 7.52591187e+02, 4.84184052e+02, 7.32890564e+02, 4.66996124e+02,
    7.13386902e+02, 4.50140167e+02, 6.94536438e+02, 4.33700714e+02,
    6.75933655e+02, 4.17526581e+02, 7.67068848e+02, 4.58629913e+02,
    7.46900513e+02, 4.41415558e+02, 7.27034790e+02, 4.24815094e+02,
    7.08037415e+02, 4.08527313e+02, 6.89158630e+02, 3.92418579e+02,
    7.81778809e+02, 4.32546295e+02, 7.61065063e+02, 4.15522186e+02,
    7.41233887e+02, 3.98936249e+02, 7.21708862e+02, 3.82825989e+02,
    7.02518738e+02, 3.66882202e+02, 7.96644653e+02, 4.06019470e+02,
    7.75367737e+02, 3.89254974e+02, 7.55544067e+02, 3.72712036e+02,
    7.35624023e+02, 3.56708740e+02, 7.15950867e+02, 3.40914490e+02,
    8.11630676e+02, 3.79052734e+02, 7.90163940e+02, 3.62438812e+02,
    7.69911804e+02, 3.46147583e+02, 7.49659668e+02, 3.30179993e+02,
    7.29689697e+02, 3.14526825e+02, 8.26990417e+02, 3.51610718e+02,
    8.05250549e+02, 3.35143585e+02, 7.84453674e+02, 3.19051086e+02,
    7.63937622e+02, 3.03157928e+02, 7.43572632e+02, 2.87725220e+02,
    8.42571045e+02, 3.23728546e+02, 8.20476990e+02, 3.07451172e+02,
    7.99217590e+02, 2.91490570e+02, 7.78189331e+02, 2.75756592e+02,
    7.57539062e+02, 2.60310394e+02 ]
