%YAML:1.0
points: [ 7.78947021e+02, 4.96352844e+02, 7.55624512e+02, 4.78386108e+02,
    7.32414978e+02, 4.60758972e+02, 7.09958557e+02, 4.43425690e+02,
    6.87693542e+02, 4.26327454e+02, 7.95003723e+02, 4.68959656e+02,
    7.71244446e+02, 4.51001526e+02, 7.47745544e+02, 4.33650177e+02,
    7.25073120e+02, 4.16404541e+02, 7.02558777e+02, 3.99324982e+02,
    8.11312256e+02, 4.41087952e+02, 7.87010803e+02, 4.23336609e+02,
    7.63548462e+02, 4.05938660e+02, 7.40410706e+02, 3.88912292e+02,
    7.17554382e+02, 3.71984894e+02, 8.27735840e+02, 4.12923462e+02,
    8.02989441e+02, 3.95346771e+02, 7.79443481e+02, 3.77929443e+02,
    7.55893005e+02, 3.61006378e+02, 7.32638733e+02, 3.44289978e+02,
    8.44310730e+02, 3.84300446e+02, 8.19417603e+02, 3.66795929e+02,
    7.95447632e+02, 3.49631165e+02, 7.71601746e+02, 3.32778168e+02,
    7.47983276e+02, 3.16115112e+02, 8.61259155e+02, 3.55266022e+02,
    8.36040222e+02, 3.37907196e+02, 8.11643616e+02, 3.20879395e+02,
    7.87498230e+02, 3.04012634e+02, 7.63573853e+02, 2.87542603e+02,
    8.78457153e+02, 3.25755707e+02, 8.52864624e+02, 3.08483612e+02,
    8.28021851e+02, 2.91651611e+02, 8.03375183e+02, 2.74923615e+02,
    7.79136902e+02, 2.58449005e+02 ]
