%YAML:1.0
points: [ 2.09509308e+02, 1.87991440e+02, 2.01171234e+02, 1.81732697e+02,
    1.92903351e+02, 1.75565735e+02, 1.84933121e+02, 1.69539200e+02,
    1.76982864e+02, 1.63570190e+02, 2.15171219e+02, 1.78456650e+02,
    2.06738785e+02, 1.72222931e+02, 1.98360855e+02, 1.66119263e+02,
    1.90265503e+02, 1.60102219e+02, 1.82243240e+02, 1.54179657e+02,
    2.20944901e+02, 1.68765076e+02, 2.12296860e+02, 1.62582352e+02,
    2.03982468e+02, 1.56511414e+02, 1.95708786e+02, 1.50515152e+02,
    1.87569260e+02, 1.44623520e+02, 2.26750977e+02, 1.58948410e+02,
    2.17952271e+02, 1.52763168e+02, 2.09594467e+02, 1.46766785e+02,
    2.01205536e+02, 1.40788620e+02, 1.92938385e+02, 1.34938553e+02,
    2.32630569e+02, 1.48963226e+02, 2.23759415e+02, 1.42814087e+02,
    2.15251450e+02, 1.36852585e+02, 2.06784500e+02, 1.30931015e+02,
    1.98358536e+02, 1.25090088e+02, 2.38610199e+02, 1.38817551e+02,
    2.29622620e+02, 1.32733871e+02, 2.20995667e+02, 1.26775009e+02,
    2.12387131e+02, 1.20875885e+02, 2.03902283e+02, 1.15074181e+02,
    2.44724426e+02, 1.28494522e+02, 2.35580536e+02, 1.22408630e+02,
    2.26835434e+02, 1.16536446e+02, 2.18090790e+02, 1.10674316e+02,
    2.09395523e+02, 1.04880554e+02 ]
