%YAML:1.0
points: [ 9.57082703e+02, 6.01037842e+02, 9.30648132e+02, 5.97935547e+02,
    9.04737793e+02, 5.95133423e+02, 8.79255249e+02, 5.92682556e+02,
    8.54545532e+02, 5.89604187e+02, 9.52332397e+02, 5.78215515e+02,
    9.25506775e+02, 5.75257629e+02, 8.99166199e+02, 5.72907898e+02,
    8.73261353e+02, 5.70622253e+02, 8.48134399e+02, 5.67759460e+02,
    9.47280029e+02, 5.54769287e+02, 9.20079895e+02, 5.52185486e+02,
    8.93405884e+02, 5.49861877e+02, 8.67056946e+02, 5.47931274e+02,
    8.41607849e+02, 5.45258789e+02, 9.42033386e+02, 5.30639038e+02,
    9.14426880e+02, 5.28336548e+02, 8.87376404e+02, 5.26105774e+02,
    8.60593628e+02, 5.24643494e+02, 8.34970520e+02, 5.21991638e+02,
    9.36716797e+02, 5.05621643e+02, 9.08555969e+02, 5.03767914e+02,
    8.81023132e+02, 5.01734863e+02, 8.53986389e+02, 5.00129974e+02,
    8.27936157e+02, 4.98103149e+02, 9.31018555e+02, 4.79763641e+02,
    9.02450378e+02, 4.78202820e+02, 8.74441223e+02, 4.76790985e+02,
    8.47158997e+02, 4.74890076e+02, 8.20578491e+02, 4.73398254e+02,
    9.25063293e+02, 4.53143585e+02, 8.96153687e+02, 4.51738739e+02,
    8.67726624e+02, 4.50559814e+02, 8.40131104e+02, 4.49042908e+02,
    8.12992615e+02, 4.47763000e+02 ]
