%YAML:1.0
points: [ 3.21482178e+02, 1.61531296e+02, 3.18287018e+02, 1.71635620e+02,
    3.15226105e+02, 1.81218689e+02, 3.12311981e+02, 1.90411392e+02,
    3.09651062e+02, 1.98737228e+02, 3.07438263e+02, 1.57582779e+02,
    3.04617126e+02, 1.67790802e+02, 3.01946381e+02, 1.77532288e+02,
    2.99428864e+02, 1.86791504e+02, 2.97128876e+02, 1.95219193e+02,
    2.93457428e+02, 1.53786469e+02, 2.91125000e+02, 1.64070755e+02,
    2.88861603e+02, 1.73842438e+02, 2.86676605e+02, 1.83248596e+02,
    2.84753571e+02, 1.91719025e+02, 2.79701324e+02, 1.50030762e+02,
    2.77733032e+02, 1.60408371e+02, 2.75890717e+02, 1.70219284e+02,
    2.74069275e+02, 1.79769958e+02, 2.72520203e+02, 1.88245758e+02,
    2.66038544e+02, 1.46308777e+02, 2.64440338e+02, 1.56838501e+02,
    2.62987457e+02, 1.66743027e+02, 2.61596283e+02, 1.76189163e+02,
    2.60358643e+02, 1.84818207e+02, 2.52444275e+02, 1.42628159e+02,
    2.51315582e+02, 1.53231430e+02, 2.50172333e+02, 1.63307205e+02,
    2.49224625e+02, 1.72630463e+02, 2.48296677e+02, 1.81501144e+02,
    2.39005814e+02, 1.39062820e+02, 2.38261276e+02, 1.49684875e+02,
    2.37558060e+02, 1.59833862e+02, 2.36909454e+02, 1.69135925e+02,
    2.36301605e+02, 1.78160431e+02 ]
