%YAML:1.0
points: [ 2.11397995e+02, 1.45987000e+02, 2.04096207e+02, 1.38176407e+02,
    1.96789444e+02, 1.30449722e+02, 1.89747208e+02, 1.22887161e+02,
    1.82733185e+02, 1.15434471e+02, 2.19174454e+02, 1.37358673e+02,
    2.11746201e+02, 1.29537704e+02, 2.04323715e+02, 1.21802528e+02,
    1.97191101e+02, 1.14278061e+02, 1.90099686e+02, 1.06832275e+02,
    2.27060562e+02, 1.28575958e+02, 2.19411499e+02, 1.20714607e+02,
    2.12070114e+02, 1.13085114e+02, 2.04743439e+02, 1.05538429e+02,
    1.97514420e+02, 9.80389328e+01, 2.35022919e+02, 1.19646515e+02,
    2.27224136e+02, 1.11749931e+02, 2.19865067e+02, 1.04206535e+02,
    2.12371033e+02, 9.66410446e+01, 2.05088516e+02, 8.91737213e+01,
    2.43080231e+02, 1.10576981e+02, 2.35219116e+02, 1.02718536e+02,
    2.27695847e+02, 9.51467133e+01, 2.20153763e+02, 8.76397095e+01,
    2.12677704e+02, 8.01569824e+01, 2.51272446e+02, 1.01388580e+02,
    2.43296463e+02, 9.35745850e+01, 2.35616745e+02, 8.59613647e+01,
    2.28002151e+02, 7.85168381e+01, 2.20415100e+02, 7.09828491e+01,
    2.59627716e+02, 9.19896927e+01, 2.51521118e+02, 8.41804123e+01,
    2.43711227e+02, 7.66736374e+01, 2.35896729e+02, 6.91433487e+01,
    2.28158844e+02, 6.16818352e+01 ]
