%YAML:1.0
points: [ 7.83533936e+02, 3.75927643e+02, 7.63050659e+02, 3.53594666e+02,
    7.42617310e+02, 3.31493683e+02, 7.22814087e+02, 3.09848419e+02,
    7.03070068e+02, 2.88443146e+02, 8.05601196e+02, 3.51113281e+02,
    7.84698914e+02, 3.28732544e+02, 7.63999634e+02, 3.06837677e+02,
    7.43936890e+02, 2.85288116e+02, 7.23999573e+02, 2.63852020e+02,
    8.27940674e+02, 3.25934601e+02, 8.06522217e+02, 3.03550079e+02,
    7.85873901e+02, 2.81670959e+02, 7.65343628e+02, 2.60205170e+02,
    7.45080444e+02, 2.38838806e+02, 8.50474609e+02, 3.00434326e+02,
    8.28658691e+02, 2.78092377e+02, 8.07866150e+02, 2.56326508e+02,
    7.86987915e+02, 2.34762131e+02, 7.66329773e+02, 2.13455826e+02,
    8.73319214e+02, 2.74575104e+02, 8.51225891e+02, 2.52245438e+02,
    8.30060242e+02, 2.30566818e+02, 8.08874207e+02, 2.09032715e+02,
    7.87903076e+02, 1.87669907e+02, 8.96470093e+02, 2.48408905e+02,
    8.74164551e+02, 2.26113602e+02, 8.52547607e+02, 2.04405930e+02,
    8.31085205e+02, 1.82875778e+02, 8.09773438e+02, 1.61596100e+02,
    9.19999207e+02, 2.21751328e+02, 8.97290222e+02, 1.99475037e+02,
    8.75272400e+02, 1.77813904e+02, 8.53387817e+02, 1.56254410e+02,
    8.31788269e+02, 1.34935425e+02 ]
