%YAML:1.0
points: [ 9.35720703e+02, 5.97174866e+02, 9.10802673e+02, 5.87668091e+02,
    8.86532715e+02, 5.78864197e+02, 8.62304138e+02, 5.70461914e+02,
    8.38775696e+02, 5.61264282e+02, 9.34290955e+02, 5.80467590e+02,
    9.09112488e+02, 5.71088806e+02, 8.83977722e+02, 5.62290894e+02,
    8.59262695e+02, 5.53853210e+02, 8.35276550e+02, 5.44719421e+02,
    9.32771606e+02, 5.63193970e+02, 9.06940186e+02, 5.53878418e+02,
    8.81459229e+02, 5.44985046e+02, 8.56066162e+02, 5.36626953e+02,
    8.31502563e+02, 5.27338745e+02, 9.30995850e+02, 5.45179382e+02,
    9.04573547e+02, 5.35993713e+02, 8.78574158e+02, 5.26868103e+02,
    8.52522217e+02, 5.18669189e+02, 8.27800720e+02, 5.09331940e+02,
    9.29417236e+02, 5.26523743e+02, 9.02196960e+02, 5.17398071e+02,
    8.75562927e+02, 5.08236908e+02, 8.49176147e+02, 4.99617371e+02,
    8.23760193e+02, 4.90511230e+02, 9.27465088e+02, 5.06934845e+02,
    8.99597168e+02, 4.97775391e+02, 8.72209961e+02, 4.88959564e+02,
    8.45594360e+02, 4.79703400e+02, 8.19301453e+02, 4.70938080e+02,
    9.25309753e+02, 4.86513123e+02, 8.97039185e+02, 4.77235657e+02,
    8.69062500e+02, 4.68368439e+02, 8.41784241e+02, 4.59189789e+02,
    8.14837402e+02, 4.50410431e+02 ]
