%YAML:1.0
points: [ 3.13371521e+02, 1.25197342e+02, 3.09703552e+02, 1.37505203e+02,
    3.06170502e+02, 1.49247498e+02, 3.02751892e+02, 1.60408142e+02,
    2.99683350e+02, 1.70726883e+02, 2.99266693e+02, 1.20389343e+02,
    2.96004211e+02, 1.32838791e+02, 2.92776215e+02, 1.44714127e+02,
    2.89769287e+02, 1.55959778e+02, 2.87050140e+02, 1.66353073e+02,
    2.85240570e+02, 1.15859886e+02, 2.82346863e+02, 1.28364395e+02,
    2.79635773e+02, 1.40258743e+02, 2.76924286e+02, 1.51588974e+02,
    2.74616364e+02, 1.62101166e+02, 2.71388123e+02, 1.11284065e+02,
    2.68947052e+02, 1.23864365e+02, 2.66605011e+02, 1.35803909e+02,
    2.64257568e+02, 1.47312302e+02, 2.62264893e+02, 1.57797592e+02,
    2.57696472e+02, 1.06801620e+02, 2.55636200e+02, 1.19518394e+02,
    2.53665543e+02, 1.31552155e+02, 2.51731049e+02, 1.42970795e+02,
    2.49993790e+02, 1.53545227e+02, 2.44191696e+02, 1.02359947e+02,
    2.42458389e+02, 1.15127205e+02, 2.40807663e+02, 1.27336235e+02,
    2.39389328e+02, 1.38644135e+02, 2.37909210e+02, 1.49407730e+02,
    2.30726654e+02, 9.80371475e+01, 2.29441849e+02, 1.10805176e+02,
    2.28114594e+02, 1.22995285e+02, 2.26996124e+02, 1.34387039e+02,
    2.25896011e+02, 1.45319534e+02 ]
