%YAML:1.0
points: [ 2.86983887e+02, 1.44917435e+02, 2.82016815e+02, 1.53448929e+02,
    2.77262695e+02, 1.61567795e+02, 2.72675964e+02, 1.69306076e+02,
    2.68574005e+02, 1.76352295e+02, 2.75446747e+02, 1.36967957e+02,
    2.70726074e+02, 1.45788589e+02, 2.66270996e+02, 1.54200089e+02,
    2.62014923e+02, 1.62182907e+02, 2.58220398e+02, 1.69428284e+02,
    2.63743378e+02, 1.29135513e+02, 2.59476349e+02, 1.38219223e+02,
    2.55355698e+02, 1.46821930e+02, 2.51350128e+02, 1.55075317e+02,
    2.47895950e+02, 1.62503342e+02, 2.52121490e+02, 1.21291016e+02,
    2.48141983e+02, 1.30649811e+02, 2.44406250e+02, 1.39446915e+02,
    2.40704269e+02, 1.48012054e+02, 2.37531479e+02, 1.55544724e+02,
    2.40504959e+02, 1.13498642e+02, 2.36812393e+02, 1.23102295e+02,
    2.33399918e+02, 1.32192184e+02, 2.30116592e+02, 1.40785324e+02,
    2.27188385e+02, 1.48653030e+02, 2.28807297e+02, 1.05693375e+02,
    2.25537125e+02, 1.15568764e+02, 2.22342941e+02, 1.24928032e+02,
    2.19506332e+02, 1.33583344e+02, 2.16834778e+02, 1.41798431e+02,
    2.17090973e+02, 9.79133987e+01, 2.14205673e+02, 1.08008949e+02,
    2.11381348e+02, 1.17623138e+02, 2.08897171e+02, 1.26453568e+02,
    2.06418167e+02, 1.34925949e+02 ]
