%YAML:1.0
points: [ 8.64498535e+02, 3.78269836e+02, 8.33955627e+02, 3.72455414e+02,
    8.03751221e+02, 3.66772858e+02, 7.74507751e+02, 3.61226593e+02,
    7.45622437e+02, 3.55743073e+02, 8.71979309e+02, 3.44532074e+02,
    8.41214600e+02, 3.39002075e+02, 8.11072205e+02, 3.33651520e+02,
    7.81632751e+02, 3.28409271e+02, 7.52643982e+02, 3.23199402e+02,
    8.79543213e+02, 3.10507050e+02, 8.48473999e+02, 3.05262177e+02,
    8.18344604e+02, 3.00302460e+02, 7.88768616e+02, 2.95367767e+02,
    7.59611938e+02, 2.90456879e+02, 8.86981506e+02, 2.76403351e+02,
    8.55765381e+02, 2.71421143e+02, 8.25696838e+02, 2.66892944e+02,
    7.95905029e+02, 2.62146606e+02, 7.66562134e+02, 2.57546570e+02,
    8.94500793e+02, 2.42196365e+02, 8.63223022e+02, 2.37455795e+02,
    8.32955261e+02, 2.33250183e+02, 8.02988281e+02, 2.28895081e+02,
    7.73520630e+02, 2.24498077e+02, 9.02072693e+02, 2.07753998e+02,
    8.70649658e+02, 2.03333313e+02, 8.40145630e+02, 1.99411041e+02,
    8.10165405e+02, 1.95420807e+02, 7.80534546e+02, 1.91348007e+02,
    9.09648499e+02, 1.73186172e+02, 8.78101196e+02, 1.69051804e+02,
    8.47424561e+02, 1.65453461e+02, 8.17142334e+02, 1.61679169e+02,
    7.87364990e+02, 1.57773499e+02 ]
