%YAML:1.0
points: [ 2.40074799e+02, 1.46853134e+02, 2.29230423e+02, 1.44832199e+02,
    2.18528961e+02, 1.42800934e+02, 2.08170532e+02, 1.40880142e+02,
    1.97922058e+02, 1.38930328e+02, 2.42669357e+02, 1.35018494e+02,
    2.31769821e+02, 1.33118958e+02, 2.21063431e+02, 1.31204498e+02,
    2.10614029e+02, 1.29392578e+02, 2.00362549e+02, 1.27571434e+02,
    2.45295166e+02, 1.23137779e+02, 2.34277649e+02, 1.21309013e+02,
    2.23607574e+02, 1.19587387e+02, 2.13105438e+02, 1.17811546e+02,
    2.02791672e+02, 1.16072174e+02, 2.47914124e+02, 1.11191132e+02,
    2.36813812e+02, 1.09430679e+02, 2.26191803e+02, 1.07859016e+02,
    2.15562836e+02, 1.06227646e+02, 2.05204224e+02, 1.04617439e+02,
    2.50575974e+02, 9.91668167e+01, 2.39414536e+02, 9.75528412e+01,
    2.28715591e+02, 9.60701141e+01, 2.18096893e+02, 9.45856171e+01,
    2.07609756e+02, 9.30070267e+01, 2.53211395e+02, 8.71227722e+01,
    2.42051971e+02, 8.56138229e+01, 2.31231415e+02, 8.42463760e+01,
    2.20584900e+02, 8.28486023e+01, 2.10094345e+02, 8.14860916e+01,
    2.55867264e+02, 7.50109406e+01, 2.44662598e+02, 7.36002884e+01,
    2.33777237e+02, 7.23801270e+01, 2.23072784e+02, 7.10460892e+01,
    2.12460693e+02, 6.97128448e+01 ]
