%YAML:1.0
points: [ 9.36332947e+02, 5.09556458e+02, 9.09467407e+02, 4.97740662e+02,
    8.83029053e+02, 4.86487183e+02, 8.56742737e+02, 4.75617676e+02,
    8.31220032e+02, 4.64243805e+02, 9.39760925e+02, 4.85882324e+02,
    9.12375488e+02, 4.74174530e+02, 8.85249329e+02, 4.63034668e+02,
    8.58379639e+02, 4.52159058e+02, 8.32263794e+02, 4.40738373e+02,
    9.43272278e+02, 4.61534332e+02, 9.15204224e+02, 4.49764587e+02,
    8.87531616e+02, 4.38471680e+02, 8.59954529e+02, 4.27692047e+02,
    8.33348633e+02, 4.16215088e+02, 9.46802551e+02, 4.36040497e+02,
    9.18102173e+02, 4.24422455e+02, 8.89830505e+02, 4.12965851e+02,
    8.61576355e+02, 4.02301208e+02, 8.34562500e+02, 3.90741882e+02,
    9.50543457e+02, 4.09567047e+02, 9.21106873e+02, 3.98022766e+02,
    8.92081238e+02, 3.86540741e+02, 8.63369385e+02, 3.75516052e+02,
    8.35694641e+02, 3.64229797e+02, 9.54366638e+02, 3.81913544e+02,
    9.24177917e+02, 3.70410431e+02, 8.94397583e+02, 3.59134735e+02,
    8.65322998e+02, 3.47581909e+02, 8.36676147e+02, 3.36490021e+02,
    9.58280090e+02, 3.53105927e+02, 9.27454773e+02, 3.41365662e+02,
    8.96941101e+02, 3.30024963e+02, 8.67237854e+02, 3.18639954e+02,
    8.37794983e+02, 3.07506989e+02 ]
