%YAML:1.0
points: [ 8.88598633e+02, 4.92834625e+02, 8.66982666e+02, 4.81233490e+02,
    8.45856323e+02, 4.70265747e+02, 8.24975891e+02, 4.59774750e+02,
    8.04875000e+02, 4.48825775e+02, 8.87945679e+02, 4.70750793e+02,
    8.65975830e+02, 4.59262054e+02, 8.44263367e+02, 4.48487976e+02,
    8.22935791e+02, 4.38010925e+02, 8.02433960e+02, 4.27110535e+02,
    8.87100525e+02, 4.47952209e+02, 8.64675842e+02, 4.36629425e+02,
    8.42588623e+02, 4.25794769e+02, 8.20725220e+02, 4.15584656e+02,
    7.99905212e+02, 4.04704803e+02, 8.86152893e+02, 4.24268005e+02,
    8.63180359e+02, 4.13156891e+02, 8.40721191e+02, 4.02205933e+02,
    8.18358887e+02, 3.92231903e+02, 7.97315674e+02, 3.81324280e+02,
    8.85228821e+02, 3.99688171e+02, 8.61744568e+02, 3.88791412e+02,
    8.38702576e+02, 3.77930298e+02, 8.16042114e+02, 3.67635315e+02,
    7.94524109e+02, 3.57182281e+02, 8.84089966e+02, 3.74078003e+02,
    8.60131958e+02, 3.63325409e+02, 8.36467102e+02, 3.52832123e+02,
    8.13710815e+02, 3.42122375e+02, 7.91441284e+02, 3.31973083e+02,
    8.82840454e+02, 3.47469086e+02, 8.58353577e+02, 3.36558685e+02,
    8.34366028e+02, 3.26222076e+02, 8.11133911e+02, 3.15785217e+02,
    7.88307739e+02, 3.05682251e+02 ]
