%YAML:1.0
points: [ 2.39683624e+02, 1.48879501e+02, 2.28879654e+02, 1.46958893e+02,
    2.18163559e+02, 1.45039413e+02, 2.07815445e+02, 1.43190002e+02,
    1.97541245e+02, 1.41378540e+02, 2.42151718e+02, 1.37038208e+02,
    2.31260620e+02, 1.35232925e+02, 2.20520157e+02, 1.33425583e+02,
    2.10123917e+02, 1.31708191e+02, 1.99886688e+02, 1.29994385e+02,
    2.44634628e+02, 1.25150444e+02, 2.33628937e+02, 1.23407715e+02,
    2.23027084e+02, 1.21800385e+02, 2.12445908e+02, 1.20151100e+02,
    2.02154236e+02, 1.18537766e+02, 2.47139511e+02, 1.13205299e+02,
    2.36052444e+02, 1.11526566e+02, 2.25410614e+02, 1.10081810e+02,
    2.14844254e+02, 1.08549194e+02, 2.04432709e+02, 1.07030609e+02,
    2.49639740e+02, 1.01173836e+02, 2.38507904e+02, 9.96495056e+01,
    2.27830887e+02, 9.82990341e+01, 2.17209869e+02, 9.68799973e+01,
    2.06742950e+02, 9.54646378e+01, 2.52178268e+02, 8.91067581e+01,
    2.41016907e+02, 8.77069550e+01, 2.30193100e+02, 8.64725723e+01,
    2.19551651e+02, 8.51656189e+01, 2.09089020e+02, 8.38666382e+01,
    2.54707169e+02, 7.69840851e+01, 2.43496521e+02, 7.56934738e+01,
    2.32618332e+02, 7.45782776e+01, 2.21924515e+02, 7.33902283e+01,
    2.11332184e+02, 7.21406555e+01 ]
