%YAML:1.0
points: [ 2.72600098e+02, 1.04531639e+02, 2.66854370e+02, 1.15733170e+02,
    2.61386444e+02, 1.26359863e+02, 2.56084412e+02, 1.36431900e+02,
    2.51294403e+02, 1.45796555e+02, 2.61635162e+02, 9.52475662e+01,
    2.56182129e+02, 1.06686951e+02, 2.50966690e+02, 1.17573730e+02,
    2.45966064e+02, 1.27860336e+02, 2.41467209e+02, 1.37445908e+02,
    2.50607254e+02, 8.60919037e+01, 2.45533051e+02, 9.77858582e+01,
    2.40635056e+02, 1.08870094e+02, 2.35883072e+02, 1.19372124e+02,
    2.31714401e+02, 1.29132355e+02, 2.39738052e+02, 7.70711212e+01,
    2.34931854e+02, 8.89648972e+01, 2.30388229e+02, 1.00229424e+02,
    2.25888809e+02, 1.10962196e+02, 2.22038162e+02, 1.20898323e+02,
    2.28894211e+02, 6.81434174e+01, 2.24395035e+02, 8.02653656e+01,
    2.20144836e+02, 9.16682587e+01, 2.16056076e+02, 1.02571220e+02,
    2.12367859e+02, 1.12721870e+02, 2.18163773e+02, 5.93424950e+01,
    2.13987259e+02, 7.16273270e+01, 2.09915451e+02, 8.32786026e+01,
    2.06256516e+02, 9.42513123e+01, 2.02783066e+02, 1.04654228e+02,
    2.07477859e+02, 5.06674118e+01, 2.03588333e+02, 6.30710182e+01,
    1.99856644e+02, 7.49259644e+01, 1.96483475e+02, 8.60251160e+01,
    1.93208405e+02, 9.66286545e+01 ]
