%YAML:1.0
points: [ 8.63046631e+02, 3.86403748e+02, 8.32526306e+02, 3.81007812e+02,
    8.02333008e+02, 3.75732178e+02, 7.73100159e+02, 3.70625336e+02,
    7.44222534e+02, 3.65587341e+02, 8.70004272e+02, 3.52705627e+02,
    8.39215454e+02, 3.47626190e+02, 8.09060852e+02, 3.42710815e+02,
    7.79725281e+02, 3.37928650e+02, 7.50736450e+02, 3.33111267e+02,
    8.76927124e+02, 3.18805481e+02, 8.45891235e+02, 3.14047058e+02,
    8.15844360e+02, 3.09487488e+02, 7.86285706e+02, 3.04988007e+02,
    7.57141663e+02, 3.00581848e+02, 8.83882874e+02, 2.84829498e+02,
    8.52636780e+02, 2.80347443e+02, 8.22568237e+02, 2.76226074e+02,
    7.92821838e+02, 2.71994446e+02, 7.63580566e+02, 2.67799103e+02,
    8.90742920e+02, 2.50685638e+02, 8.59442932e+02, 2.46464203e+02,
    8.29229614e+02, 2.42743622e+02, 7.99333984e+02, 2.38883896e+02,
    7.69876587e+02, 2.34901886e+02, 8.97683777e+02, 2.16403671e+02,
    8.66268372e+02, 2.12519974e+02, 8.35828979e+02, 2.08996490e+02,
    8.05882935e+02, 2.05525574e+02, 7.76279297e+02, 2.01855225e+02,
    9.04646362e+02, 1.81852722e+02, 8.73069397e+02, 1.78240311e+02,
    8.42449707e+02, 1.75189056e+02, 8.12252747e+02, 1.71935089e+02,
    7.82468018e+02, 1.68507706e+02 ]
