%YAML:1.0
points: [ 2.42481583e+02, 1.36073471e+02, 2.31621353e+02, 1.33539963e+02,
    2.20960663e+02, 1.30913635e+02, 2.10543121e+02, 1.28453598e+02,
    2.00281845e+02, 1.25942070e+02, 2.45774094e+02, 1.24319336e+02,
    2.34869995e+02, 1.21813370e+02, 2.24144623e+02, 1.19365158e+02,
    2.13696320e+02, 1.16958839e+02, 2.03395615e+02, 1.14632362e+02,
    2.49080811e+02, 1.12508179e+02, 2.38078400e+02, 1.10056244e+02,
    2.27389282e+02, 1.07782005e+02, 2.16861374e+02, 1.05493935e+02,
    2.06476730e+02, 1.03202072e+02, 2.52430573e+02, 1.00631790e+02,
    2.41310211e+02, 9.82374039e+01, 2.30644836e+02, 9.61225739e+01,
    2.20032639e+02, 9.38934021e+01, 2.09595261e+02, 9.17593155e+01,
    2.55749924e+02, 8.86932907e+01, 2.44628784e+02, 8.64456558e+01,
    2.33846680e+02, 8.44445190e+01, 2.23216461e+02, 8.23496094e+01,
    2.12713303e+02, 8.02212296e+01, 2.59111542e+02, 7.67096634e+01,
    2.47916061e+02, 7.45795822e+01, 2.37065002e+02, 7.26415176e+01,
    2.26404312e+02, 7.06781387e+01, 2.15876999e+02, 6.86987610e+01,
    2.62510498e+02, 6.46957550e+01, 2.51228149e+02, 6.26422234e+01,
    2.40345291e+02, 6.08140106e+01, 2.29572678e+02, 5.89178238e+01,
    2.18988449e+02, 5.69806023e+01 ]
