%YAML:1.0
points: [ 8.71098755e+02, 3.47494446e+02, 8.40574524e+02, 3.40073547e+02,
    8.10438904e+02, 3.32782684e+02, 7.81105652e+02, 3.25669891e+02,
    7.52161011e+02, 3.18653900e+02, 8.80629639e+02, 3.13878174e+02,
    8.49782104e+02, 3.06784363e+02, 8.19584656e+02, 2.99767944e+02,
    7.90205872e+02, 2.92940582e+02, 7.61109131e+02, 2.86227173e+02,
    8.90174438e+02, 2.80104706e+02, 8.59084412e+02, 2.73227356e+02,
    8.28894409e+02, 2.66608337e+02, 7.99236511e+02, 2.60074463e+02,
    7.70009583e+02, 2.53594528e+02, 8.99588013e+02, 2.46262985e+02,
    8.68358826e+02, 2.39495834e+02, 8.38157959e+02, 2.33383926e+02,
    8.08275818e+02, 2.27074509e+02, 7.78882812e+02, 2.20852432e+02,
    9.09032715e+02, 2.12216934e+02, 8.77734985e+02, 2.05750732e+02,
    8.47384216e+02, 1.99934097e+02, 8.17347412e+02, 1.93929703e+02,
    7.87756409e+02, 1.87854172e+02, 9.18596619e+02, 1.78005676e+02,
    8.87195801e+02, 1.71847763e+02, 8.56559265e+02, 1.66231384e+02,
    8.26448914e+02, 1.60571976e+02, 7.96708313e+02, 1.54884003e+02,
    9.28256165e+02, 1.43589539e+02, 8.96590881e+02, 1.37707306e+02,
    8.65785583e+02, 1.32457230e+02, 8.35380676e+02, 1.27046494e+02,
    8.05530396e+02, 1.21409454e+02 ]
