%YAML:1.0
points: [ 2.75666229e+02, 1.24594070e+02, 2.65145020e+02, 1.28235550e+02,
    2.55114868e+02, 1.31699402e+02, 2.45410904e+02, 1.35016617e+02,
    2.36500107e+02, 1.38005402e+02, 2.69978912e+02, 1.10894463e+02,
    2.59485321e+02, 1.14931862e+02, 2.49343277e+02, 1.18808945e+02,
    2.39739304e+02, 1.22555397e+02, 2.30813812e+02, 1.25868332e+02,
    2.64069061e+02, 9.68397751e+01, 2.53588348e+02, 1.01334427e+02,
    2.43501541e+02, 1.05600929e+02, 2.33843735e+02, 1.09781189e+02,
    2.24992538e+02, 1.13499535e+02, 2.58010132e+02, 8.25119934e+01,
    2.47552353e+02, 8.74402771e+01, 2.37486847e+02, 9.21314697e+01,
    2.27821335e+02, 9.67160263e+01, 2.19004608e+02, 1.00744919e+02,
    2.51766068e+02, 6.77234344e+01, 2.41243149e+02, 7.31491547e+01,
    2.31226929e+02, 7.83033447e+01, 2.21683350e+02, 8.32299118e+01,
    2.12872818e+02, 8.77495270e+01, 2.45322067e+02, 5.26109276e+01,
    2.34777847e+02, 5.85336304e+01, 2.24729416e+02, 6.41923828e+01,
    2.15391739e+02, 6.94586182e+01, 2.06507324e+02, 7.44644470e+01,
    2.38626144e+02, 3.72282944e+01, 2.28169144e+02, 4.35732002e+01,
    2.18164505e+02, 4.97117729e+01, 2.08962296e+02, 5.54244308e+01,
    2.00056549e+02, 6.08662376e+01 ]
