%YAML:1.0
points: [ 9.35462219e+02, 5.44415405e+02, 9.12690369e+02, 5.37668884e+02,
    8.90627502e+02, 5.31503723e+02, 8.68975281e+02, 5.25702209e+02,
    8.48192261e+02, 5.19368591e+02, 9.30342834e+02, 5.21651794e+02,
    9.07385498e+02, 5.15270691e+02, 8.84844910e+02, 5.09385132e+02,
    8.62826599e+02, 5.03777649e+02, 8.41771484e+02, 4.97703857e+02,
    9.24972961e+02, 4.98273743e+02, 9.01581421e+02, 4.92118042e+02,
    8.78822937e+02, 4.86392700e+02, 8.56450317e+02, 4.81241150e+02,
    8.35139893e+02, 4.75302612e+02, 9.19314087e+02, 4.74049347e+02,
    8.95582520e+02, 4.68326782e+02, 8.72509583e+02, 4.62717133e+02,
    8.49812012e+02, 4.57973846e+02, 8.28357178e+02, 4.52203003e+02,
    9.13549744e+02, 4.49016205e+02, 8.89368896e+02, 4.43718994e+02,
    8.65934937e+02, 4.38388733e+02, 8.42999390e+02, 4.33535187e+02,
    8.21235291e+02, 4.28298187e+02, 9.07405029e+02, 4.23160675e+02,
    8.82965088e+02, 4.18209747e+02, 8.59016479e+02, 4.13477386e+02,
    8.36043457e+02, 4.08412842e+02, 8.13840942e+02, 4.03815826e+02,
    9.00892578e+02, 3.96428314e+02, 8.76198425e+02, 3.91633789e+02,
    8.51974548e+02, 3.87210938e+02, 8.28777893e+02, 3.82603394e+02,
    8.05980713e+02, 3.78181366e+02 ]
