%YAML:1.0
points: [ 9.04717896e+02, 5.27848206e+02, 8.87260620e+02, 5.21019714e+02,
    8.70541931e+02, 5.14795044e+02, 8.54128174e+02, 5.08952301e+02,
    8.38428223e+02, 5.02561462e+02, 8.97526733e+02, 5.06069855e+02,
    8.80100159e+02, 4.99599091e+02, 8.63043213e+02, 4.93816681e+02,
    8.46370056e+02, 4.88110809e+02, 8.30587280e+02, 4.82119446e+02,
    8.90052917e+02, 4.83820709e+02, 8.72322266e+02, 4.77713898e+02,
    8.55157104e+02, 4.72023743e+02, 8.38353821e+02, 4.66928009e+02,
    8.22519348e+02, 4.61107910e+02, 8.82177856e+02, 4.60919861e+02,
    8.64373596e+02, 4.55283661e+02, 8.47031433e+02, 4.49651794e+02,
    8.30018799e+02, 4.45022217e+02, 8.14194458e+02, 4.39341278e+02,
    8.74215210e+02, 4.37330048e+02, 8.56129578e+02, 4.32119446e+02,
    8.38575928e+02, 4.26898407e+02, 8.21589417e+02, 4.22239899e+02,
    8.05654541e+02, 4.17173584e+02, 8.65789673e+02, 4.13040100e+02,
    8.47621765e+02, 4.08286591e+02, 8.29865601e+02, 4.03736694e+02,
    8.12914001e+02, 3.98780731e+02, 7.96726135e+02, 3.94433472e+02,
    8.57089722e+02, 3.88151672e+02, 8.38745361e+02, 3.83536652e+02,
    8.20919067e+02, 3.79230316e+02, 8.03970581e+02, 3.74860291e+02,
    7.87388123e+02, 3.70769165e+02 ]
