%YAML:1.0
points: [ 2.18911484e+02, 1.34025131e+02, 2.10588760e+02, 1.31653854e+02,
    2.02348175e+02, 1.29266479e+02, 1.94502533e+02, 1.27055733e+02,
    1.86760284e+02, 1.24860840e+02, 2.22152725e+02, 1.23449631e+02,
    2.13706635e+02, 1.21205643e+02, 2.05448257e+02, 1.18931190e+02,
    1.97558899e+02, 1.16864395e+02, 1.89746689e+02, 1.14814209e+02,
    2.25457077e+02, 1.12720924e+02, 2.16830582e+02, 1.10585815e+02,
    2.08657913e+02, 1.08598770e+02, 2.00563263e+02, 1.06561005e+02,
    1.92719681e+02, 1.04639221e+02, 2.28735245e+02, 1.01993202e+02,
    2.19939651e+02, 9.98992462e+01, 2.11819473e+02, 9.81397705e+01,
    2.03652344e+02, 9.62349625e+01, 1.95709320e+02, 9.43966370e+01,
    2.32025467e+02, 9.11611862e+01, 2.23195190e+02, 8.92264252e+01,
    2.14963150e+02, 8.75692215e+01, 2.06775162e+02, 8.58563004e+01,
    1.98676056e+02, 8.41172638e+01, 2.35373596e+02, 8.01970673e+01,
    2.26507355e+02, 7.84314499e+01, 2.18053329e+02, 7.69247055e+01,
    2.09865997e+02, 7.53520432e+01, 2.01712112e+02, 7.37964478e+01,
    2.38727402e+02, 6.92041626e+01, 2.29738052e+02, 6.76295166e+01,
    2.21273651e+02, 6.61914368e+01, 2.12914963e+02, 6.47652283e+01,
    2.04664001e+02, 6.32666283e+01 ]
