%YAML:1.0
points: [ 8.08701660e+02, 3.41615631e+02, 7.85344116e+02, 3.34865295e+02,
    7.62433899e+02, 3.28160919e+02, 7.40503296e+02, 3.21745514e+02,
    7.18869324e+02, 3.15494080e+02, 8.17974548e+02, 3.11423950e+02,
    7.94284119e+02, 3.04882843e+02, 7.71317566e+02, 2.98662079e+02,
    7.49172607e+02, 2.92694336e+02, 7.27377991e+02, 2.86649536e+02,
    8.27249878e+02, 2.80849609e+02, 8.03251160e+02, 2.74727478e+02,
    7.80237915e+02, 2.68953888e+02, 7.57849854e+02, 2.63276825e+02,
    7.35890686e+02, 2.57602173e+02, 8.36577332e+02, 2.50065414e+02,
    8.12279785e+02, 2.44378143e+02, 7.89208496e+02, 2.38944534e+02,
    7.66571960e+02, 2.33671722e+02, 7.44335938e+02, 2.28443771e+02,
    8.45880798e+02, 2.19116211e+02, 8.21469910e+02, 2.13769241e+02,
    7.98205383e+02, 2.08783066e+02, 7.75215637e+02, 2.03835007e+02,
    7.52781189e+02, 1.98915833e+02, 8.55399353e+02, 1.87871536e+02,
    8.30798584e+02, 1.82874939e+02, 8.07190369e+02, 1.78346313e+02,
    7.83972107e+02, 1.73800171e+02, 7.61450012e+02, 1.69334885e+02,
    8.64842041e+02, 1.56462204e+02, 8.40032654e+02, 1.51792953e+02,
    8.16080688e+02, 1.47710388e+02, 7.92630371e+02, 1.43529709e+02,
    7.69814453e+02, 1.39188370e+02 ]
