%YAML:1.0
points: [ 3.45649841e+02, 1.89568420e+02, 3.33165741e+02, 1.90557709e+02,
    3.21251984e+02, 1.91690689e+02, 3.09773560e+02, 1.93019180e+02,
    2.99024353e+02, 1.93804398e+02, 3.40715546e+02, 1.81330322e+02,
    3.28090332e+02, 1.82618607e+02, 3.15996613e+02, 1.84077362e+02,
    3.04393707e+02, 1.85536652e+02, 2.93418182e+02, 1.86523880e+02,
    3.35519928e+02, 1.72847717e+02, 3.22698303e+02, 1.74388046e+02,
    3.10456329e+02, 1.76003189e+02, 2.98695496e+02, 1.77772720e+02,
    2.87586426e+02, 1.78936523e+02, 3.30055481e+02, 1.63874802e+02,
    3.17045654e+02, 1.65788849e+02, 3.04617676e+02, 1.67576920e+02,
    2.92721802e+02, 1.69672043e+02, 2.81534607e+02, 1.70983246e+02,
    3.24366882e+02, 1.54577103e+02, 3.11132843e+02, 1.56770874e+02,
    2.98513702e+02, 1.58850021e+02, 2.86497711e+02, 1.60994431e+02,
    2.75146637e+02, 1.62683334e+02, 3.18292206e+02, 1.44740219e+02,
    3.04873169e+02, 1.47278641e+02, 2.92086395e+02, 1.49810577e+02,
    2.79978516e+02, 1.51906601e+02, 2.68412323e+02, 1.54052261e+02,
    3.11872467e+02, 1.34387512e+02, 2.98290619e+02, 1.37205597e+02,
    2.85316437e+02, 1.40018875e+02, 2.73123413e+02, 1.42477676e+02,
    2.61339539e+02, 1.44906387e+02 ]
