%YAML:1.0
points: [ 2.49677597e+02, 1.36596664e+02, 2.38338120e+02, 1.33944550e+02,
    2.27107468e+02, 1.31381668e+02, 2.16182999e+02, 1.28795624e+02,
    2.05322617e+02, 1.26270493e+02, 2.52924515e+02, 1.24559868e+02,
    2.41574066e+02, 1.21983421e+02, 2.30283768e+02, 1.19477135e+02,
    2.19291565e+02, 1.17019981e+02, 2.08445465e+02, 1.14630074e+02,
    2.56256592e+02, 1.12469429e+02, 2.44732986e+02, 1.09955513e+02,
    2.33533035e+02, 1.07632004e+02, 2.22440750e+02, 1.05227257e+02,
    2.11532761e+02, 1.02870567e+02, 2.59603790e+02, 1.00321091e+02,
    2.47934738e+02, 9.78552856e+01, 2.36758530e+02, 9.56965866e+01,
    2.25606705e+02, 9.34194946e+01, 2.14636063e+02, 9.11290512e+01,
    2.62851532e+02, 8.81167450e+01, 2.51245758e+02, 8.57693253e+01,
    2.39936081e+02, 8.37060242e+01, 2.28785385e+02, 8.15533371e+01,
    2.17733093e+02, 7.93383026e+01, 2.66188293e+02, 7.59023209e+01,
    2.54561203e+02, 7.36756134e+01, 2.43177460e+02, 7.16452026e+01,
    2.31949677e+02, 6.96113358e+01, 2.20869492e+02, 6.75352707e+01,
    2.69531738e+02, 6.36696548e+01, 2.57815796e+02, 6.15248528e+01,
    2.46445328e+02, 5.95914993e+01, 2.35097900e+02, 5.76026497e+01,
    2.23983032e+02, 5.55444794e+01 ]
