%YAML:1.0
points: [ 1.10053662e+03, 5.87181824e+02, 1.06736560e+03, 5.82388916e+02,
    1.03439600e+03, 5.77982178e+02, 1.00161847e+03, 5.73914429e+02,
    9.69165771e+02, 5.69039673e+02, 1.10500452e+03, 5.61791992e+02,
    1.07124255e+03, 5.57131653e+02, 1.03757776e+03, 5.52859070e+02,
    1.00402051e+03, 5.48753174e+02, 9.70821655e+02, 5.43939514e+02,
    1.10972766e+03, 5.35592957e+02, 1.07521912e+03, 5.30957520e+02,
    1.04083899e+03, 5.26559448e+02, 1.00653290e+03, 5.22657104e+02,
    9.72660278e+02, 5.17817383e+02, 1.11456567e+03, 5.08210175e+02,
    1.07926111e+03, 5.03744873e+02, 1.04417468e+03, 4.99234894e+02,
    1.00909570e+03, 4.95464905e+02, 9.74528259e+02, 4.90509796e+02,
    1.11971265e+03, 4.79774506e+02, 1.08347986e+03, 4.75372986e+02,
    1.04759717e+03, 4.70905457e+02, 1.01179736e+03, 4.66773468e+02,
    9.76419312e+02, 4.62100281e+02, 1.12499988e+03, 4.49961426e+02,
    1.08793042e+03, 4.45573669e+02, 1.05112610e+03, 4.41414337e+02,
    1.01463837e+03, 4.36845520e+02, 9.78297974e+02, 4.32497559e+02,
    1.13050073e+03, 4.18915131e+02, 1.09264221e+03, 4.14475372e+02,
    1.05496094e+03, 4.10287567e+02, 1.01753119e+03, 4.05764954e+02,
    9.80337769e+02, 4.01457123e+02 ]
