%YAML:1.0
points: [ 8.90697449e+02, 3.48934509e+02, 8.58615906e+02, 3.41403015e+02,
    8.26852356e+02, 3.33946777e+02, 7.95882874e+02, 3.26734131e+02,
    7.65247925e+02, 3.19509155e+02, 9.00135315e+02, 3.14535095e+02,
    8.67780457e+02, 3.07262665e+02, 8.36041992e+02, 3.00070587e+02,
    8.04980408e+02, 2.93124298e+02, 7.74246765e+02, 2.86161682e+02,
    9.09524048e+02, 2.80019897e+02, 8.76948547e+02, 2.72950836e+02,
    8.45202087e+02, 2.66165741e+02, 8.13982056e+02, 2.59398315e+02,
    7.83143799e+02, 2.52633667e+02, 9.18892761e+02, 2.45437775e+02,
    8.86248779e+02, 2.38499054e+02, 8.54463867e+02, 2.32122528e+02,
    8.22994324e+02, 2.25564560e+02, 7.92013916e+02, 2.19103607e+02,
    9.28313721e+02, 2.10663269e+02, 8.95603088e+02, 2.03938980e+02,
    8.63684265e+02, 1.97878983e+02, 8.32107971e+02, 1.91659378e+02,
    8.00924316e+02, 1.85270065e+02, 9.37865417e+02, 1.75764069e+02,
    9.04999268e+02, 1.69335358e+02, 8.72859558e+02, 1.63421478e+02,
    8.41150146e+02, 1.57461777e+02, 8.09859558e+02, 1.51445831e+02,
    9.47391968e+02, 1.40635880e+02, 9.14314331e+02, 1.34443542e+02,
    8.82020752e+02, 1.28908920e+02, 8.50096802e+02, 1.23142204e+02,
    8.18640381e+02, 1.17181435e+02 ]
