%YAML:1.0
points: [ 3.32992401e+02, 1.54868515e+02, 3.19555176e+02, 1.57179443e+02,
    3.06797821e+02, 1.59430283e+02, 2.94572601e+02, 1.61781021e+02,
    2.82934723e+02, 1.63631287e+02, 3.28186584e+02, 1.42576141e+02,
    3.14571198e+02, 1.45176422e+02, 3.01633179e+02, 1.47899582e+02,
    2.89250214e+02, 1.50484146e+02, 2.77574066e+02, 1.52710098e+02,
    3.23084198e+02, 1.29808151e+02, 3.09348053e+02, 1.32810181e+02,
    2.96280273e+02, 1.35817459e+02, 2.83736145e+02, 1.38861877e+02,
    2.71926544e+02, 1.41333420e+02, 3.17771332e+02, 1.16416679e+02,
    3.03904816e+02, 1.19943100e+02, 2.90667542e+02, 1.23260712e+02,
    2.78008759e+02, 1.26728455e+02, 2.66082214e+02, 1.29497330e+02,
    3.12240906e+02, 1.02531235e+02, 2.98177246e+02, 1.06437340e+02,
    2.84805939e+02, 1.10242172e+02, 2.72066833e+02, 1.13931252e+02,
    2.59999969e+02, 1.17151276e+02, 3.06490814e+02, 8.79643707e+01,
    2.92196289e+02, 9.24394379e+01, 2.78647186e+02, 9.67210236e+01,
    2.65861176e+02, 1.00552330e+02, 2.53547760e+02, 1.04327080e+02,
    3.00304138e+02, 7.28084488e+01, 2.85859497e+02, 7.76925583e+01,
    2.72209961e+02, 8.24120331e+01, 2.59297882e+02, 8.67104797e+01,
    2.46938293e+02, 9.09952621e+01 ]
