%YAML:1.0
points: [ 4.23377716e+02, 2.17240967e+02, 4.06832886e+02, 2.17223740e+02,
    3.90665863e+02, 2.17387558e+02, 3.74886841e+02, 2.17812119e+02,
    3.59534302e+02, 2.17656143e+02, 4.24342773e+02, 2.07882248e+02,
    4.07322083e+02, 2.08076370e+02, 3.90590759e+02, 2.08620758e+02,
    3.74310516e+02, 2.09119034e+02, 3.58552673e+02, 2.09171722e+02,
    4.25467499e+02, 1.98203888e+02, 4.07785187e+02, 1.98586777e+02,
    3.90518616e+02, 1.99082428e+02, 3.73753571e+02, 1.99913895e+02,
    3.57471222e+02, 2.00094788e+02, 4.26560303e+02, 1.87751022e+02,
    4.08302185e+02, 1.88396835e+02, 3.90468567e+02, 1.89019043e+02,
    3.73113098e+02, 1.90142990e+02, 3.56303070e+02, 1.90452545e+02,
    4.27740448e+02, 1.76689758e+02, 4.08825195e+02, 1.77523102e+02,
    3.90427765e+02, 1.78429016e+02, 3.72431519e+02, 1.79504562e+02,
    3.55096405e+02, 1.80187622e+02, 4.28992615e+02, 1.64764542e+02,
    4.09333557e+02, 1.65917892e+02, 3.90256927e+02, 1.67234528e+02,
    3.71750549e+02, 1.68210251e+02, 3.53711121e+02, 1.69228958e+02,
    4.30355743e+02, 1.52025467e+02, 4.10069763e+02, 1.53416351e+02,
    3.90218750e+02, 1.54849518e+02, 3.70929047e+02, 1.56159409e+02,
    3.52313416e+02, 1.57479446e+02 ]
