%YAML:1.0
points: [ 1.19420093e+03, 6.39084656e+02, 1.16112024e+03, 6.42822327e+02,
    1.12862122e+03, 6.46916321e+02, 1.09666846e+03, 6.51348511e+02,
    1.06492236e+03, 6.54740417e+02, 1.19058875e+03, 6.15834961e+02,
    1.15702979e+03, 6.19996643e+02, 1.12390540e+03, 6.24519348e+02,
    1.09130066e+03, 6.29108093e+02, 1.05905627e+03, 6.32832336e+02,
    1.18695032e+03, 5.91986694e+02, 1.15272949e+03, 5.96368408e+02,
    1.11899915e+03, 6.01062500e+02, 1.08574292e+03, 6.06150818e+02,
    1.05298755e+03, 6.10097656e+02, 1.18303748e+03, 5.67132935e+02,
    1.14823792e+03, 5.72043152e+02, 1.11386572e+03, 5.76829224e+02,
    1.07998132e+03, 5.82351990e+02, 1.04659192e+03, 5.86395264e+02,
    1.17912341e+03, 5.41345276e+02, 1.14353979e+03, 5.46664673e+02,
    1.10852295e+03, 5.51811829e+02, 1.07397021e+03, 5.57229492e+02,
    1.03989429e+03, 5.61896851e+02, 1.17497021e+03, 5.14470886e+02,
    1.13863013e+03, 5.20111511e+02, 1.10289075e+03, 5.25892456e+02,
    1.06765540e+03, 5.31029663e+02, 1.03287659e+03, 5.36377869e+02,
    1.17062329e+03, 4.86557098e+02, 1.13356580e+03, 4.92433075e+02,
    1.09709058e+03, 4.98487061e+02, 1.06109155e+03, 5.04038025e+02,
    1.02561157e+03, 5.09735413e+02 ]
