%YAML:1.0
points: [ 2.85782806e+02, 1.38602341e+02, 2.72636200e+02, 1.35808914e+02,
    2.59644165e+02, 1.33039581e+02, 2.46684814e+02, 1.30375183e+02,
    2.33709824e+02, 1.27634445e+02, 2.88805847e+02, 1.25452728e+02,
    2.75686340e+02, 1.22732101e+02, 2.62622864e+02, 1.19935486e+02,
    2.49628937e+02, 1.17306938e+02, 2.36714783e+02, 1.14664902e+02,
    2.91862152e+02, 1.12291183e+02, 2.78653503e+02, 1.09597778e+02,
    2.65626068e+02, 1.06953316e+02, 2.52616882e+02, 1.04282326e+02,
    2.39712326e+02, 1.01649460e+02, 2.94912140e+02, 9.91548767e+01,
    2.81652893e+02, 9.63586502e+01, 2.68649445e+02, 9.38765488e+01,
    2.55594894e+02, 9.12422562e+01, 2.42700699e+02, 8.86327896e+01,
    2.97975677e+02, 8.60179749e+01, 2.84700653e+02, 8.32524567e+01,
    2.71655212e+02, 8.07812805e+01, 2.58602081e+02, 7.82206879e+01,
    2.45662827e+02, 7.55377808e+01, 3.01011169e+02, 7.28571548e+01,
    2.87772491e+02, 7.01815567e+01, 2.74661407e+02, 6.76968842e+01,
    2.61599304e+02, 6.51921616e+01, 2.48651001e+02, 6.25452957e+01,
    3.04010284e+02, 5.97335205e+01, 2.90806610e+02, 5.70733871e+01,
    2.77665253e+02, 5.46046829e+01, 2.64610352e+02, 5.21202812e+01,
    2.51621994e+02, 4.94621849e+01 ]
