%YAML:1.0
points: [ 9.89687439e+02, 3.54852570e+02, 9.52276917e+02, 3.46940613e+02,
    9.14941223e+02, 3.38962799e+02, 8.77984863e+02, 3.31189331e+02,
    8.41184998e+02, 3.23336517e+02, 9.98427185e+02, 3.17404510e+02,
    9.60876465e+02, 3.09575317e+02, 9.23636658e+02, 3.01667572e+02,
    8.86684265e+02, 2.94085114e+02, 8.49850098e+02, 2.86288879e+02,
    1.00705640e+03, 2.79912781e+02, 9.69476135e+02, 2.72099030e+02,
    9.32259460e+02, 2.64492676e+02, 8.95234863e+02, 2.56859314e+02,
    8.58399353e+02, 2.49182755e+02, 1.01569458e+03, 2.42418716e+02,
    9.78207703e+02, 2.34495895e+02, 9.40855225e+02, 2.27254074e+02,
    9.03869934e+02, 2.19671143e+02, 8.66955994e+02, 2.12012131e+02,
    1.02445325e+03, 2.04854858e+02, 9.86903442e+02, 1.96991364e+02,
    9.49568787e+02, 1.89835114e+02, 9.12476685e+02, 1.82395737e+02,
    8.75525146e+02, 1.74750198e+02, 1.03320178e+03, 1.67228836e+02,
    9.95601807e+02, 1.59451965e+02, 9.58247620e+02, 1.52342087e+02,
    9.21051819e+02, 1.45017624e+02, 8.84162720e+02, 1.37462814e+02,
    1.04195227e+03, 1.29498901e+02, 1.00438440e+03, 1.21772064e+02,
    9.66942688e+02, 1.14757202e+02, 9.29744263e+02, 1.07450096e+02,
    8.92689148e+02, 9.98740005e+01 ]
