%YAML:1.0
points: [ 1.31259082e+03, 6.22217896e+02, 1.29154346e+03, 6.22918701e+02,
    1.27004199e+03, 6.23853027e+02, 1.24704675e+03, 6.24459778e+02,
    1.22352271e+03, 6.25233887e+02, 1.32635974e+03, 5.91070251e+02,
    1.30565039e+03, 5.91239807e+02, 1.28407617e+03, 5.91433472e+02,
    1.26117029e+03, 5.91382202e+02, 1.23751807e+03, 5.91525513e+02,
    1.34057117e+03, 5.59323547e+02, 1.32025281e+03, 5.58987305e+02,
    1.29828162e+03, 5.58295776e+02, 1.27564795e+03, 5.57705261e+02,
    1.25199414e+03, 5.57155823e+02, 1.35532922e+03, 5.26841492e+02,
    1.33526453e+03, 5.25887939e+02, 1.31304932e+03, 5.24337769e+02,
    1.29055859e+03, 5.23100403e+02, 1.26720715e+03, 5.21622009e+02,
    1.37058716e+03, 4.93642822e+02, 1.35040894e+03, 4.92049530e+02,
    1.32831116e+03, 4.89825134e+02, 1.30581494e+03, 4.87734833e+02,
    1.28254346e+03, 4.85659241e+02, 1.38608008e+03, 4.59713989e+02,
    1.36597119e+03, 4.57302094e+02, 1.34420276e+03, 4.54320618e+02,
    1.32167798e+03, 4.51396423e+02, 1.29855603e+03, 4.48225677e+02,
    1.40210278e+03, 4.24829681e+02, 1.38214478e+03, 4.21659332e+02,
    1.36057703e+03, 4.17816101e+02, 1.33841931e+03, 4.14093964e+02,
    1.31532812e+03, 4.10422302e+02 ]
