%YAML:1.0
points: [ 4.22978210e+02, 2.20315536e+02, 4.06332397e+02, 2.20121582e+02,
    3.90201019e+02, 2.20174286e+02, 3.74502625e+02, 2.20426132e+02,
    3.59178223e+02, 2.20192398e+02, 4.23952728e+02, 2.11204941e+02,
    4.06892090e+02, 2.11269699e+02, 3.90210602e+02, 2.11603683e+02,
    3.73984924e+02, 2.11923401e+02, 3.58196777e+02, 2.11854279e+02,
    4.25056610e+02, 2.01716202e+02, 4.07417511e+02, 2.01899033e+02,
    3.90192657e+02, 2.02332275e+02, 3.73446228e+02, 2.02958969e+02,
    3.57164307e+02, 2.02971436e+02, 4.26228516e+02, 1.91498291e+02,
    4.07931030e+02, 1.92040268e+02, 3.90185486e+02, 1.92510574e+02,
    3.72857300e+02, 1.93468170e+02, 3.56110504e+02, 1.93585449e+02,
    4.27470642e+02, 1.80728409e+02, 4.08558472e+02, 1.81432526e+02,
    3.90189026e+02, 1.82203735e+02, 3.72268494e+02, 1.83087570e+02,
    3.54919830e+02, 1.83549911e+02, 4.28798920e+02, 1.69075119e+02,
    4.09194641e+02, 1.70068237e+02, 3.90116821e+02, 1.71238647e+02,
    3.71625580e+02, 1.71998032e+02, 3.53619141e+02, 1.72926163e+02,
    4.30206635e+02, 1.56708939e+02, 4.09896942e+02, 1.57828735e+02,
    3.90136749e+02, 1.59164581e+02, 3.70917328e+02, 1.60237122e+02,
    3.52297394e+02, 1.61419479e+02 ]
