%YAML:1.0
points: [ 1.21137134e+03, 6.47571106e+02, 1.17852124e+03, 6.51713318e+02,
    1.14630139e+03, 6.56143127e+02, 1.11451318e+03, 6.60967896e+02,
    1.08289954e+03, 6.64799072e+02, 1.20872131e+03, 6.25698242e+02,
    1.17549268e+03, 6.30164917e+02, 1.14261597e+03, 6.35056763e+02,
    1.11015967e+03, 6.40053650e+02, 1.07798071e+03, 6.44125549e+02,
    1.20620508e+03, 6.03207397e+02, 1.17222339e+03, 6.07913086e+02,
    1.13867834e+03, 6.12932251e+02, 1.10558264e+03, 6.18368896e+02,
    1.07278491e+03, 6.22598633e+02, 1.20339709e+03, 5.79618958e+02,
    1.16882288e+03, 5.84813965e+02, 1.13459314e+03, 5.89935669e+02,
    1.10082251e+03, 5.95790710e+02, 1.06740210e+03, 6.00210388e+02,
    1.20068494e+03, 5.55227478e+02, 1.16523108e+03, 5.60869263e+02,
    1.13035693e+03, 5.66304626e+02, 1.09586035e+03, 5.72004944e+02,
    1.06169910e+03, 5.76974976e+02, 1.19773645e+03, 5.29743835e+02,
    1.16149646e+03, 5.35702759e+02, 1.12585510e+03, 5.41715820e+02,
    1.09061121e+03, 5.47120300e+02, 1.05573840e+03, 5.52745178e+02,
    1.19463220e+03, 5.03251312e+02, 1.15767810e+03, 5.09366669e+02,
    1.12123682e+03, 5.15660645e+02, 1.08513245e+03, 5.21433777e+02,
    1.04954053e+03, 5.27395874e+02 ]
