%YAML:1.0
points: [ 3.96659973e+02, 2.31688873e+02, 3.89666321e+02, 2.31913635e+02,
    3.82677490e+02, 2.32260849e+02, 3.74948853e+02, 2.32562134e+02,
    3.67206024e+02, 2.32771027e+02, 4.01689423e+02, 2.20757950e+02,
    3.94779114e+02, 2.20839127e+02, 3.87820435e+02, 2.20988907e+02,
    3.80215637e+02, 2.20934296e+02, 3.72305481e+02, 2.20986954e+02,
    4.06776733e+02, 2.09711853e+02, 4.00137756e+02, 2.09651703e+02,
    3.92832794e+02, 2.09379135e+02, 3.85516174e+02, 2.09219070e+02,
    3.77630371e+02, 2.08995163e+02, 4.12067841e+02, 1.98334396e+02,
    4.05684967e+02, 1.98062088e+02, 3.98185913e+02, 1.97469162e+02,
    3.90899963e+02, 1.97070145e+02, 3.83163269e+02, 1.96584229e+02,
    4.17491211e+02, 1.86812622e+02, 4.11064636e+02, 1.86297318e+02,
    4.03816376e+02, 1.85347870e+02, 3.96437988e+02, 1.84682663e+02,
    3.88863495e+02, 1.84006683e+02, 4.23035950e+02, 1.74887497e+02,
    4.16709198e+02, 1.74067123e+02, 4.09568512e+02, 1.73069611e+02,
    4.02252319e+02, 1.71960602e+02, 3.94683289e+02, 1.71011658e+02,
    4.28673462e+02, 1.62823730e+02, 4.22420654e+02, 1.61723557e+02,
    4.15470734e+02, 1.60320816e+02, 4.08176025e+02, 1.59073029e+02,
    4.00829407e+02, 1.57788803e+02 ]
