%YAML:1.0
points: [ 4.28906647e+02, 1.95462219e+02, 4.20534790e+02, 1.93978439e+02,
    4.11963196e+02, 1.92527679e+02, 4.02628540e+02, 1.90914474e+02,
    3.93083862e+02, 1.89287994e+02, 4.31949005e+02, 1.81567200e+02,
    4.23699768e+02, 1.79838043e+02, 4.15220001e+02, 1.78029190e+02,
    4.05937988e+02, 1.76121231e+02, 3.96353241e+02, 1.74162766e+02,
    4.35036926e+02, 1.67609589e+02, 4.27035400e+02, 1.65623520e+02,
    4.18269531e+02, 1.63452621e+02, 4.09273834e+02, 1.61216629e+02,
    3.99740997e+02, 1.58875778e+02, 4.38104828e+02, 1.53573853e+02,
    4.30424347e+02, 1.51207489e+02, 4.21461853e+02, 1.48740005e+02,
    4.12560181e+02, 1.46156799e+02, 4.03190002e+02, 1.43440277e+02,
    4.41237366e+02, 1.39406052e+02, 4.33590912e+02, 1.36710693e+02,
    4.24771576e+02, 1.33910568e+02, 4.15893097e+02, 1.30994339e+02,
    4.06656036e+02, 1.27928467e+02, 4.44321381e+02, 1.25294609e+02,
    4.36741272e+02, 1.22235054e+02, 4.28132446e+02, 1.19047371e+02,
    4.19235626e+02, 1.15730476e+02, 4.10118134e+02, 1.12208832e+02,
    4.47376312e+02, 1.10963554e+02, 4.39819824e+02, 1.07607437e+02,
    4.31408752e+02, 1.04025078e+02, 4.22635956e+02, 1.00294968e+02,
    4.13693909e+02, 9.64957886e+01 ]
