%YAML:1.0
points: [ 1.39792542e+03, 5.18552490e+02, 1.37218494e+03, 5.14363342e+02,
    1.34582141e+03, 5.10162506e+02, 1.31780664e+03, 5.05541138e+02,
    1.28896802e+03, 5.00830475e+02, 1.40675610e+03, 4.78699463e+02,
    1.38139856e+03, 4.73789429e+02, 1.35502112e+03, 4.68507324e+02,
    1.32695471e+03, 4.63127686e+02, 1.29804163e+03, 4.57503510e+02,
    1.41568616e+03, 4.38586884e+02, 1.39087585e+03, 4.32788452e+02,
    1.36400916e+03, 4.26751831e+02, 1.33636890e+03, 4.20313507e+02,
    1.30749011e+03, 4.13775085e+02, 1.42494177e+03, 3.98096710e+02,
    1.40046936e+03, 3.91279755e+02, 1.37326746e+03, 3.84503143e+02,
    1.34583240e+03, 3.77075928e+02, 1.31733545e+03, 3.69435394e+02,
    1.43452112e+03, 3.57235718e+02, 1.40992847e+03, 3.49500793e+02,
    1.38295947e+03, 3.41733673e+02, 1.35553491e+03, 3.33485046e+02,
    1.32721423e+03, 3.24810760e+02, 1.44409058e+03, 3.15845886e+02,
    1.41953870e+03, 3.07247284e+02, 1.39295691e+03, 2.98457214e+02,
    1.36551721e+03, 2.89351166e+02, 1.33739563e+03, 2.79409271e+02,
    1.45376648e+03, 2.74073212e+02, 1.42945422e+03, 2.64523895e+02,
    1.40310681e+03, 2.54766037e+02, 1.37602869e+03, 2.44521545e+02,
    1.34805713e+03, 2.33662964e+02 ]
