%YAML:1.0
points: [ 1.12302979e+03, 6.33435669e+02, 1.09276208e+03, 6.35633667e+02,
    1.06341589e+03, 6.38114685e+02, 1.03460400e+03, 6.40857666e+02,
    1.00645410e+03, 6.42737183e+02, 1.11564087e+03, 6.11528198e+02,
    1.08507336e+03, 6.14102722e+02, 1.05516492e+03, 6.16999390e+02,
    1.02597131e+03, 6.20092651e+02, 9.97327515e+02, 6.22260681e+02,
    1.10795825e+03, 5.89051636e+02, 1.07691235e+03, 5.91977234e+02,
    1.04662610e+03, 5.95143188e+02, 1.01686218e+03, 5.98674866e+02,
    9.87833679e+02, 6.01073120e+02, 1.09996936e+03, 5.65748474e+02,
    1.06849463e+03, 5.69169189e+02, 1.03770093e+03, 5.72543396e+02,
    1.00746021e+03, 5.76553528e+02, 9.78161560e+02, 5.79150330e+02,
    1.09172205e+03, 5.41654236e+02, 1.05965491e+03, 5.45606201e+02,
    1.02840234e+03, 5.49276245e+02, 9.97708984e+02, 5.53241577e+02,
    9.68010071e+02, 5.56534058e+02, 1.08307141e+03, 5.16621704e+02,
    1.05052539e+03, 5.20988892e+02, 1.01864990e+03, 5.25409729e+02,
    9.87621094e+02, 5.29153687e+02, 9.57382446e+02, 5.33079712e+02,
    1.07407141e+03, 4.90762329e+02, 1.04101147e+03, 4.95375488e+02,
    1.00873090e+03, 5.00145721e+02, 9.77232178e+02, 5.04446777e+02,
    9.46421753e+02, 5.08808533e+02 ]
