%YAML:1.0
points: [ 1.99462860e+02, 1.23470612e+02, 1.97477112e+02, 1.14387207e+02,
    1.95355026e+02, 1.05252243e+02, 1.93357071e+02, 9.60366287e+01,
    1.91261230e+02, 8.67405548e+01, 2.05079132e+02, 1.21669334e+02,
    2.03055161e+02, 1.12465157e+02, 2.00900574e+02, 1.03176857e+02,
    1.98935196e+02, 9.37152176e+01, 1.96869034e+02, 8.42894363e+01,
    2.10964722e+02, 1.19782310e+02, 2.08805267e+02, 1.10463699e+02,
    2.06826950e+02, 1.00952774e+02, 2.04754669e+02, 9.13840256e+01,
    2.02658768e+02, 8.17323914e+01, 2.17035965e+02, 1.17922722e+02,
    2.14752747e+02, 1.08379692e+02, 2.12887009e+02, 9.86838913e+01,
    2.10780807e+02, 8.89556580e+01, 2.08643463e+02, 7.91301956e+01,
    2.23239655e+02, 1.15969948e+02, 2.21020050e+02, 1.06248589e+02,
    2.19102737e+02, 9.63582764e+01, 2.17024765e+02, 8.64201431e+01,
    2.14790863e+02, 7.64346161e+01, 2.29703430e+02, 1.13938026e+02,
    2.27439102e+02, 1.04037827e+02, 2.25422867e+02, 9.39767609e+01,
    2.23371750e+02, 8.38444901e+01, 2.21221725e+02, 7.35980301e+01,
    2.36388840e+02, 1.11832367e+02, 2.34145920e+02, 1.01732201e+02,
    2.32144836e+02, 9.14298019e+01, 2.29989197e+02, 8.11078491e+01,
    2.27720428e+02, 7.06744919e+01 ]
