%YAML:1.0
points: [ 3.95290710e+02, 1.94011597e+02, 3.84902527e+02, 1.92181732e+02,
    3.74273621e+02, 1.90397430e+02, 3.63056671e+02, 1.88513077e+02,
    3.51611206e+02, 1.86574326e+02, 3.98541046e+02, 1.80324280e+02,
    3.88224548e+02, 1.78349945e+02, 3.77612457e+02, 1.76312622e+02,
    3.66404846e+02, 1.74171570e+02, 3.54940887e+02, 1.71968903e+02,
    4.01897003e+02, 1.66570724e+02, 3.91694214e+02, 1.64348984e+02,
    3.80866730e+02, 1.62062119e+02, 3.69817169e+02, 1.59680588e+02,
    3.58361328e+02, 1.57239273e+02, 4.05230347e+02, 1.52675903e+02,
    3.95226257e+02, 1.50200073e+02, 3.84251282e+02, 1.47638428e+02,
    3.73244415e+02, 1.44986053e+02, 3.61829651e+02, 1.42291702e+02,
    4.08649261e+02, 1.38678741e+02, 3.98621033e+02, 1.35869888e+02,
    3.87763184e+02, 1.33078186e+02, 3.76741058e+02, 1.30164093e+02,
    3.65392090e+02, 1.27144508e+02, 4.12097260e+02, 1.24494225e+02,
    4.02064392e+02, 1.21497559e+02, 3.91309570e+02, 1.18413635e+02,
    3.80265961e+02, 1.15165009e+02, 3.68928192e+02, 1.11822540e+02,
    4.15461151e+02, 1.10206696e+02, 4.05555237e+02, 1.06898804e+02,
    3.94880035e+02, 1.03545349e+02, 3.83902374e+02, 1.00002708e+02,
    3.72727081e+02, 9.63747559e+01 ]
