%YAML:1.0
points: [ 2.65226868e+02, 1.20886818e+02, 2.63511749e+02, 1.30441818e+02,
    2.61882477e+02, 1.39683243e+02, 2.60256653e+02, 1.48632233e+02,
    2.58764252e+02, 1.56959091e+02, 2.54484512e+02, 1.18223724e+02,
    2.53038116e+02, 1.27853806e+02, 2.51538773e+02, 1.37173019e+02,
    2.50164917e+02, 1.46181229e+02, 2.48861435e+02, 1.54573349e+02,
    2.43824646e+02, 1.15675476e+02, 2.42514435e+02, 1.25316620e+02,
    2.41287247e+02, 1.34661453e+02, 2.40072418e+02, 1.43762604e+02,
    2.39000092e+02, 1.52198166e+02, 2.33133041e+02, 1.13073288e+02,
    2.32078568e+02, 1.22834114e+02, 2.31075745e+02, 1.32179123e+02,
    2.29998810e+02, 1.41346909e+02, 2.29163071e+02, 1.49782532e+02,
    2.22411407e+02, 1.10505341e+02, 2.21584427e+02, 1.20342987e+02,
    2.20801147e+02, 1.29763367e+02, 2.20010330e+02, 1.38846558e+02,
    2.19282364e+02, 1.47408463e+02, 2.11819046e+02, 1.07983200e+02,
    2.11182877e+02, 1.17840675e+02, 2.10499649e+02, 1.27378494e+02,
    2.10007004e+02, 1.36378220e+02, 2.09455017e+02, 1.45037399e+02,
    2.01162018e+02, 1.05462311e+02, 2.00751373e+02, 1.15372475e+02,
    2.00330795e+02, 1.24905045e+02, 2.00018127e+02, 1.33914673e+02,
    1.99636475e+02, 1.42725723e+02 ]
