%YAML:1.0
points: [ 1.30144958e+03, 5.14315918e+02, 1.27070911e+03, 5.09177643e+02,
    1.23927527e+03, 5.04006104e+02, 1.20637561e+03, 4.98499878e+02,
    1.17273462e+03, 4.92850494e+02, 1.31061609e+03, 4.75134064e+02,
    1.28000110e+03, 4.69453949e+02, 1.24850623e+03, 4.63556152e+02,
    1.21556958e+03, 4.57421844e+02, 1.18176819e+03, 4.51086212e+02,
    1.31983447e+03, 4.35770477e+02, 1.28961157e+03, 4.29382416e+02,
    1.25763623e+03, 4.22795898e+02, 1.22488196e+03, 4.15963104e+02,
    1.19107556e+03, 4.08898712e+02, 1.32932996e+03, 3.95882782e+02,
    1.29932153e+03, 3.88801971e+02, 1.26702393e+03, 3.81545532e+02,
    1.23435059e+03, 3.73945190e+02, 1.20071545e+03, 3.66125702e+02,
    1.33918188e+03, 3.55569794e+02, 1.30900183e+03, 3.47764862e+02,
    1.27674329e+03, 3.39835022e+02, 1.24407312e+03, 3.31546143e+02,
    1.21042456e+03, 3.22915405e+02, 1.34907202e+03, 3.14843719e+02,
    1.31884290e+03, 3.06236298e+02, 1.28681348e+03, 2.97514648e+02,
    1.25400610e+03, 2.88535614e+02, 1.22041858e+03, 2.78945862e+02,
    1.35920984e+03, 2.73453125e+02, 1.32899646e+03, 2.64142365e+02,
    1.29706116e+03, 2.54677261e+02, 1.26445264e+03, 2.44838058e+02,
    1.23081165e+03, 2.34542892e+02 ]
