%YAML:1.0
points: [ 1.34692297e+03, 6.58885681e+02, 1.31558997e+03, 6.66173279e+02,
    1.28413074e+03, 6.74019775e+02, 1.25274377e+03, 6.82366760e+02,
    1.22097778e+03, 6.89574036e+02, 1.35270825e+03, 6.37167542e+02,
    1.32082361e+03, 6.44812317e+02, 1.28872827e+03, 6.52965942e+02,
    1.25662427e+03, 6.61394348e+02, 1.22414612e+03, 6.68799255e+02,
    1.35915186e+03, 6.14875427e+02, 1.32645081e+03, 6.22601135e+02,
    1.29360840e+03, 6.30828308e+02, 1.26083130e+03, 6.39567261e+02,
    1.22756726e+03, 6.47046326e+02, 1.36574927e+03, 5.91298645e+02,
    1.33224292e+03, 5.99527222e+02, 1.29881055e+03, 6.07562439e+02,
    1.26523376e+03, 6.16624329e+02, 1.23105273e+03, 6.24298279e+02,
    1.37265759e+03, 5.66881714e+02, 1.33843860e+03, 5.75230591e+02,
    1.30420300e+03, 5.83552490e+02, 1.26979419e+03, 5.92295349e+02,
    1.23476868e+03, 6.00390564e+02, 1.38006848e+03, 5.41131042e+02,
    1.34494202e+03, 5.49664673e+02, 1.30981445e+03, 5.58514099e+02,
    1.27449182e+03, 5.66779297e+02, 1.23867639e+03, 5.75425720e+02,
    1.38794189e+03, 5.14201843e+02, 1.35189343e+03, 5.22802551e+02,
    1.31590015e+03, 5.31806091e+02, 1.27939124e+03, 5.40340332e+02,
    1.24291479e+03, 5.49137329e+02 ]
