%YAML:1.0
points: [ 1.25245776e+03, 5.11213013e+02, 1.21973987e+03, 5.05640045e+02,
    1.18644641e+03, 5.00036560e+02, 1.15191663e+03, 4.94082703e+02,
    1.11663782e+03, 4.88093811e+02, 1.26149609e+03, 4.72667755e+02,
    1.22895789e+03, 4.66660767e+02, 1.19562183e+03, 4.60357513e+02,
    1.16090869e+03, 4.53837677e+02, 1.12552881e+03, 4.47231659e+02,
    1.27077332e+03, 4.33734253e+02, 1.23848694e+03, 4.27142731e+02,
    1.20463354e+03, 4.20314423e+02, 1.17013708e+03, 4.13226044e+02,
    1.13460889e+03, 4.05928833e+02, 1.28031372e+03, 3.94410858e+02,
    1.24814392e+03, 3.87142456e+02, 1.21395593e+03, 3.79731110e+02,
    1.17943091e+03, 3.72071045e+02, 1.14402112e+03, 3.64131104e+02,
    1.29016174e+03, 3.54553253e+02, 1.25774316e+03, 3.46709656e+02,
    1.22358752e+03, 3.38690918e+02, 1.18897241e+03, 3.30411804e+02,
    1.15348950e+03, 3.21849274e+02, 1.30007080e+03, 3.14213104e+02,
    1.26760181e+03, 3.05682098e+02, 1.23350330e+03, 2.97050537e+02,
    1.19875940e+03, 2.88185059e+02, 1.16322119e+03, 2.78789490e+02,
    1.31015479e+03, 2.73269867e+02, 1.27766565e+03, 2.64092346e+02,
    1.24365564e+03, 2.54821106e+02, 1.20894165e+03, 2.45236023e+02,
    1.17340344e+03, 2.35228012e+02 ]
