%YAML:1.0
points: [ 3.77951660e+02, 1.92960892e+02, 3.66716644e+02, 1.91038284e+02,
    3.55400818e+02, 1.89105377e+02, 3.43565704e+02, 1.87061920e+02,
    3.31500732e+02, 1.84953537e+02, 3.81227051e+02, 1.79451538e+02,
    3.70098694e+02, 1.77354446e+02, 3.58745667e+02, 1.75226379e+02,
    3.46856506e+02, 1.72992615e+02, 3.34739471e+02, 1.70680527e+02,
    3.84574219e+02, 1.65895325e+02, 3.73555756e+02, 1.63586868e+02,
    3.61979736e+02, 1.61221771e+02, 3.50225098e+02, 1.58766434e+02,
    3.38082703e+02, 1.56281784e+02, 3.88010010e+02, 1.52151291e+02,
    3.77089905e+02, 1.49601944e+02, 3.65404266e+02, 1.47010406e+02,
    3.53665375e+02, 1.44373291e+02, 3.41551575e+02, 1.41628738e+02,
    3.91464294e+02, 1.38257889e+02, 3.80581451e+02, 1.35467468e+02,
    3.68896698e+02, 1.32671341e+02, 3.57086426e+02, 1.29780975e+02,
    3.45024689e+02, 1.26798508e+02, 3.94993805e+02, 1.24184532e+02,
    3.84008759e+02, 1.21199738e+02, 3.72497345e+02, 1.18158897e+02,
    3.60656097e+02, 1.15006111e+02, 3.48576050e+02, 1.11777382e+02,
    3.98468323e+02, 1.09946419e+02, 3.87645782e+02, 1.06731735e+02,
    3.76052826e+02, 1.03481819e+02, 3.64274994e+02, 1.00056557e+02,
    3.52255035e+02, 9.65584488e+01 ]
