%YAML:1.0
points: [ 1.33205908e+03, 5.84859009e+02, 1.33116577e+03, 6.07579651e+02,
    1.33047217e+03, 6.29354370e+02, 1.33003748e+03, 6.50442444e+02,
    1.32908496e+03, 6.69922974e+02, 1.29729907e+03, 5.96057922e+02,
    1.29710559e+03, 6.18658386e+02, 1.29743677e+03, 6.40318298e+02,
    1.29778784e+03, 6.61227783e+02, 1.29763904e+03, 6.80517578e+02,
    1.26271790e+03, 6.07695312e+02, 1.26353174e+03, 6.29934692e+02,
    1.26447717e+03, 6.51282288e+02, 1.26572363e+03, 6.72104736e+02,
    1.26620911e+03, 6.91106934e+02, 1.22830798e+03, 6.19240173e+02,
    1.23005688e+03, 6.41249390e+02, 1.23167957e+03, 6.62299377e+02,
    1.23381580e+03, 6.82950989e+02, 1.23487573e+03, 7.01629944e+02,
    1.19395325e+03, 6.30734192e+02, 1.19663171e+03, 6.52619324e+02,
    1.19903748e+03, 6.73497742e+02, 1.20160596e+03, 6.93682007e+02,
    1.20362183e+03, 7.12257996e+02, 1.15972937e+03, 6.42377747e+02,
    1.16322021e+03, 6.63936829e+02, 1.16662561e+03, 6.84796387e+02,
    1.16950830e+03, 7.04371521e+02, 1.17257056e+03, 7.22977356e+02,
    1.12560205e+03, 6.54166931e+02, 1.12972632e+03, 6.75394165e+02,
    1.13385754e+03, 6.95972961e+02, 1.13766174e+03, 7.15133911e+02,
    1.14129346e+03, 7.33832520e+02 ]
