%YAML:1.0
points: [ 2.96994049e+02, 1.21400803e+02, 2.93123932e+02, 1.31817352e+02,
    2.89446198e+02, 1.41814484e+02, 2.85885986e+02, 1.51532730e+02,
    2.82469635e+02, 1.60581390e+02, 2.85480011e+02, 1.18535324e+02,
    2.81786438e+02, 1.29085419e+02, 2.78346771e+02, 1.39273178e+02,
    2.75011688e+02, 1.49088913e+02, 2.71822174e+02, 1.58262756e+02,
    2.73780396e+02, 1.15741684e+02, 2.70396057e+02, 1.26365936e+02,
    2.67126984e+02, 1.36648209e+02, 2.64031403e+02, 1.46653137e+02,
    2.61069946e+02, 1.55874542e+02, 2.61979889e+02, 1.12867493e+02,
    2.58832489e+02, 1.23680855e+02, 2.55805389e+02, 1.34039474e+02,
    2.52922180e+02, 1.44171875e+02, 2.50144684e+02, 1.53489090e+02,
    2.50041794e+02, 1.09974052e+02, 2.47149261e+02, 1.20972290e+02,
    2.44377289e+02, 1.31440781e+02, 2.41710892e+02, 1.41569717e+02,
    2.39165695e+02, 1.51083206e+02, 2.37971481e+02, 1.07058441e+02,
    2.35344955e+02, 1.18189079e+02, 2.32775467e+02, 1.28892044e+02,
    2.30377319e+02, 1.38944641e+02, 2.28029053e+02, 1.48687439e+02,
    2.25770782e+02, 1.04162369e+02, 2.23389740e+02, 1.15345169e+02,
    2.21046051e+02, 1.26172295e+02, 2.18864456e+02, 1.36351608e+02,
    2.16744583e+02, 1.46251785e+02 ]
