%YAML:1.0
points: [ 1.26036169e+03, 4.51491699e+02, 1.22873169e+03, 4.40354980e+02,
    1.19650500e+03, 4.28951965e+02, 1.16287878e+03, 4.17130676e+02,
    1.12860522e+03, 4.04967773e+02, 1.27313477e+03, 4.13196991e+02,
    1.24171948e+03, 4.01551849e+02, 1.20946899e+03, 3.89470551e+02,
    1.17589624e+03, 3.77042297e+02, 1.14157141e+03, 3.64271027e+02,
    1.28593335e+03, 3.74633728e+02, 1.25486816e+03, 3.62422699e+02,
    1.22234546e+03, 3.49764557e+02, 1.18907983e+03, 3.36734161e+02,
    1.15479297e+03, 3.23249664e+02, 1.29900830e+03, 3.35907959e+02,
    1.26833606e+03, 3.22861755e+02, 1.23547327e+03, 3.09783630e+02,
    1.20240039e+03, 2.96022125e+02, 1.16835815e+03, 2.81838959e+02,
    1.31235730e+03, 2.96785370e+02, 1.28157800e+03, 2.83128906e+02,
    1.24896521e+03, 2.69312592e+02, 1.21591235e+03, 2.54940826e+02,
    1.18200403e+03, 2.40091110e+02, 1.32583606e+03, 2.57264771e+02,
    1.29510767e+03, 2.42985779e+02, 1.26275195e+03, 2.28468948e+02,
    1.22962756e+03, 2.13512726e+02, 1.19591614e+03, 1.97830032e+02,
    1.33940222e+03, 2.17434845e+02, 1.30883093e+03, 2.02433853e+02,
    1.27660388e+03, 1.87286163e+02, 1.24383362e+03, 1.71589874e+02,
    1.21014819e+03, 1.55162323e+02 ]
