%YAML:1.0
points: [ 3.80968842e+02, 1.72111084e+02, 3.70171936e+02, 1.68222519e+02,
    3.59209534e+02, 1.64241730e+02, 3.47746948e+02, 1.60163605e+02,
    3.36003479e+02, 1.55897491e+02, 3.85459595e+02, 1.58695633e+02,
    3.74778870e+02, 1.54626221e+02, 3.63832703e+02, 1.50431229e+02,
    3.52408722e+02, 1.46110886e+02, 3.40703918e+02, 1.41667953e+02,
    3.89992188e+02, 1.45264496e+02, 3.79461548e+02, 1.40975662e+02,
    3.68408936e+02, 1.36550766e+02, 3.57058136e+02, 1.31976303e+02,
    3.45467621e+02, 1.27309334e+02, 3.94526764e+02, 1.31730804e+02,
    3.84192169e+02, 1.27168465e+02, 3.73007996e+02, 1.22602097e+02,
    3.61813324e+02, 1.17768837e+02, 3.50231781e+02, 1.12804184e+02,
    3.99161560e+02, 1.18136894e+02, 3.88821136e+02, 1.13377579e+02,
    3.77764923e+02, 1.08475456e+02, 3.66591309e+02, 1.03466782e+02,
    3.55090088e+02, 9.82302551e+01, 4.03681366e+02, 1.04534218e+02,
    3.93455841e+02, 9.94804916e+01, 3.82518066e+02, 9.43699112e+01,
    3.71370117e+02, 8.90564270e+01, 3.59891174e+02, 8.36095200e+01,
    4.08244293e+02, 9.08105164e+01, 3.98029602e+02, 8.55392761e+01,
    3.87228760e+02, 8.01606140e+01, 3.76171204e+02, 7.46077652e+01,
    3.64858826e+02, 6.88397446e+01 ]
