%YAML:1.0
points: [ 1.43056262e+03, 6.44595093e+02, 1.40538733e+03, 6.64941711e+02,
    1.38104932e+03, 6.85032166e+02, 1.35724194e+03, 7.03963806e+02,
    1.33421167e+03, 7.22735535e+02, 1.41068567e+03, 6.36484924e+02,
    1.38536487e+03, 6.57380737e+02, 1.36102942e+03, 6.77975891e+02,
    1.33730212e+03, 6.97252136e+02, 1.31421692e+03, 7.16152039e+02,
    1.39024463e+03, 6.27940063e+02, 1.36504529e+03, 6.49812317e+02,
    1.34041443e+03, 6.70156494e+02, 1.31681323e+03, 6.90215820e+02,
    1.29379749e+03, 7.09553284e+02, 1.36913562e+03, 6.19359253e+02,
    1.34419958e+03, 6.41996765e+02, 1.31919055e+03, 6.62370728e+02,
    1.29559802e+03, 6.82964661e+02, 1.27253271e+03, 7.02879517e+02,
    1.34747925e+03, 6.10566223e+02, 1.32253625e+03, 6.33484375e+02,
    1.29757568e+03, 6.54563049e+02, 1.27380432e+03, 6.75470764e+02,
    1.25100562e+03, 6.95974670e+02, 1.32505640e+03, 6.01368835e+02,
    1.30013220e+03, 6.24842529e+02, 1.27528809e+03, 6.46629211e+02,
    1.25146252e+03, 6.67827515e+02, 1.22857373e+03, 6.88927185e+02,
    1.30193982e+03, 5.91880432e+02, 1.27707812e+03, 6.15924072e+02,
    1.25218005e+03, 6.38255493e+02, 1.22831592e+03, 6.60351624e+02,
    1.20579163e+03, 6.81828979e+02 ]
