%YAML:1.0
points: [ 3.33793945e+02, 1.42958160e+02, 3.27125793e+02, 1.51902847e+02,
    3.20739166e+02, 1.60636627e+02, 3.14592560e+02, 1.68840881e+02,
    3.08657257e+02, 1.76836411e+02, 3.23827026e+02, 1.37994110e+02,
    3.17308563e+02, 1.47142410e+02, 3.11081757e+02, 1.56012360e+02,
    3.05079346e+02, 1.64374725e+02, 2.99289764e+02, 1.72518356e+02,
    3.13722382e+02, 1.32942963e+02, 3.07390076e+02, 1.42336075e+02,
    3.01270538e+02, 1.51228622e+02, 2.95418610e+02, 1.59812668e+02,
    2.89779083e+02, 1.68099564e+02, 3.03493835e+02, 1.27831238e+02,
    2.97301514e+02, 1.37488968e+02, 2.91349152e+02, 1.46402206e+02,
    2.85620392e+02, 1.55202652e+02, 2.80129364e+02, 1.63653671e+02,
    2.93066467e+02, 1.22620270e+02, 2.87053345e+02, 1.32437576e+02,
    2.81268341e+02, 1.41582214e+02, 2.75697113e+02, 1.50504898e+02,
    2.70346588e+02, 1.59143616e+02, 2.82553986e+02, 1.17330223e+02,
    2.76691650e+02, 1.27319145e+02, 2.71035095e+02, 1.36681778e+02,
    2.65628174e+02, 1.45746338e+02, 2.60420654e+02, 1.54557098e+02,
    2.71782623e+02, 1.11929878e+02, 2.66092621e+02, 1.22115837e+02,
    2.60672821e+02, 1.31665817e+02, 2.55385117e+02, 1.40973740e+02,
    2.50319839e+02, 1.49946091e+02 ]
