%YAML:1.0
points: [ 3.71095520e+02, 1.44341675e+02, 3.62762360e+02, 1.53747910e+02,
    3.54727448e+02, 1.63029449e+02, 3.46966431e+02, 1.71697372e+02,
    3.39407257e+02, 1.80257660e+02, 3.62284515e+02, 1.39335709e+02,
    3.53997559e+02, 1.48974228e+02, 3.46077362e+02, 1.58412735e+02,
    3.38288239e+02, 1.67333694e+02, 3.30792206e+02, 1.76074066e+02,
    3.53226807e+02, 1.34101456e+02, 3.45065155e+02, 1.44115311e+02,
    3.37074982e+02, 1.53571487e+02, 3.29398926e+02, 1.62836197e+02,
    3.21955139e+02, 1.71759857e+02, 3.43950165e+02, 1.28763077e+02,
    3.35875641e+02, 1.39110489e+02, 3.27846191e+02, 1.48698059e+02,
    3.20210297e+02, 1.58157883e+02, 3.12843658e+02, 1.67312195e+02,
    3.34415680e+02, 1.23282333e+02, 3.26387604e+02, 1.33834579e+02,
    3.18443268e+02, 1.43706406e+02, 3.10842834e+02, 1.53368790e+02,
    3.03582825e+02, 1.62808197e+02, 3.24606018e+02, 1.17627556e+02,
    3.16596832e+02, 1.28430466e+02, 3.08756897e+02, 1.38592926e+02,
    3.01205353e+02, 1.48468750e+02, 2.93982758e+02, 1.58126007e+02,
    3.14428131e+02, 1.11798203e+02, 3.06548523e+02, 1.22836929e+02,
    2.98763336e+02, 1.33309860e+02, 2.91322571e+02, 1.43474213e+02,
    2.84180115e+02, 1.53376587e+02 ]
