%YAML:1.0
points: [ 3.38616547e+02, 1.69617645e+02, 3.26735626e+02, 1.65592880e+02,
    3.14776062e+02, 1.61547714e+02, 3.02574585e+02, 1.57383652e+02,
    2.90195160e+02, 1.53194077e+02, 3.43242706e+02, 1.56844040e+02,
    3.31395752e+02, 1.52682587e+02, 3.19421783e+02, 1.48475586e+02,
    3.07150879e+02, 1.44257233e+02, 2.94699585e+02, 1.39883469e+02,
    3.47900391e+02, 1.43950333e+02, 3.36097809e+02, 1.39669235e+02,
    3.24003326e+02, 1.35332245e+02, 3.11773376e+02, 1.30961380e+02,
    2.99301453e+02, 1.26392586e+02, 3.52680206e+02, 1.30894943e+02,
    3.40917297e+02, 1.26421608e+02, 3.28707458e+02, 1.22033020e+02,
    3.16414734e+02, 1.17400627e+02, 3.04025238e+02, 1.12782310e+02,
    3.57532227e+02, 1.17671989e+02, 3.45719849e+02, 1.13120766e+02,
    3.33523529e+02, 1.08490829e+02, 3.21220062e+02, 1.03766312e+02,
    3.08757812e+02, 9.89565201e+01, 3.62383148e+02, 1.04347519e+02,
    3.50555176e+02, 9.96120453e+01, 3.38363525e+02, 9.48595886e+01,
    3.26087158e+02, 8.99820938e+01, 3.13482635e+02, 8.50002136e+01,
    3.67235229e+02, 9.09070435e+01, 3.55446014e+02, 8.60323181e+01,
    3.43280243e+02, 8.11198730e+01, 3.30966461e+02, 7.60465698e+01,
    3.18426910e+02, 7.08595963e+01 ]
