%YAML:1.0
points: [ 1.14176599e+03, 4.44121765e+02, 1.10745129e+03, 4.32554749e+02,
    1.07274158e+03, 4.20814484e+02, 1.03718896e+03, 4.08896118e+02,
    1.00122510e+03, 3.96649719e+02, 1.15462439e+03, 4.07583527e+02,
    1.12036609e+03, 3.95697754e+02, 1.08554199e+03, 3.83632080e+02,
    1.04995667e+03, 3.71253662e+02, 1.01386969e+03, 3.58711548e+02,
    1.16769617e+03, 3.70676941e+02, 1.13349792e+03, 3.58426544e+02,
    1.09842798e+03, 3.46004730e+02, 1.06283350e+03, 3.33207886e+02,
    1.02666650e+03, 3.20313599e+02, 1.18097083e+03, 3.33392181e+02,
    1.14686694e+03, 3.20771942e+02, 1.11148438e+03, 3.07917542e+02,
    1.07598071e+03, 2.94808716e+02, 1.03974231e+03, 2.81376556e+02,
    1.19449963e+03, 2.95720825e+02, 1.16027014e+03, 2.82643494e+02,
    1.12489368e+03, 2.69409363e+02, 1.08915857e+03, 2.55882507e+02,
    1.05291785e+03, 2.42029327e+02, 1.20820251e+03, 2.57532440e+02,
    1.17389050e+03, 2.43989426e+02, 1.13851270e+03, 2.30374634e+02,
    1.10269556e+03, 2.16457596e+02, 1.06639380e+03, 2.02121323e+02,
    1.22213196e+03, 2.18867554e+02, 1.18778162e+03, 2.04866226e+02,
    1.15233667e+03, 1.90840530e+02, 1.11649390e+03, 1.76479401e+02,
    1.08013843e+03, 1.61620056e+02 ]
