%YAML:1.0
points: [ 1.28725415e+03, 6.83914185e+02, 1.25791650e+03, 6.95293640e+02,
    1.22972839e+03, 7.06496338e+02, 1.20269482e+03, 7.16775330e+02,
    1.17669238e+03, 7.26974060e+02, 1.26587402e+03, 6.63313599e+02,
    1.23655725e+03, 6.75336121e+02, 1.20861169e+03, 6.87201843e+02,
    1.18183228e+03, 6.97939514e+02, 1.15591467e+03, 7.08384277e+02,
    1.24402942e+03, 6.42212646e+02, 1.21488550e+03, 6.55240479e+02,
    1.18701904e+03, 6.67024109e+02, 1.16046216e+03, 6.78583496e+02,
    1.13477893e+03, 6.89557190e+02, 1.22169434e+03, 6.20781555e+02,
    1.19286572e+03, 6.34705627e+02, 1.16506177e+03, 6.46638000e+02,
    1.13865967e+03, 6.58818359e+02, 1.11312622e+03, 6.70507324e+02,
    1.19892725e+03, 5.98978577e+02, 1.17034949e+03, 6.13346802e+02,
    1.14281726e+03, 6.26044922e+02, 1.11641223e+03, 6.38677673e+02,
    1.09118066e+03, 6.51114258e+02, 1.17574121e+03, 5.76605957e+02,
    1.14731580e+03, 5.91530090e+02, 1.12004907e+03, 6.05103577e+02,
    1.09380786e+03, 6.18175964e+02, 1.06877307e+03, 6.31243042e+02,
    1.15198926e+03, 5.53757141e+02, 1.12382129e+03, 5.69362122e+02,
    1.09666113e+03, 5.83611389e+02, 1.07057178e+03, 5.97579895e+02,
    1.04575232e+03, 6.11144226e+02 ]
