%YAML:1.0
points: [ 1.23456750e+03, 3.98138306e+02, 1.20391370e+03, 3.86227020e+02,
    1.17273804e+03, 3.74024902e+02, 1.14031177e+03, 3.61604004e+02,
    1.10729797e+03, 3.48622253e+02, 1.24527771e+03, 3.61722015e+02,
    1.21489807e+03, 3.49401489e+02, 1.18382227e+03, 3.36645172e+02,
    1.15153516e+03, 3.23637085e+02, 1.11854089e+03, 3.10298248e+02,
    1.25599231e+03, 3.25304382e+02, 1.22608716e+03, 3.12412109e+02,
    1.19473547e+03, 2.99350586e+02, 1.16276624e+03, 2.85690186e+02,
    1.12990906e+03, 2.71796997e+02, 1.26693384e+03, 2.88851532e+02,
    1.23733118e+03, 2.75229187e+02, 1.20576355e+03, 2.61877197e+02,
    1.17405286e+03, 2.47718994e+02, 1.14149512e+03, 2.33131058e+02,
    1.27797180e+03, 2.52236420e+02, 1.24838647e+03, 2.38126495e+02,
    1.21707129e+03, 2.24191177e+02, 1.18539758e+03, 2.09578186e+02,
    1.15306006e+03, 1.94444626e+02, 1.28905591e+03, 2.15509109e+02,
    1.25952075e+03, 2.00970886e+02, 1.22846643e+03, 1.86304764e+02,
    1.19690417e+03, 1.71305191e+02, 1.16475488e+03, 1.55497803e+02,
    1.30015735e+03, 1.78679932e+02, 1.27080713e+03, 1.63531174e+02,
    1.24002637e+03, 1.48469193e+02, 1.20869934e+03, 1.32750168e+02,
    1.17670044e+03, 1.16395264e+02 ]
