%YAML:1.0
points: [ 3.70983795e+02, 1.53446487e+02, 3.60461395e+02, 1.49297653e+02,
    3.49842468e+02, 1.45116669e+02, 3.38766418e+02, 1.40751434e+02,
    3.27515442e+02, 1.36267746e+02, 3.74675568e+02, 1.40744308e+02,
    3.64302856e+02, 1.36393951e+02, 3.53751007e+02, 1.32014893e+02,
    3.42712860e+02, 1.27451218e+02, 3.31466400e+02, 1.22834557e+02,
    3.78410797e+02, 1.28019562e+02, 3.68225342e+02, 1.23491837e+02,
    3.57541962e+02, 1.18971313e+02, 3.46669434e+02, 1.14201897e+02,
    3.35486969e+02, 1.09318024e+02, 3.82171783e+02, 1.15296242e+02,
    3.72168488e+02, 1.10560776e+02, 3.61336700e+02, 1.05856506e+02,
    3.50611359e+02, 1.00944839e+02, 3.39492249e+02, 9.58126907e+01,
    3.85951294e+02, 1.02588554e+02, 3.75961487e+02, 9.76810074e+01,
    3.65264557e+02, 9.27563019e+01, 3.54503754e+02, 8.76328583e+01,
    3.43544373e+02, 8.23479919e+01, 3.89597778e+02, 8.99735336e+01,
    3.79688660e+02, 8.48322678e+01, 3.69202881e+02, 7.96918335e+01,
    3.58418488e+02, 7.43885880e+01, 3.47530548e+02, 6.88769608e+01,
    3.93265656e+02, 7.72821808e+01, 3.83411377e+02, 7.20100937e+01,
    3.73031067e+02, 6.66946182e+01, 3.62384613e+02, 6.11627121e+01,
    3.51630798e+02, 5.54468422e+01 ]
