%YAML:1.0
points: [ 1.20804333e+03, 7.08885193e+02, 1.17758020e+03, 7.08325317e+02,
    1.14819678e+03, 7.08036438e+02, 1120., 7.07321045e+02,
    1.09275232e+03, 7.06935425e+02, 1.19621082e+03, 6.86475281e+02,
    1.16533252e+03, 6.86413940e+02, 1.13584058e+03, 6.86698669e+02,
    1.10755176e+03, 6.86315857e+02, 1.08024426e+03, 6.86155823e+02,
    1.18412952e+03, 6.63271118e+02, 1.15292505e+03, 6.64124146e+02,
    1.12319568e+03, 6.64169434e+02, 1.09482861e+03, 6.64663696e+02,
    1.06732837e+03, 6.64920654e+02, 1.17155603e+03, 6.39500793e+02,
    1.14017163e+03, 6.41187927e+02, 1.11032910e+03, 6.41302429e+02,
    1.08157080e+03, 6.42269348e+02, 1.05388049e+03, 6.43162231e+02,
    1.15857886e+03, 6.15045593e+02, 1.12710864e+03, 6.17090637e+02,
    1.09699451e+03, 6.17922791e+02, 1.06804529e+03, 6.19267761e+02,
    1.04015491e+03, 6.20736389e+02, 1.14524597e+03, 5.89709106e+02,
    1.11353711e+03, 5.92279297e+02, 1.08325220e+03, 5.93896057e+02,
    1.05408118e+03, 5.95519165e+02, 1.02605371e+03, 5.97714478e+02,
    1.13145667e+03, 5.63494934e+02, 1.09959412e+03, 5.66764832e+02,
    1.06895142e+03, 5.68894958e+02, 1.03939319e+03, 5.71371094e+02,
    1.01132355e+03, 5.74002258e+02 ]
