%YAML:1.0
points: [ 3.13750122e+02, 1.40438278e+02, 3.04464142e+02, 1.48944702e+02,
    2.95524109e+02, 1.57216721e+02, 2.86883636e+02, 1.65053421e+02,
    2.78552216e+02, 1.72704315e+02, 3.04648224e+02, 1.31651093e+02,
    2.95455688e+02, 1.40411545e+02, 2.86601044e+02, 1.48892746e+02,
    2.78030640e+02, 1.56937286e+02, 2.69785645e+02, 1.64752518e+02,
    2.95336700e+02, 1.22718857e+02, 2.86260284e+02, 1.31736160e+02,
    2.77547546e+02, 1.40351440e+02, 2.69063141e+02, 1.48651505e+02,
    2.60915009e+02, 1.56716583e+02, 2.85995270e+02, 1.13557503e+02,
    2.76915344e+02, 1.22914474e+02, 2.68329803e+02, 1.31675308e+02,
    2.59934967e+02, 1.40264252e+02, 2.51854446e+02, 1.48499542e+02,
    2.76399475e+02, 1.04276054e+02, 2.67456696e+02, 1.13858696e+02,
    2.58926453e+02, 1.22860184e+02, 2.50680801e+02, 1.31681610e+02,
    2.42674561e+02, 1.40211609e+02, 2.66676270e+02, 9.48185501e+01,
    2.57810364e+02, 1.04657745e+02, 2.49387360e+02, 1.13954430e+02,
    2.41224991e+02, 1.22921165e+02, 2.33326553e+02, 1.31710770e+02,
    2.56743530e+02, 8.51743546e+01, 2.47981964e+02, 9.52714462e+01,
    2.39673859e+02, 1.04836899e+02, 2.31592712e+02, 1.14108429e+02,
    2.23741226e+02, 1.23104416e+02 ]
