%YAML:1.0
points: [ 3.33850739e+02, 1.51805695e+02, 3.22510315e+02, 1.47697144e+02,
    3.11085114e+02, 1.43475098e+02, 2.99438324e+02, 1.39213928e+02,
    2.87627533e+02, 1.34878937e+02, 3.38020264e+02, 1.39635452e+02,
    3.26708344e+02, 1.35396439e+02, 3.15295013e+02, 1.31091461e+02,
    3.03632355e+02, 1.26715256e+02, 2.91791687e+02, 1.22248726e+02,
    3.42196350e+02, 1.27398857e+02, 3.30938019e+02, 1.23008530e+02,
    3.19486572e+02, 1.18630463e+02, 3.07826172e+02, 1.14151314e+02,
    2.95990936e+02, 1.09570686e+02, 3.46439911e+02, 1.15076057e+02,
    3.35263824e+02, 1.10571960e+02, 3.23687103e+02, 1.06132233e+02,
    3.12036377e+02, 1.01483055e+02, 3.00270203e+02, 9.68471069e+01,
    3.50674011e+02, 1.02743576e+02, 3.39565918e+02, 9.81126251e+01,
    3.27926849e+02, 9.35030365e+01, 3.16352020e+02, 8.88090591e+01,
    3.04611725e+02, 8.39987717e+01, 3.54892365e+02, 9.03414001e+01,
    3.43771393e+02, 8.55747223e+01, 3.32268860e+02, 8.09069977e+01,
    3.20640320e+02, 7.60928726e+01, 3.08860229e+02, 7.11468811e+01,
    3.59166473e+02, 7.79405289e+01, 3.48017853e+02, 7.30707397e+01,
    3.36606720e+02, 6.82063141e+01, 3.24930359e+02, 6.32541161e+01,
    3.13260742e+02, 5.81978569e+01 ]
