%YAML:1.0
points: [ 3.49010345e+02, 1.41732391e+02, 3.38233978e+02, 1.50726654e+02,
    3.27859070e+02, 1.59529984e+02, 3.17744202e+02, 1.67919281e+02,
    3.07946716e+02, 1.76165604e+02, 3.40332642e+02, 1.32583939e+02,
    3.29569275e+02, 1.41856705e+02, 3.19241272e+02, 1.50904022e+02,
    3.09127289e+02, 1.59529236e+02, 2.99348328e+02, 1.67948410e+02,
    3.31468170e+02, 1.23188095e+02, 3.20765350e+02, 1.32834290e+02,
    3.10353943e+02, 1.41984756e+02, 3.00311157e+02, 1.50914978e+02,
    2.90564087e+02, 1.59633194e+02, 3.22405701e+02, 1.13528687e+02,
    3.11725372e+02, 1.23523598e+02, 3.01312073e+02, 1.32851151e+02,
    2.91279449e+02, 1.42078812e+02, 2.81532166e+02, 1.51014832e+02,
    3.13143250e+02, 1.03627892e+02, 3.02405426e+02, 1.13911736e+02,
    2.92078430e+02, 1.23553055e+02, 2.82057007e+02, 1.32993484e+02,
    2.72313019e+02, 1.42254669e+02, 3.03576782e+02, 9.34853973e+01,
    2.92922211e+02, 1.04032356e+02, 2.82527191e+02, 1.14000572e+02,
    2.72527252e+02, 1.23696373e+02, 2.62895111e+02, 1.33175308e+02,
    2.93757294e+02, 8.29522247e+01, 2.83123230e+02, 9.38024902e+01,
    2.72809418e+02, 1.04124352e+02, 2.62819427e+02, 1.14155304e+02,
    2.53124237e+02, 1.23945976e+02 ]
