%YAML:1.0
points: [ 1.13082178e+03, 3.93185638e+02, 1.09801892e+03, 3.81195312e+02,
    1.06485461e+03, 3.69092499e+02, 1.03104272e+03, 3.56824890e+02,
    9.96819702e+02, 3.44313660e+02, 1.14257922e+03, 3.58325317e+02,
    1.10980957e+03, 3.46164490e+02, 1.07672607e+03, 3.33695801e+02,
    1.04286206e+03, 3.21146881e+02, 1.00865259e+03, 3.08336273e+02,
    1.15432727e+03, 3.23352051e+02, 1.12182556e+03, 3.10835266e+02,
    1.08846631e+03, 2.98256805e+02, 1.05479944e+03, 2.85281250e+02,
    1.02053546e+03, 2.72226807e+02, 1.16627930e+03, 2.88244171e+02,
    1.13389087e+03, 2.75275391e+02, 1.10041272e+03, 2.62496613e+02,
    1.06678540e+03, 2.49242065e+02, 1.03265674e+03, 2.35788849e+02,
    1.17842383e+03, 2.52883255e+02, 1.14599170e+03, 2.39633118e+02,
    1.11250122e+03, 2.26505478e+02, 1.07885498e+03, 2.12970261e+02,
    1.04475854e+03, 1.99166946e+02, 1.19062317e+03, 2.17271942e+02,
    1.15817993e+03, 2.03722382e+02, 1.12481335e+03, 1.90201309e+02,
    1.09108618e+03, 1.76449997e+02, 1.05707495e+03, 1.62204987e+02,
    1.20285913e+03, 1.81429520e+02, 1.17052673e+03, 1.67560608e+02,
    1.13720813e+03, 1.53759705e+02, 1.10359631e+03, 1.39574554e+02,
    1.06953320e+03, 1.25004196e+02 ]
