%YAML:1.0
points: [ 1.13116187e+03, 6.44557373e+02, 1.09984644e+03, 6.35678345e+02,
    1.06942700e+03, 6.27398804e+02, 1.04040381e+03, 6.18956116e+02,
    1.01224750e+03, 6.11097778e+02, 1.13032788e+03, 6.14475098e+02,
    1.09839709e+03, 6.06109131e+02, 1.06759741e+03, 5.98264160e+02,
    1.03824390e+03, 5.90293152e+02, 1.00973517e+03, 5.82631897e+02,
    1.12953162e+03, 5.83379150e+02, 1.09689648e+03, 5.75733459e+02,
    1.06590112e+03, 5.67824524e+02, 1.03600940e+03, 5.60621277e+02,
    1.00712915e+03, 5.53452271e+02, 1.12869080e+03, 5.51298157e+02,
    1.09543762e+03, 5.44434326e+02, 1.06417627e+03, 5.36716919e+02,
    1.03368958e+03, 5.29945068e+02, 1.00429041e+03, 5.23306274e+02,
    1.12778955e+03, 5.18281006e+02, 1.09409863e+03, 5.11896973e+02,
    1.06223523e+03, 5.04810883e+02, 1.03131897e+03, 4.98341553e+02,
    1.00141541e+03, 4.92332581e+02, 1.12688831e+03, 4.84135284e+02,
    1.09263892e+03, 4.78139893e+02, 1.06017200e+03, 4.71774902e+02,
    1.02885681e+03, 4.65819397e+02, 9.98451843e+02, 4.60359497e+02,
    1.12593030e+03, 4.48667542e+02, 1.09111536e+03, 4.43333557e+02,
    1.05809534e+03, 4.37637634e+02, 1.02609668e+03, 4.32326294e+02,
    9.95265198e+02, 4.27460724e+02 ]
