%YAML:1.0
points: [ 1.11381287e+03, 4.74527832e+02, 1.07950061e+03, 4.70972229e+02,
    1.04480188e+03, 4.67479919e+02, 1.00959985e+03, 4.63905457e+02,
    9.74084412e+02, 4.60240509e+02, 1.11800452e+03, 4.38816406e+02,
    1.08362329e+03, 4.35129608e+02, 1.04887244e+03, 4.31356201e+02,
    1.01353149e+03, 4.27540253e+02, 9.77919861e+02, 4.23659302e+02,
    1.12225439e+03, 4.02846039e+02, 1.08786670e+03, 3.98925903e+02,
    1.05287988e+03, 3.94992554e+02, 1.01755133e+03, 3.90954407e+02,
    9.81834351e+02, 3.86881165e+02, 1.12662610e+03, 3.66715424e+02,
    1.09219971e+03, 3.62480286e+02, 1.05699622e+03, 3.58375275e+02,
    1.02160760e+03, 3.54076324e+02, 9.85806396e+02, 3.49733063e+02,
    1.13105310e+03, 3.30227600e+02, 1.09653040e+03, 3.25764130e+02,
    1.06120300e+03, 3.21463318e+02, 1.02573889e+03, 3.16959320e+02,
    9.89821533e+02, 3.12330414e+02, 1.13553186e+03, 2.93453491e+02,
    1.10092981e+03, 2.88763092e+02, 1.06557532e+03, 2.84160431e+02,
    1.02994470e+03, 2.79451935e+02, 9.93941956e+02, 2.74554047e+02,
    1.14010742e+03, 2.56325623e+02, 1.10542798e+03, 2.51380692e+02,
    1.06999561e+03, 2.46556564e+02, 1.03430017e+03, 2.41576859e+02,
    9.98175598e+02, 2.36403870e+02 ]
