%YAML:1.0
points: [ 3.62367798e+02, 1.22213638e+02, 3.51452118e+02, 1.32222626e+02,
    3.40949615e+02, 1.41952881e+02, 3.30546295e+02, 1.51481949e+02,
    3.20410553e+02, 1.60745880e+02, 3.53536011e+02, 1.12412216e+02,
    3.42682343e+02, 1.22673172e+02, 3.32168365e+02, 1.32730179e+02,
    3.21717773e+02, 1.42398010e+02, 3.11586761e+02, 1.51872391e+02,
    3.44586182e+02, 1.02470352e+02, 3.33737549e+02, 1.13061150e+02,
    3.23134308e+02, 1.23162682e+02, 3.12714661e+02, 1.33119095e+02,
    3.02577454e+02, 1.42877075e+02, 3.35326752e+02, 9.22699356e+01,
    3.24536987e+02, 1.03117996e+02, 3.13948273e+02, 1.13353813e+02,
    3.03395508e+02, 1.23632805e+02, 2.93340576e+02, 1.33636856e+02,
    3.26058075e+02, 8.17375412e+01, 3.15191132e+02, 9.27355576e+01,
    3.04387390e+02, 1.03477539e+02, 2.94119965e+02, 1.13928284e+02,
    2.83981628e+02, 1.24158546e+02, 3.16324982e+02, 7.08482208e+01,
    3.05439789e+02, 8.22300262e+01, 2.94883820e+02, 9.31655884e+01,
    2.84337067e+02, 1.03954041e+02, 2.74242310e+02, 1.14305298e+02,
    3.06543945e+02, 5.98664970e+01, 2.95629395e+02, 7.14471207e+01,
    2.84996399e+02, 8.25713196e+01, 2.74429810e+02, 9.35985565e+01,
    2.64306396e+02, 1.04375626e+02 ]
