%YAML:1.0
points: [ 3.27562256e+02, 1.80248138e+02, 3.15606567e+02, 1.79021973e+02,
    3.03681824e+02, 1.77835022e+02, 2.91525574e+02, 1.76658981e+02,
    2.79241974e+02, 1.75410461e+02, 3.29096466e+02, 1.67763992e+02,
    3.17126068e+02, 1.66548355e+02, 3.05161621e+02, 1.65256989e+02,
    2.92934906e+02, 1.63956879e+02, 2.80646423e+02, 1.62655075e+02,
    3.30677826e+02, 1.55232269e+02, 3.18741302e+02, 1.53885406e+02,
    3.06624420e+02, 1.52581665e+02, 2.94456970e+02, 1.51192719e+02,
    2.82062866e+02, 1.49805176e+02, 3.32257812e+02, 1.42585526e+02,
    3.20387817e+02, 1.41117889e+02, 3.08129181e+02, 1.39748108e+02,
    2.95888763e+02, 1.38277023e+02, 2.83558136e+02, 1.36812073e+02,
    3.33884064e+02, 1.29808411e+02, 3.21962250e+02, 1.28274582e+02,
    3.09737518e+02, 1.26799873e+02, 2.97448059e+02, 1.25269936e+02,
    2.85008820e+02, 1.23687424e+02, 3.35590393e+02, 1.16933548e+02,
    3.23631134e+02, 1.15316772e+02, 3.11369446e+02, 1.13744041e+02,
    2.98957458e+02, 1.12133156e+02, 2.86569244e+02, 1.10456345e+02,
    3.37213562e+02, 1.03952454e+02, 3.25262665e+02, 1.02231476e+02,
    3.12930969e+02, 1.00562881e+02, 3.00596283e+02, 9.88402405e+01,
    2.88134583e+02, 9.70737839e+01 ]
