%YAML:1.0
points: [ 1.06936157e+03, 6.52771179e+02, 1.04365723e+03, 6.43510803e+02,
    1.01877386e+03, 6.34788391e+02, 9.95136536e+02, 6.26047913e+02,
    9.72296387e+02, 6.17853455e+02, 1.06586060e+03, 6.24723328e+02,
    1.03968823e+03, 6.15857544e+02, 1.01455853e+03, 6.07752747e+02,
    9.90806702e+02, 5.99414185e+02, 9.67744385e+02, 5.91445862e+02,
    1.06230798e+03, 5.95790771e+02, 1.03556958e+03, 5.87718872e+02,
    1.01045898e+03, 5.79517822e+02, 9.86329041e+02, 5.71950500e+02,
    9.62991028e+02, 5.64482300e+02, 1.05855200e+03, 5.66026184e+02,
    1.03137073e+03, 5.58800049e+02, 1.00617859e+03, 5.50712402e+02,
    9.81705322e+02, 5.43707581e+02, 9.58011292e+02, 5.36834045e+02,
    1.05460181e+03, 5.35471375e+02, 1.02725415e+03, 5.28723389e+02,
    1.00172321e+03, 5.21370117e+02, 9.76912231e+02, 5.14658447e+02,
    9.52950317e+02, 5.08406372e+02, 1.05061841e+03, 5.03917999e+02,
    1.02301270e+03, 4.97655731e+02, 9.97011597e+02, 4.91097565e+02,
    9.71967712e+02, 4.84832489e+02, 9.47701782e+02, 4.79179657e+02,
    1.04649231e+03, 4.71412170e+02, 1.01849127e+03, 4.65795380e+02,
    9.92149658e+02, 4.59809326e+02, 9.66610657e+02, 4.54292572e+02,
    9.42101379e+02, 4.49172943e+02 ]
