%YAML:1.0
points: [ 3.36331604e+02, 1.29222382e+02, 3.30907349e+02, 1.42082367e+02,
    3.25677765e+02, 1.54571075e+02, 3.20588562e+02, 1.66567657e+02,
    3.15655060e+02, 1.78239487e+02, 3.23514923e+02, 1.25061447e+02,
    3.18299347e+02, 1.38016754e+02, 3.13278076e+02, 1.50659760e+02,
    3.08358734e+02, 1.62726120e+02, 3.03600464e+02, 1.74525452e+02,
    3.10672272e+02, 1.20837440e+02, 3.05640411e+02, 1.33987701e+02,
    3.00724854e+02, 1.46614090e+02, 2.96030029e+02, 1.58838608e+02,
    2.91484802e+02, 1.70754379e+02, 2.97698792e+02, 1.16546951e+02,
    2.92910889e+02, 1.29914993e+02, 2.88176422e+02, 1.42564133e+02,
    2.83620453e+02, 1.54941986e+02, 2.79223450e+02, 1.66945602e+02,
    2.84648895e+02, 1.12206459e+02, 2.80028534e+02, 1.25695396e+02,
    2.75493561e+02, 1.38507645e+02, 2.71142365e+02, 1.50996796e+02,
    2.66903503e+02, 1.63152359e+02, 2.71461182e+02, 1.07811813e+02,
    2.67057617e+02, 1.21429985e+02, 2.62728363e+02, 1.34411560e+02,
    2.58556030e+02, 1.47003891e+02, 2.54489059e+02, 1.59291275e+02,
    2.58200958e+02, 1.03342438e+02, 2.53923752e+02, 1.17203407e+02,
    2.49798874e+02, 1.30236206e+02, 2.45823212e+02, 1.42973541e+02,
    2.41958038e+02, 1.55442230e+02 ]
