%YAML:1.0
points: [ 9.68547058e+02, 2.74145325e+02, 9.31885010e+02, 2.68884613e+02,
    8.95418823e+02, 2.63462006e+02, 8.59562927e+02, 2.58452759e+02,
    8.23895813e+02, 2.53205399e+02, 9.76271851e+02, 2.40489258e+02,
    9.39730042e+02, 2.35372238e+02, 9.03662476e+02, 2.30140396e+02,
    8.67931580e+02, 2.25339981e+02, 8.32483887e+02, 2.20310776e+02,
    9.83795166e+02, 2.07330170e+02, 9.47475830e+02, 2.02198868e+02,
    9.11619812e+02, 1.97537704e+02, 8.76150024e+02, 1.92644989e+02,
    8.40904236e+02, 1.87770874e+02, 9.91179077e+02, 1.74611740e+02,
    9.55220886e+02, 1.69377914e+02, 9.19484497e+02, 1.65250366e+02,
    8.84238586e+02, 1.60436310e+02, 8.49206848e+02, 1.55716782e+02,
    9.98609192e+02, 1.42218155e+02, 9.62817383e+02, 1.37129456e+02,
    9.27333374e+02, 1.33167969e+02, 8.92182678e+02, 1.28696762e+02,
    8.57372131e+02, 1.23916733e+02, 1.00598315e+03, 1.10213837e+02,
    9.70304810e+02, 1.05326569e+02, 9.35100342e+02, 1.01393967e+02,
    9.00088074e+02, 9.71248856e+01, 8.65519836e+02, 9.25431824e+01,
    1.01313409e+03, 7.86356354e+01, 9.77771545e+02, 7.38314438e+01,
    9.42684814e+02, 7.00628510e+01, 9.07883057e+02, 6.58370895e+01,
    8.73432495e+02, 6.12334175e+01 ]
