%YAML:1.0
points: [ 2.78036957e+02, 1.10327629e+02, 2.65101196e+02, 1.08529724e+02,
    2.52317612e+02, 1.06655212e+02, 2.39690933e+02, 1.04900528e+02,
    2.27145935e+02, 1.03063385e+02, 2.80550385e+02, 9.85164871e+01,
    2.67706085e+02, 9.67559891e+01, 2.55010895e+02, 9.49453278e+01,
    2.42463089e+02, 9.32861176e+01, 2.29973541e+02, 9.15329590e+01,
    2.83046600e+02, 8.68900146e+01, 2.70273926e+02, 8.51152039e+01,
    2.57664612e+02, 8.35216522e+01, 2.45159500e+02, 8.18376083e+01,
    2.32748749e+02, 8.01640244e+01, 2.85483978e+02, 7.54716034e+01,
    2.72819427e+02, 7.36193466e+01, 2.60281677e+02, 7.22412872e+01,
    2.47847824e+02, 7.05715256e+01, 2.35520706e+02, 6.89736786e+01,
    2.87904846e+02, 6.41938248e+01, 2.75314941e+02, 6.24094238e+01,
    2.62851105e+02, 6.10445480e+01, 2.50510818e+02, 5.94647751e+01,
    2.38249969e+02, 5.78213768e+01, 2.90295532e+02, 5.30426369e+01,
    2.77791687e+02, 5.13504982e+01, 2.65403931e+02, 4.99675713e+01,
    2.53100876e+02, 4.85518341e+01, 2.40960922e+02, 4.69763603e+01,
    2.92643799e+02, 4.21350403e+01, 2.80221924e+02, 4.04747124e+01,
    2.67886993e+02, 3.91276360e+01, 2.55674423e+02, 3.77097244e+01,
    2.43567841e+02, 3.61654625e+01 ]
