%YAML:1.0
points: [ 1.06554883e+03, 6.50938110e+02, 1.04022058e+03, 6.34316345e+02,
    1.01536224e+03, 6.18284607e+02, 9.91763123e+02, 6.02502686e+02,
    9.68533630e+02, 5.87301392e+02, 1.07049048e+03, 6.25855103e+02,
    1.04445984e+03, 6.09243835e+02, 1.01913696e+03, 5.93490723e+02,
    9.94990784e+02, 5.77796997e+02, 9.71521851e+02, 5.62681763e+02,
    1.07569775e+03, 5.99773254e+02, 1.04874255e+03, 5.83498474e+02,
    1.02331775e+03, 5.67416870e+02, 9.98487732e+02, 5.52182434e+02,
    9.74400696e+02, 5.37190369e+02, 1.08097803e+03, 5.72606995e+02,
    1.05324719e+03, 5.56837219e+02, 1.02748792e+03, 5.40542480e+02,
    1.00203741e+03, 5.25465759e+02, 9.77348389e+02, 5.10786407e+02,
    1.08639575e+03, 5.44529114e+02, 1.05820703e+03, 5.28876282e+02,
    1.03169189e+03, 5.12918396e+02, 1.00568225e+03, 4.97777679e+02,
    9.80422729e+02, 4.83377289e+02, 1.09214380e+03, 5.15259521e+02,
    1.06333630e+03, 4.99722473e+02, 1.03605652e+03, 4.84150787e+02,
    1.00953290e+03, 4.69150513e+02, 9.83594421e+02, 4.54954895e+02,
    1.09816162e+03, 4.84764496e+02, 1.06858362e+03, 4.69497314e+02,
    1.04053955e+03, 4.54048187e+02, 1.01317999e+03, 4.39407043e+02,
    9.86731140e+02, 4.25488708e+02 ]
