%YAML:1.0
points: [ 3.80691162e+02, 1.30105286e+02, 3.74161194e+02, 1.43506668e+02,
    3.67837097e+02, 1.56610016e+02, 3.61569061e+02, 1.69218246e+02,
    3.55541443e+02, 1.81582047e+02, 3.68481750e+02, 1.25766495e+02,
    3.62087524e+02, 1.39389877e+02, 3.55897095e+02, 1.52722519e+02,
    3.49705078e+02, 1.65493576e+02, 3.43759308e+02, 1.77998138e+02,
    3.56093781e+02, 1.21343346e+02, 3.49823181e+02, 1.35263443e+02,
    3.43584412e+02, 1.48664032e+02, 3.37607788e+02, 1.61700867e+02,
    3.31829102e+02, 1.74367264e+02, 3.43385498e+02, 1.16827347e+02,
    3.37321472e+02, 1.31021759e+02, 3.31143188e+02, 1.44532990e+02,
    3.25294464e+02, 1.57819672e+02, 3.19632385e+02, 1.70690948e+02,
    3.30445099e+02, 1.12189674e+02, 3.24498138e+02, 1.26604240e+02,
    3.18464355e+02, 1.40376266e+02, 3.12737396e+02, 1.53842133e+02,
    3.07249817e+02, 1.66930435e+02, 3.17277557e+02, 1.07489944e+02,
    3.11414490e+02, 1.22096443e+02, 3.05577209e+02, 1.36142853e+02,
    3.00007935e+02, 1.49769623e+02, 2.94596985e+02, 1.63084671e+02,
    3.03775757e+02, 1.02643600e+02, 2.98083191e+02, 1.17512306e+02,
    2.92412933e+02, 1.31755447e+02, 2.86999725e+02, 1.45638672e+02,
    2.81767334e+02, 1.59190033e+02 ]
