%YAML:1.0
points: [ 2.56217163e+02, 7.95591660e+01, 2.43931793e+02, 7.85140152e+01,
    2.31834549e+02, 7.73516617e+01, 2.20096649e+02, 7.63806915e+01,
    2.08529587e+02, 7.53200912e+01, 2.59756592e+02, 6.93497391e+01,
    2.47525131e+02, 6.83856506e+01, 2.35586014e+02, 6.73148346e+01,
    2.23879105e+02, 6.64783325e+01, 2.12420853e+02, 6.55567093e+01,
    2.63150116e+02, 5.93901215e+01, 2.51017883e+02, 5.84300613e+01,
    2.39241287e+02, 5.77344170e+01, 2.27613297e+02, 5.68617325e+01,
    2.16198425e+02, 5.60628471e+01, 2.66496368e+02, 4.97081299e+01,
    2.54461761e+02, 4.87037163e+01, 2.42835434e+02, 4.82774582e+01,
    2.31271927e+02, 4.75027580e+01, 2.19958466e+02, 4.67377357e+01,
    2.69708405e+02, 4.03529015e+01, 2.57832886e+02, 3.94688301e+01,
    2.46281586e+02, 3.90462761e+01, 2.34816208e+02, 3.83862572e+01,
    2.23569534e+02, 3.75968475e+01, 2.72911041e+02, 3.10720215e+01,
    2.61166626e+02, 3.02375126e+01, 2.49646912e+02, 2.98178787e+01,
    2.38311020e+02, 2.93217468e+01, 2.27152451e+02, 2.87291641e+01,
    2.76035431e+02, 2.20866489e+01, 2.64380249e+02, 2.13422413e+01,
    2.52942383e+02, 2.09937973e+01, 2.41770493e+02, 2.05440025e+01,
    2.30671036e+02, 1.98576717e+01 ]
