%YAML:1.0
points: [ 9.06505981e+02, 1.86256653e+02, 8.71916016e+02, 1.83128677e+02,
    8.37831177e+02, 1.79796173e+02, 8.04598511e+02, 1.76985184e+02,
    7.71806213e+02, 1.73949921e+02, 9.17250549e+02, 1.57142105e+02,
    8.82755432e+02, 1.54260208e+02, 8.49179504e+02, 1.51214554e+02,
    8.16243652e+02, 1.48714157e+02, 7.83686707e+02, 1.45946045e+02,
    9.27665222e+02, 1.28598343e+02, 8.93467102e+02, 1.25720741e+02,
    8.60072144e+02, 1.23454765e+02, 8.27464722e+02, 1.20950333e+02,
    7.95182007e+02, 1.18426483e+02, 9.37839417e+02, 1.00615288e+02,
    9.04069519e+02, 9.77041473e+01, 8.70854065e+02, 9.61653442e+01,
    8.38432129e+02, 9.38421783e+01, 8.06449646e+02, 9.15065613e+01,
    9.47825684e+02, 7.32034988e+01, 9.14311707e+02, 7.05157089e+01,
    8.81458252e+02, 6.91702881e+01, 8.49122192e+02, 6.72767868e+01,
    8.17411926e+02, 6.49468231e+01, 9.57692749e+02, 4.63327026e+01,
    9.24416321e+02, 4.39041367e+01, 8.91815369e+02, 4.26298904e+01,
    8.59675659e+02, 4.10676994e+01, 8.28309570e+02, 3.90445328e+01,
    9.67276001e+02, 2.00407810e+01, 9.34327759e+02, 1.77302876e+01,
    9.01916077e+02, 1.67359848e+01, 8.69999939e+02, 1.53163586e+01,
    8.38708374e+02, 1.33156633e+01 ]
