%YAML:1.0
points: [ 1.32071155e+03, 7.33049927e+02, 1.29911548e+03, 7.05663025e+02,
    1.27696057e+03, 6.77958008e+02, 1.25441125e+03, 6.49013916e+02,
    1.23127478e+03, 6.19588501e+02, 1.36009827e+03, 7.22732727e+02,
    1.33855920e+03, 6.94793884e+02, 1.31633545e+03, 6.66096558e+02,
    1.29365186e+03, 6.36255005e+02, 1.27044324e+03, 6.05898071e+02,
    1.40153589e+03, 7.11974792e+02, 1.37998511e+03, 6.83509827e+02,
    1.35781470e+03, 6.53540894e+02, 1.33503247e+03, 6.22970154e+02,
    1.31170300e+03, 5.91515442e+02, 1.44525269e+03, 7.00828003e+02,
    1.42366870e+03, 6.71626709e+02, 1.40153662e+03, 6.40293701e+02,
    1.37878003e+03, 6.08868774e+02, 1.35548572e+03, 5.76464478e+02,
    1.49133813e+03, 6.89105713e+02, 1.46975439e+03, 6.58899902e+02,
    1.44765710e+03, 6.26661682e+02, 1.42499243e+03, 5.94032043e+02,
    1.40162048e+03, 5.60734741e+02, 1.53992700e+03, 6.76710388e+02,
    1.51854395e+03, 6.45446106e+02, 1.49652295e+03, 6.12300781e+02,
    1.47390710e+03, 5.78516479e+02, 1.45066992e+03, 5.43843567e+02,
    1.59121362e+03, 6.63628601e+02, 1.57003894e+03, 6.31371582e+02,
    1.54835022e+03, 5.97065674e+02, 1.52594568e+03, 5.62250061e+02,
    1.50268884e+03, 5.26546753e+02 ]
