%YAML:1.0
points: [ 1.23112512e+03, 6.27838074e+02, 1.21124976e+03, 6.36178528e+02,
    1.19117126e+03, 6.44857910e+02, 1.17008862e+03, 6.53429199e+02,
    1.14866980e+03, 6.62477234e+02, 1.23884131e+03, 6.06006592e+02,
    1.21905347e+03, 6.14174622e+02, 1.19853296e+03, 6.22713684e+02,
    1.17721851e+03, 6.31206360e+02, 1.15560596e+03, 6.39968384e+02,
    1.24689697e+03, 5.83517761e+02, 1.22711377e+03, 5.91658813e+02,
    1.20615149e+03, 5.99746704e+02, 1.18466089e+03, 6.08229553e+02,
    1.16276624e+03, 6.16824890e+02, 1.25542334e+03, 5.60235596e+02,
    1.23537256e+03, 5.68461060e+02, 1.21417139e+03, 5.75942322e+02,
    1.19253491e+03, 5.84274841e+02, 1.17037024e+03, 5.92731995e+02,
    1.26424036e+03, 5.36324890e+02, 1.24393506e+03, 5.44274231e+02,
    1.22234668e+03, 5.51765442e+02, 1.20059509e+03, 5.59656372e+02,
    1.17821082e+03, 5.68124817e+02, 1.27331836e+03, 5.11460236e+02,
    1.25271753e+03, 5.19284424e+02, 1.23105273e+03, 5.26625793e+02,
    1.20898938e+03, 5.34276917e+02, 1.18639856e+03, 5.42358093e+02,
    1.28273022e+03, 4.85800720e+02, 1.26197900e+03, 4.93429413e+02,
    1.24023279e+03, 5.00367798e+02, 1.21801807e+03, 5.07848877e+02,
    1.19507642e+03, 5.16121887e+02 ]
