%YAML:1.0
points: [ 3.61870667e+02, 1.93357300e+02, 3.54618896e+02, 2.02116562e+02,
    3.47746063e+02, 2.10647156e+02, 3.41163483e+02, 2.18509354e+02,
    3.34857391e+02, 2.26239975e+02, 3.51108307e+02, 1.90690460e+02,
    3.44019562e+02, 1.99696579e+02, 3.37420288e+02, 2.08379929e+02,
    3.30925018e+02, 2.16374207e+02, 3.24763794e+02, 2.24130920e+02,
    3.40046448e+02, 1.87968628e+02, 3.33228790e+02, 1.97258102e+02,
    3.26695251e+02, 2.05793701e+02, 3.20419189e+02, 2.14112000e+02,
    3.14436066e+02, 2.22085739e+02, 3.28768433e+02, 1.85210953e+02,
    3.22201233e+02, 1.94787857e+02, 3.15758270e+02, 2.03313828e+02,
    3.09699036e+02, 2.11844986e+02, 3.03906494e+02, 2.19991821e+02,
    3.17261902e+02, 1.82394272e+02, 3.10908264e+02, 1.92089081e+02,
    3.04638580e+02, 2.00852203e+02, 2.98741516e+02, 2.09510361e+02,
    2.93180481e+02, 2.17829803e+02, 3.05471680e+02, 1.79485580e+02,
    2.99308441e+02, 1.89367569e+02, 2.93293884e+02, 1.98411636e+02,
    2.87579407e+02, 2.07108780e+02, 2.82152252e+02, 2.15615555e+02,
    2.93408508e+02, 1.76497299e+02, 2.87427917e+02, 1.86610443e+02,
    2.81637573e+02, 1.95825729e+02, 2.76163513e+02, 2.04780411e+02,
    2.70975128e+02, 2.13504211e+02 ]
