%YAML:1.0
points: [ 3.64805481e+02, 2.33669601e+02, 3.58033630e+02, 2.36509766e+02,
    3.51278656e+02, 2.39542938e+02, 3.44048462e+02, 2.42561905e+02,
    3.36800476e+02, 2.45672470e+02, 3.67670715e+02, 2.26111115e+02,
    3.60929932e+02, 2.28866730e+02, 3.54104584e+02, 2.31937164e+02,
    3.46790344e+02, 2.34867935e+02, 3.39399170e+02, 2.37859879e+02,
    3.70777008e+02, 2.18185684e+02, 3.64080902e+02, 2.21039658e+02,
    3.56885162e+02, 2.23828934e+02, 3.49739319e+02, 2.26853851e+02,
    3.42156494e+02, 2.29852127e+02, 3.73960754e+02, 2.10040558e+02,
    3.67324768e+02, 2.12952515e+02, 3.59890106e+02, 2.15561447e+02,
    3.52637756e+02, 2.18510056e+02, 3.45098572e+02, 2.21463547e+02,
    3.77219666e+02, 2.01742752e+02, 3.70530548e+02, 2.04529755e+02,
    3.63127258e+02, 2.07079865e+02, 3.55698914e+02, 2.09897110e+02,
    3.48208191e+02, 2.12830048e+02, 3.80730652e+02, 1.92974350e+02,
    3.73856964e+02, 1.95775055e+02, 3.66550690e+02, 1.98275253e+02,
    3.58940979e+02, 2.00998520e+02, 3.51330597e+02, 2.03922272e+02,
    3.84287872e+02, 1.84084854e+02, 3.77414825e+02, 1.86727127e+02,
    3.70006592e+02, 1.89194092e+02, 3.62413025e+02, 1.91827103e+02,
    3.54760803e+02, 1.94717560e+02 ]
