%YAML:1.0
points: [ 1.30285559e+03, 7.49333435e+02, 1.28383301e+03, 7.21827026e+02,
    1.26423279e+03, 6.93882019e+02, 1.24425977e+03, 6.64627258e+02,
    1.22364221e+03, 6.34856323e+02, 1.34256055e+03, 7.42363159e+02,
    1.32360657e+03, 7.14356812e+02, 1.30404163e+03, 6.85528015e+02,
    1.28414062e+03, 6.55368164e+02, 1.26359753e+03, 6.24639648e+02,
    1.38424902e+03, 7.35174500e+02, 1.36540942e+03, 7.06709412e+02,
    1.34606738e+03, 6.76561340e+02, 1.32613110e+03, 6.45700134e+02,
    1.30565247e+03, 6.14001160e+02, 1.42816187e+03, 7.27804382e+02,
    1.40949695e+03, 6.98599731e+02, 1.39033484e+03, 6.67189026e+02,
    1.37052832e+03, 6.35527954e+02, 1.35024475e+03, 6.02889954e+02,
    1.47447717e+03, 7.20080200e+02, 1.45595166e+03, 6.89914490e+02,
    1.43698401e+03, 6.57605896e+02, 1.41745508e+03, 6.24862366e+02,
    1.39725757e+03, 5.91241821e+02, 1.52330579e+03, 7.11904114e+02,
    1.50506201e+03, 6.80719177e+02, 1.48641614e+03, 6.47575439e+02,
    1.46711072e+03, 6.13640015e+02, 1.44719470e+03, 5.78848206e+02,
    1.57477087e+03, 7.03224487e+02, 1.55696179e+03, 6.71106812e+02,
    1.53874207e+03, 6.36893860e+02, 1.51988367e+03, 6.02020447e+02,
    1.50010522e+03, 5.66188110e+02 ]
