%YAML:1.0
points: [ 3.00480225e+02, 2.63685791e+02, 2.90889252e+02, 2.63380676e+02,
    2.81258484e+02, 2.63246063e+02, 2.71455872e+02, 2.62920105e+02,
    2.61638794e+02, 2.62690308e+02, 3.03245270e+02, 2.57958008e+02,
    2.93524567e+02, 2.57664093e+02, 2.83732269e+02, 2.57545319e+02,
    2.73749695e+02, 2.57152222e+02, 2.63690308e+02, 2.56841522e+02,
    3.06205017e+02, 2.51963959e+02, 2.96323730e+02, 2.51804886e+02,
    2.86270508e+02, 2.51374100e+02, 2.76207733e+02, 2.51127762e+02,
    2.65880280e+02, 2.50780380e+02, 3.09261993e+02, 2.45748047e+02,
    2.99225891e+02, 2.45717896e+02, 2.88980194e+02, 2.45085129e+02,
    2.78655609e+02, 2.44793213e+02, 2.68192230e+02, 2.44440277e+02,
    3.12486755e+02, 2.39362015e+02, 3.02327148e+02, 2.39215927e+02,
    2.91813446e+02, 2.38636337e+02, 2.81234741e+02, 2.38238770e+02,
    2.70610352e+02, 2.37906128e+02, 3.15881256e+02, 2.32680984e+02,
    3.05457825e+02, 2.32473770e+02, 2.94767639e+02, 2.31939407e+02,
    2.83958099e+02, 2.31412598e+02, 2.73130157e+02, 2.31099426e+02,
    3.19404449e+02, 2.25689163e+02, 3.08789886e+02, 2.25463486e+02,
    2.97854309e+02, 2.24875900e+02, 2.86855194e+02, 2.24385773e+02,
    2.75801453e+02, 2.24080963e+02 ]
