%YAML:1.0
points: [ 1.45286658e+03, 7.59555908e+02, 1.43915735e+03, 7.33347107e+02,
    1.42509619e+03, 7.06631042e+02, 1.41048132e+03, 6.78189026e+02,
    1.39529248e+03, 6.49171814e+02, 1.49757495e+03, 7.50394470e+02,
    1.48461255e+03, 7.23811707e+02, 1.47116992e+03, 6.96229553e+02,
    1.45703772e+03, 6.66985718e+02, 1.44242773e+03, 6.37027222e+02,
    1.54401758e+03, 7.40875488e+02, 1.53184363e+03, 7.13972290e+02,
    1.51888586e+03, 6.85155640e+02, 1.50558447e+03, 6.55427795e+02,
    1.49168030e+03, 6.24499207e+02, 1.59232764e+03, 7.31124084e+02,
    1.58116150e+03, 7.03680298e+02, 1.56861890e+03, 6.73751892e+02,
    1.55618872e+03, 6.43284241e+02, 1.54316736e+03, 6.11584106e+02,
    1.64258301e+03, 7.21098328e+02, 1.63211609e+03, 6.92717224e+02,
    1.62062622e+03, 6.61978760e+02, 1.60887769e+03, 6.30661926e+02,
    1.59679407e+03, 5.98150024e+02, 1.69478406e+03, 7.10468201e+02,
    1.68520361e+03, 6.81299316e+02, 1.67475305e+03, 6.49926208e+02,
    1.66386914e+03, 6.17518311e+02, 1.65294043e+03, 5.83993286e+02,
    1.74891406e+03, 6.99401672e+02, 1.74037769e+03, 6.69456787e+02,
    1.73102185e+03, 6.37213928e+02, 1.72143982e+03, 6.04109619e+02,
    1.71151660e+03, 5.69599121e+02 ]
