%YAML:1.0
points: [ 4.09265289e+02, 1.96204697e+02, 4.00018799e+02, 2.05417603e+02,
    3.91240509e+02, 2.14412781e+02, 3.82692352e+02, 2.22815918e+02,
    3.74537323e+02, 2.30996048e+02, 4.00716858e+02, 1.93994934e+02,
    3.91519470e+02, 2.03449692e+02, 3.82772308e+02, 2.12684357e+02,
    3.74183929e+02, 2.21242096e+02, 3.66016724e+02, 2.29582626e+02,
    3.91843842e+02, 1.91604340e+02, 3.82773163e+02, 2.01472290e+02,
    3.73827148e+02, 2.10682724e+02, 3.65431702e+02, 2.19574249e+02,
    3.57268768e+02, 2.28126465e+02, 3.82678894e+02, 1.89237930e+02,
    3.73694397e+02, 1.99474106e+02, 3.64691406e+02, 2.08684296e+02,
    3.56287659e+02, 2.17814438e+02, 3.48158142e+02, 2.26636032e+02,
    3.73178497e+02, 1.86858597e+02, 3.64216461e+02, 1.97245026e+02,
    3.55270844e+02, 2.06742310e+02, 3.46874298e+02, 2.16021118e+02,
    3.38864624e+02, 2.25112396e+02, 3.63257782e+02, 1.84313171e+02,
    3.54271912e+02, 1.95008041e+02, 3.45482727e+02, 2.04808319e+02,
    3.37089874e+02, 2.14199173e+02, 3.29099274e+02, 2.23513062e+02,
    3.52869019e+02, 1.81651749e+02, 3.44066376e+02, 1.92603882e+02,
    3.35280823e+02, 2.02660324e+02, 3.26981720e+02, 2.12465057e+02,
    3.19250366e+02, 2.22040512e+02 ]
