%YAML:1.0
points: [ 1.04635791e+03, 7.14117004e+02, 1.01862451e+03, 7.13471436e+02,
    9.90630798e+02, 7.13035461e+02, 9.62228027e+02, 7.12164001e+02,
    9.33543274e+02, 7.11435181e+02, 1.05358459e+03, 6.97639954e+02,
    1.02550659e+03, 6.96984253e+02, 9.96774170e+02, 6.96503357e+02,
    9.67866943e+02, 6.95479980e+02, 9.38739441e+02, 6.94522400e+02,
    1.06120361e+03, 6.80580261e+02, 1.03253564e+03, 6.80077759e+02,
    1.00350293e+03, 6.78929810e+02, 9.73945129e+02, 6.78021606e+02,
    9.44195984e+02, 6.77062683e+02, 1.06928699e+03, 6.62716309e+02,
    1.03976562e+03, 6.62398499e+02, 1.01040143e+03, 6.60824463e+02,
    9.80285156e+02, 6.59960938e+02, 9.49819092e+02, 6.58934082e+02,
    1.07757764e+03, 6.44327026e+02, 1.04763574e+03, 6.43833374e+02,
    1.01742267e+03, 6.42223206e+02, 9.86832886e+02, 6.41036499e+02,
    9.55826538e+02, 6.40115723e+02, 1.08625818e+03, 6.24998596e+02,
    1.05571472e+03, 6.24381226e+02, 1.02486450e+03, 6.22833435e+02,
    9.93756531e+02, 6.21432861e+02, 9.61978638e+02, 6.20392822e+02,
    1.09535815e+03, 6.04927673e+02, 1.06426086e+03, 6.04217957e+02,
    1.03275708e+03, 6.02436890e+02, 1.00095569e+03, 6.01055664e+02,
    9.68625183e+02, 6.00109192e+02 ]
