%YAML:1.0
points: [ 4.01045624e+02, 2.07852844e+02, 3.91703735e+02, 2.15730606e+02,
    3.82774841e+02, 2.23530762e+02, 3.74311462e+02, 2.30608948e+02,
    3.65970093e+02, 2.37689880e+02, 3.92774323e+02, 2.06078522e+02,
    3.83399841e+02, 2.14264221e+02, 3.74572052e+02, 2.22212616e+02,
    3.65988098e+02, 2.29484756e+02, 3.57793762e+02, 2.36589966e+02,
    3.84104340e+02, 2.04251419e+02, 3.74910248e+02, 2.12776489e+02,
    3.66017731e+02, 2.20610672e+02, 3.57477966e+02, 2.28228775e+02,
    3.49300171e+02, 2.35528519e+02, 3.75153229e+02, 2.02422134e+02,
    3.66120544e+02, 2.11283539e+02, 3.57096802e+02, 2.19083572e+02,
    3.48587830e+02, 2.26986771e+02, 3.40493744e+02, 2.34422134e+02,
    3.66017181e+02, 2.00519669e+02, 3.56840759e+02, 2.09609451e+02,
    3.47943115e+02, 2.17630905e+02, 3.39487030e+02, 2.25591156e+02,
    3.31591492e+02, 2.33295486e+02, 3.56357880e+02, 1.98558502e+02,
    3.47279144e+02, 2.07848724e+02, 3.38462250e+02, 2.16151199e+02,
    3.29988983e+02, 2.24238373e+02, 3.22141388e+02, 2.32083328e+02,
    3.46333252e+02, 1.96525833e+02, 3.37389038e+02, 2.06043381e+02,
    3.28548676e+02, 2.14561768e+02, 3.20345276e+02, 2.22936661e+02,
    3.12515533e+02, 2.31119858e+02 ]
