%YAML:1.0
points: [ 3.14483185e+02, 2.68274689e+02, 3.05117920e+02, 2.68529968e+02,
    2.95742462e+02, 2.68886810e+02, 2.86080353e+02, 2.69080322e+02,
    2.76260529e+02, 2.69410583e+02, 3.18297089e+02, 2.62358643e+02,
    3.08858368e+02, 2.62572662e+02, 2.99260925e+02, 2.62958832e+02,
    2.89415497e+02, 2.63087250e+02, 2.79461182e+02, 2.63285339e+02,
    3.22271729e+02, 2.56210266e+02, 3.12765411e+02, 2.56507538e+02,
    3.02925262e+02, 2.56579529e+02, 2.93028778e+02, 2.56839417e+02,
    2.82843872e+02, 2.56937195e+02, 3.26446686e+02, 2.49785767e+02,
    3.16829559e+02, 2.50216782e+02, 3.06752625e+02, 2.50039291e+02,
    2.96675354e+02, 2.50260880e+02, 2.86321289e+02, 2.50392136e+02,
    3.30867035e+02, 2.43192276e+02, 3.21093781e+02, 2.43528320e+02,
    3.10821045e+02, 2.43378937e+02, 3.00524292e+02, 2.43429092e+02,
    2.90025574e+02, 2.43629349e+02, 3.35456146e+02, 2.36294006e+02,
    3.25438171e+02, 2.36540207e+02, 3.15086060e+02, 2.36424438e+02,
    3.04534332e+02, 2.36368195e+02, 2.93888275e+02, 2.36473450e+02,
    3.40256714e+02, 2.29112473e+02, 3.30119476e+02, 2.29289474e+02,
    3.19505951e+02, 2.29138260e+02, 3.08759857e+02, 2.29087448e+02,
    2.97963898e+02, 2.29207260e+02 ]
