%YAML:1.0
points: [ 1.08515112e+03, 7.27344604e+02, 1.05800989e+03, 7.28121521e+02,
    1.03051733e+03, 7.29134827e+02, 1.00242950e+03, 7.29696960e+02,
    9.73798767e+02, 7.30566833e+02, 1.09531445e+03, 7.10248901e+02,
    1.06796265e+03, 7.11050659e+02, 1.03962488e+03, 7.12041870e+02,
    1.01111542e+03, 7.12482300e+02, 9.82117432e+02, 7.13080078e+02,
    1.10602698e+03, 6.92560547e+02, 1.07816931e+03, 6.93472473e+02,
    1.04965613e+03, 6.93833435e+02, 1.02038019e+03, 6.94455078e+02,
    9.90814026e+02, 6.94960388e+02, 1.11715295e+03, 6.74305603e+02,
    1.08863562e+03, 6.75329163e+02, 1.05978113e+03, 6.75157898e+02,
    1.03008557e+03, 6.75647888e+02, 9.99969238e+02, 6.76049927e+02,
    1.12885095e+03, 6.55248108e+02, 1.09989746e+03, 6.56078491e+02,
    1.07032971e+03, 6.55801636e+02, 1.04024011e+03, 6.56038452e+02,
    1.00951752e+03, 6.56488403e+02, 1.14099084e+03, 6.35355286e+02,
    1.11146497e+03, 6.36047974e+02, 1.08135474e+03, 6.35781799e+02,
    1.05087183e+03, 6.35702209e+02, 1.01940430e+03, 6.36002502e+02,
    1.15359290e+03, 6.14703125e+02, 1.12359888e+03, 6.15241577e+02,
    1.09303601e+03, 6.14685608e+02, 1.06190527e+03, 6.14558777e+02,
    1.03005139e+03, 6.14917908e+02 ]
