%YAML:1.0
points: [ 1.83467517e+03, 6.43733337e+02, 1.83037073e+03, 6.75264771e+02,
    1.82658374e+03, 7.05132751e+02, 1.82322888e+03, 7.33963745e+02,
    1.81927844e+03, 7.60380981e+02, 1.77378882e+03, 6.52021118e+02,
    1.77106848e+03, 6.82890686e+02, 1.76919153e+03, 7.12429382e+02,
    1.76741211e+03, 7.40707092e+02, 1.76513037e+03, 7.66658813e+02,
    1.71451733e+03, 6.60511719e+02, 1.71371228e+03, 6.90687927e+02,
    1.71321570e+03, 7.19437500e+02, 1.71315723e+03, 7.47360474e+02,
    1.71209766e+03, 7.72665649e+02, 1.65719531e+03, 6.68657104e+02,
    1.65805786e+03, 6.98197021e+02, 1.65880090e+03, 7.26301025e+02,
    1.66044373e+03, 7.53694458e+02, 1.66058081e+03, 7.78290100e+02,
    1.60146509e+03, 6.76484497e+02, 1.60400671e+03, 7.05477844e+02,
    1.60623987e+03, 7.33099365e+02, 1.60877673e+03, 7.59544128e+02,
    1.61054407e+03, 7.83798340e+02, 1.54764758e+03, 6.84137695e+02,
    1.55161401e+03, 7.12439453e+02, 1.55543408e+03, 7.39751953e+02,
    1.55867297e+03, 7.65165894e+02, 1.56209485e+03, 7.89292847e+02,
    1.49571008e+03, 6.91707397e+02, 1.50072620e+03, 7.19280273e+02,
    1.50570093e+03, 7.45969299e+02, 1.51026746e+03, 7.70646790e+02,
    1.51467529e+03, 7.94663391e+02 ]
