%YAML:1.0
points: [ 9.66286072e+02, 6.71336609e+02, 9.41148376e+02, 6.67215576e+02,
    9.16098633e+02, 6.63300171e+02, 8.91443237e+02, 6.58989136e+02,
    8.66831177e+02, 6.54913574e+02, 9.65759888e+02, 6.55929810e+02,
    9.40194092e+02, 6.51796570e+02, 9.14537109e+02, 6.47961792e+02,
    8.89397156e+02, 6.43674438e+02, 8.64524658e+02, 6.39502563e+02,
    9.65221985e+02, 6.39989807e+02, 9.39031921e+02, 6.36116699e+02,
    9.13278259e+02, 6.31835571e+02, 8.87545959e+02, 6.27774597e+02,
    8.62140625e+02, 6.23608276e+02, 9.64726746e+02, 6.23455139e+02,
    9.37753479e+02, 6.19797913e+02, 9.11681824e+02, 6.15140747e+02,
    8.85497986e+02, 6.11214478e+02, 8.59523193e+02, 6.07124817e+02,
    9.64120728e+02, 6.06323669e+02, 9.36797241e+02, 6.02733154e+02,
    9.10068604e+02, 5.98106812e+02, 8.83400757e+02, 5.93984314e+02,
    8.56971436e+02, 5.90163086e+02, 9.63463379e+02, 5.88481567e+02,
    9.35745361e+02, 5.84864807e+02, 9.08399597e+02, 5.80496521e+02,
    8.81299438e+02, 5.76268127e+02, 8.54181213e+02, 5.72428162e+02,
    9.62879639e+02, 5.69988281e+02, 9.34563599e+02, 5.66395630e+02,
    9.06601929e+02, 5.61953613e+02, 8.78819885e+02, 5.57918945e+02,
    8.51369202e+02, 5.54310425e+02 ]
