%YAML:1.0
points: [ 1.32804602e+03, 7.85069824e+02, 1.31454944e+03, 7.59379150e+02,
    1.30043994e+03, 7.33101685e+02, 1.28588074e+03, 7.05091492e+02,
    1.27078381e+03, 6.76401733e+02, 1.37108960e+03, 7.83133606e+02,
    1.35813428e+03, 7.57106750e+02, 1.34452942e+03, 7.29954895e+02,
    1.33049426e+03, 7.01234619e+02, 1.31590906e+03, 6.71600098e+02,
    1.41603247e+03, 7.81106201e+02, 1.40372253e+03, 7.54845032e+02,
    1.39077966e+03, 7.26535583e+02, 1.37733643e+03, 6.97263855e+02,
    1.36329419e+03, 6.66744873e+02, 1.46322949e+03, 7.79148254e+02,
    1.45164880e+03, 7.52424744e+02, 1.43938892e+03, 7.23025696e+02,
    1.42664941e+03, 6.93031189e+02, 1.41352454e+03, 6.61799072e+02,
    1.51270984e+03, 7.77262390e+02, 1.50180469e+03, 7.49647461e+02,
    1.49037305e+03, 7.19485229e+02, 1.47856445e+03, 6.88673157e+02,
    1.46618250e+03, 6.56717957e+02, 1.56465393e+03, 7.75088989e+02,
    1.55461487e+03, 7.46670776e+02, 1.54425305e+03, 7.15968811e+02,
    1.53329358e+03, 6.84214355e+02, 1.52196155e+03, 6.51205933e+02,
    1.61912329e+03, 7.72840759e+02, 1.61017383e+03, 7.43754333e+02,
    1.60087085e+03, 7.12241943e+02, 1.59113538e+03, 6.79798889e+02,
    1.58074097e+03, 6.45950745e+02 ]
