%YAML:1.0
points: [ 2.71091064e+02, 2.48764465e+02, 2.62347137e+02, 2.47316864e+02,
    2.53576385e+02, 2.45939926e+02, 2.44949036e+02, 2.44473297e+02,
    2.36412003e+02, 2.43068878e+02, 2.71135254e+02, 2.43447296e+02,
    2.62219940e+02, 2.41959961e+02, 2.53320663e+02, 2.40662933e+02,
    2.44538406e+02, 2.39134521e+02, 2.35820892e+02, 2.37729584e+02,
    2.71196655e+02, 2.37847855e+02, 2.62094940e+02, 2.36548721e+02,
    2.53060684e+02, 2.35006927e+02, 2.44110291e+02, 2.33664581e+02,
    2.35193268e+02, 2.32212830e+02, 2.71253906e+02, 2.32088821e+02,
    2.61920532e+02, 2.30855957e+02, 2.52797440e+02, 2.29246658e+02,
    2.43673752e+02, 2.27863739e+02, 2.34592514e+02, 2.26484161e+02,
    2.71299744e+02, 2.26173599e+02, 2.61828644e+02, 2.24924728e+02,
    2.52524796e+02, 2.23364853e+02, 2.43218689e+02, 2.21938400e+02,
    2.33912811e+02, 2.20610413e+02, 2.71403229e+02, 2.20011871e+02,
    2.61728821e+02, 2.18754013e+02, 2.52198730e+02, 2.17235733e+02,
    2.42728134e+02, 2.15776138e+02, 2.33249802e+02, 2.14415237e+02,
    2.71466461e+02, 2.13578278e+02, 2.61588837e+02, 2.12324936e+02,
    2.51873138e+02, 2.10813889e+02, 2.42222046e+02, 2.09469803e+02,
    2.32549652e+02, 2.08145966e+02 ]
