%YAML:1.0
points: [ 4.24902435e+02, 1.91819305e+02, 4.19019073e+02, 2.03448959e+02,
    4.13627045e+02, 2.14780762e+02, 4.08221283e+02, 2.25293610e+02,
    4.03148529e+02, 2.35507767e+02, 4.14116608e+02, 1.93221008e+02,
    4.08507690e+02, 2.04942413e+02, 4.03265869e+02, 2.16386200e+02,
    3.97897064e+02, 2.27109726e+02, 3.92917786e+02, 2.37416702e+02,
    4.03081573e+02, 1.94603912e+02, 3.97673279e+02, 2.06692749e+02,
    3.92343750e+02, 2.17930817e+02, 3.87321564e+02, 2.28898926e+02,
    3.82544250e+02, 2.39341583e+02, 3.91634857e+02, 1.96101501e+02,
    3.86609070e+02, 2.08460342e+02, 3.81215973e+02, 2.19641937e+02,
    3.76390442e+02, 2.30742844e+02, 3.71778870e+02, 2.41316772e+02,
    3.79917542e+02, 1.97602997e+02, 3.75043091e+02, 2.10059372e+02,
    3.69864990e+02, 2.21543579e+02, 3.65189209e+02, 2.32571945e+02,
    3.60831177e+02, 2.43373779e+02, 3.67657623e+02, 1.99187851e+02,
    3.63026733e+02, 2.11792542e+02, 3.58210327e+02, 2.23459274e+02,
    3.53646301e+02, 2.34655319e+02, 3.49468628e+02, 2.45494293e+02,
    3.55083557e+02, 2.00789612e+02, 3.50677612e+02, 2.13530273e+02,
    3.46073700e+02, 2.25385574e+02, 3.41853363e+02, 2.36795853e+02,
    3.37988770e+02, 2.47826324e+02 ]
