%YAML:1.0
points: [ 1.11574927e+03, 7.54339478e+02, 1.09595496e+03, 7.27512634e+02,
    1.07554675e+03, 7.00336914e+02, 1.05494812e+03, 6.71894958e+02,
    1.03357605e+03, 6.42965820e+02, 1.14671851e+03, 7.54714844e+02,
    1.12689832e+03, 7.27455322e+02, 1.10605237e+03, 6.99224670e+02,
    1.08527026e+03, 6.69967041e+02, 1.06384131e+03, 6.40134338e+02,
    1.17951538e+03, 7.55285095e+02, 1.15928796e+03, 7.27492737e+02,
    1.13887537e+03, 6.98130737e+02, 1.11759631e+03, 6.68105957e+02,
    1.09593323e+03, 6.37332031e+02, 1.21439734e+03, 7.56044373e+02,
    1.19367896e+03, 7.27520142e+02, 1.17351221e+03, 6.96983582e+02,
    1.15198267e+03, 6.66080017e+02, 1.13010376e+03, 6.34341797e+02,
    1.25127515e+03, 7.56881226e+02, 1.23048206e+03, 7.27442993e+02,
    1.21004675e+03, 6.95961426e+02, 1.18866113e+03, 6.64079041e+02,
    1.16628284e+03, 6.31410950e+02, 1.29067114e+03, 7.57808960e+02,
    1.26981311e+03, 7.27389038e+02, 1.24905469e+03, 6.95010498e+02,
    1.22761035e+03, 6.61961121e+02, 1.20512659e+03, 6.28115112e+02,
    1.33267798e+03, 7.58873840e+02, 1.31170435e+03, 7.27445190e+02,
    1.29099707e+03, 6.93987366e+02, 1.26934167e+03, 6.59994446e+02,
    1.24649609e+03, 6.25242554e+02 ]
