%YAML:1.0
points: [ 2.63170227e+02, 2.40177872e+02, 2.55575424e+02, 2.38299026e+02,
    2.48070129e+02, 2.36555389e+02, 2.40829071e+02, 2.34693146e+02,
    2.33552322e+02, 2.32903412e+02, 2.62046417e+02, 2.35004730e+02,
    2.54277542e+02, 2.33130600e+02, 2.46680374e+02, 2.31413895e+02,
    2.39227173e+02, 2.29549179e+02, 2.31974457e+02, 2.27772141e+02,
    2.60815430e+02, 2.29603043e+02, 2.52935043e+02, 2.27864471e+02,
    2.45264679e+02, 2.25970520e+02, 2.37685303e+02, 2.24233627e+02,
    2.30260620e+02, 2.22488449e+02, 2.59530243e+02, 2.24013626e+02,
    2.51465439e+02, 2.22417831e+02, 2.43841370e+02, 2.20473465e+02,
    2.36080444e+02, 2.18775345e+02, 2.28476898e+02, 2.16959106e+02,
    2.58245453e+02, 2.18327744e+02, 2.50076019e+02, 2.16709732e+02,
    2.42205338e+02, 2.14774353e+02, 2.34376526e+02, 2.13005051e+02,
    2.26684540e+02, 2.11406906e+02, 2.56851257e+02, 2.12381897e+02,
    2.48569366e+02, 2.10770737e+02, 2.40556732e+02, 2.08931839e+02,
    2.32625412e+02, 2.07136948e+02, 2.24796463e+02, 2.05523407e+02,
    2.55519211e+02, 2.06233322e+02, 2.47032913e+02, 2.04671326e+02,
    2.38842087e+02, 2.02807800e+02, 2.30765457e+02, 2.01114929e+02,
    2.22824677e+02, 1.99613831e+02 ]
