%YAML:1.0
points: [ 3.67077118e+02, 2.66151001e+02, 3.56618683e+02, 2.69013000e+02,
    3.46067169e+02, 2.72161102e+02, 3.35031281e+02, 2.75129547e+02,
    3.23820862e+02, 2.78304657e+02, 3.70496613e+02, 2.56432922e+02,
    3.59923004e+02, 2.59250397e+02, 3.49263092e+02, 2.62395386e+02,
    3.37955261e+02, 2.65281555e+02, 3.26491669e+02, 2.68329041e+02,
    3.74128876e+02, 2.46237732e+02, 3.63525635e+02, 2.49193634e+02,
    3.52351349e+02, 2.51924789e+02, 3.41137390e+02, 2.54980194e+02,
    3.29350220e+02, 2.57972870e+02, 3.77784790e+02, 2.35719940e+02,
    3.67356262e+02, 2.38676483e+02, 3.55738159e+02, 2.41138626e+02,
    3.44310791e+02, 2.44072067e+02, 3.32426819e+02, 2.47100800e+02,
    3.81818298e+02, 2.24773895e+02, 3.71095978e+02, 2.27645157e+02,
    3.59446167e+02, 2.30116760e+02, 3.47659821e+02, 2.32836990e+02,
    3.35690094e+02, 2.35776672e+02, 3.86079590e+02, 2.13310577e+02,
    3.75072144e+02, 2.16061584e+02, 3.63362946e+02, 2.18517548e+02,
    3.51276489e+02, 2.21055389e+02, 3.39038177e+02, 2.23891769e+02,
    3.90492401e+02, 2.01266968e+02, 3.79373596e+02, 2.03899963e+02,
    3.67379913e+02, 2.06245224e+02, 3.55155243e+02, 2.08813889e+02,
    3.42772888e+02, 2.11585526e+02 ]
