%YAML:1.0
points: [ 9.46010010e+02, 6.46743530e+02, 9.24471863e+02, 6.41362732e+02,
    9.03155701e+02, 6.36154846e+02, 8.82382751e+02, 6.30709290e+02,
    8.61747559e+02, 6.25515137e+02, 9.41975952e+02, 6.31717896e+02,
    9.20097961e+02, 6.26383972e+02, 8.98424011e+02, 6.21370056e+02,
    8.77429199e+02, 6.15960266e+02, 8.56613281e+02, 6.10734558e+02,
    9.37957947e+02, 6.16246033e+02, 9.15475525e+02, 6.11184570e+02,
    8.93799500e+02, 6.05771667e+02, 8.72295715e+02, 6.00666260e+02,
    8.51249390e+02, 5.95528992e+02, 9.33713806e+02, 6.00171265e+02,
    9.10749084e+02, 5.95483704e+02, 8.88842896e+02, 5.89752136e+02,
    8.67045410e+02, 5.84811401e+02, 8.45574707e+02, 5.79823608e+02,
    9.29229492e+02, 5.83604675e+02, 9.06057495e+02, 5.78985352e+02,
    8.83649719e+02, 5.73398376e+02, 8.61534729e+02, 5.68412964e+02,
    8.39775879e+02, 5.63681519e+02, 9.24646790e+02, 5.66503601e+02,
    9.01099304e+02, 5.61812073e+02, 8.78296875e+02, 5.56547119e+02,
    8.55933777e+02, 5.51535828e+02, 8.33748047e+02, 5.46923279e+02,
    9.19902832e+02, 5.48774963e+02, 8.96026306e+02, 5.44283569e+02,
    8.72777588e+02, 5.39060608e+02, 8.49884338e+02, 5.34216858e+02,
    8.27389648e+02, 5.29785034e+02 ]
