%YAML:1.0
points: [ 1.20468359e+03, 7.89878540e+02, 1.18275684e+03, 7.62397949e+02,
    1.16016797e+03, 7.34572754e+02, 1.13722449e+03, 7.05361267e+02,
    1.11355176e+03, 6.75685730e+02, 1.24234973e+03, 7.84527771e+02,
    1.22045801e+03, 7.56588867e+02, 1.19764368e+03, 7.27757996e+02,
    1.17455701e+03, 6.97565979e+02, 1.15077051e+03, 6.66798950e+02,
    1.28199121e+03, 7.79046997e+02, 1.25995068e+03, 7.50569946e+02,
    1.23744116e+03, 7.20330750e+02, 1.21406946e+03, 6.89456421e+02,
    1.19020044e+03, 6.57704651e+02, 1.32404224e+03, 7.73419373e+02,
    1.30181372e+03, 7.44215637e+02, 1.27944971e+03, 7.12632874e+02,
    1.25604504e+03, 6.80904724e+02, 1.23210535e+03, 6.48095886e+02,
    1.36860559e+03, 7.67532043e+02, 1.34632141e+03, 7.37257507e+02,
    1.32389490e+03, 7.04745972e+02, 1.30060120e+03, 6.71810730e+02,
    1.27638025e+03, 6.38055786e+02, 1.41583142e+03, 7.61250488e+02,
    1.39370105e+03, 7.29929504e+02, 1.37122534e+03, 6.96519592e+02,
    1.34795703e+03, 6.62306030e+02, 1.32384058e+03, 6.27253662e+02,
    1.46615234e+03, 7.54685059e+02, 1.44408179e+03, 7.22273682e+02,
    1.42184290e+03, 6.87685913e+02, 1.39872937e+03, 6.52487610e+02,
    1.37439807e+03, 6.16311157e+02 ]
