%YAML:1.0
points: [ 8.98665527e+02, 6.20569519e+02, 8.78627136e+02, 6.13961121e+02,
    8.58829102e+02, 6.07592224e+02, 8.39668091e+02, 6.01087280e+02,
    8.20807495e+02, 5.94866577e+02, 8.94515259e+02, 6.02448120e+02,
    8.74038513e+02, 5.95891174e+02, 8.54021912e+02, 5.89782104e+02,
    8.34699402e+02, 5.83317810e+02, 8.15706116e+02, 5.77134338e+02,
    8.90181702e+02, 5.83723267e+02, 8.69289551e+02, 5.77504456e+02,
    8.49230591e+02, 5.71064575e+02, 8.29604797e+02, 5.65106567e+02,
    8.10378662e+02, 5.58994019e+02, 8.85718994e+02, 5.64463318e+02,
    8.64449402e+02, 5.58688110e+02, 8.44292786e+02, 5.52055786e+02,
    8.24323120e+02, 5.46152161e+02, 8.04693970e+02, 5.40301819e+02,
    8.81053467e+02, 5.44705444e+02, 8.59624268e+02, 5.39061829e+02,
    8.39133362e+02, 5.32615479e+02, 8.18889587e+02, 5.26730347e+02,
    7.99037231e+02, 5.21143066e+02, 8.76282349e+02, 5.24297424e+02,
    8.54594238e+02, 5.18695435e+02, 8.33774841e+02, 5.12634644e+02,
    8.13292297e+02, 5.06763336e+02, 7.93170593e+02, 5.01426727e+02,
    8.71346985e+02, 5.03210907e+02, 8.49389343e+02, 4.97840698e+02,
    8.28162415e+02, 4.91890564e+02, 8.07299927e+02, 4.86343811e+02,
    7.86953918e+02, 4.81192505e+02 ]
