%YAML:1.0
points: [ 3.18373657e+02, 2.57990173e+02, 3.06675323e+02, 2.59720337e+02,
    2.95029358e+02, 2.61620575e+02, 2.83102448e+02, 2.63270325e+02,
    2.71030487e+02, 2.65094666e+02, 3.19773529e+02, 2.48734070e+02,
    3.07909729e+02, 2.50409042e+02, 2.96058990e+02, 2.52338882e+02,
    2.83787506e+02, 2.53981033e+02, 2.71528687e+02, 2.55686676e+02,
    3.21251190e+02, 2.39029312e+02, 3.09256073e+02, 2.40862015e+02,
    2.96986877e+02, 2.42422760e+02, 2.84622131e+02, 2.44156097e+02,
    2.72059082e+02, 2.45926529e+02, 3.22797394e+02, 2.28912613e+02,
    3.10648499e+02, 2.30822647e+02, 2.98032135e+02, 2.32216980e+02,
    2.85451202e+02, 2.33975189e+02, 2.72685486e+02, 2.35740112e+02,
    3.24446625e+02, 2.18455231e+02, 3.12005585e+02, 2.20312973e+02,
    2.99191071e+02, 2.21761002e+02, 2.86334137e+02, 2.23403885e+02,
    2.73346680e+02, 2.25218155e+02, 3.26171692e+02, 2.07554184e+02,
    3.13485870e+02, 2.09349045e+02, 3.00438416e+02, 2.10849380e+02,
    2.87271088e+02, 2.12423309e+02, 2.74021942e+02, 2.14187302e+02,
    3.27995026e+02, 1.96147766e+02, 3.15030487e+02, 1.97924103e+02,
    3.01702576e+02, 1.99381226e+02, 2.88298462e+02, 2.00977417e+02,
    2.74803101e+02, 2.02748764e+02 ]
