%YAML:1.0
points: [ 2.47108704e+02, 2.31192032e+02, 2.39997101e+02, 2.28865829e+02,
    2.32953735e+02, 2.26675629e+02, 2.26196259e+02, 2.24434784e+02,
    2.19514465e+02, 2.22267685e+02, 2.45846497e+02, 2.24899719e+02,
    2.38566345e+02, 2.22589233e+02, 2.31440750e+02, 2.20462296e+02,
    2.24576004e+02, 2.18250977e+02, 2.17902695e+02, 2.16123566e+02,
    2.44510468e+02, 2.18336609e+02, 2.37112701e+02, 2.16224045e+02,
    2.30061050e+02, 2.13983932e+02, 2.23014359e+02, 2.11891495e+02,
    2.16176666e+02, 2.09825653e+02, 2.43156067e+02, 2.11638870e+02,
    2.35588654e+02, 2.09653336e+02, 2.28503647e+02, 2.07353760e+02,
    2.21335846e+02, 2.05299545e+02, 2.14392166e+02, 2.03230392e+02,
    2.41763870e+02, 2.04801712e+02, 2.34097107e+02, 2.02798569e+02,
    2.26919846e+02, 2.00619614e+02, 2.19688126e+02, 1.98534225e+02,
    2.12572876e+02, 1.96616913e+02, 2.40277115e+02, 1.97694092e+02,
    2.32552109e+02, 1.95769165e+02, 2.25164246e+02, 1.93643448e+02,
    2.17911438e+02, 1.91583939e+02, 2.10718582e+02, 1.89699188e+02,
    2.38794525e+02, 1.90410812e+02, 2.30938431e+02, 1.88528870e+02,
    2.23381271e+02, 1.86411102e+02, 2.16052017e+02, 1.84484177e+02,
    2.08722992e+02, 1.82728241e+02 ]
