%YAML:1.0
points: [ 1.15067761e+03, 7.01476990e+02, 1.12946985e+03, 6.64268250e+02,
    1.10784766e+03, 6.26808472e+02, 1.08618481e+03, 5.88247437e+02,
    1.06401990e+03, 5.49233093e+02, 1.19004773e+03, 6.92052917e+02,
    1.16862415e+03, 6.53965393e+02, 1.14662036e+03, 6.15228699e+02,
    1.12464551e+03, 5.75500061e+02, 1.10229297e+03, 5.35299744e+02,
    1.23168567e+03, 6.82226990e+02, 1.20976917e+03, 6.43192627e+02,
    1.18784705e+03, 6.02920227e+02, 1.16537744e+03, 5.62142517e+02,
    1.14272803e+03, 5.20617737e+02, 1.27571704e+03, 6.71914429e+02,
    1.25337488e+03, 6.31868530e+02, 1.23141711e+03, 5.89964355e+02,
    1.20863281e+03, 5.47973328e+02, 1.18558362e+03, 5.05088470e+02,
    1.32243994e+03, 6.61107117e+02, 1.29981226e+03, 6.19658203e+02,
    1.27752722e+03, 5.76452759e+02, 1.25461902e+03, 5.33021301e+02,
    1.23107605e+03, 4.88803070e+02, 1.37222595e+03, 6.49632935e+02,
    1.34942883e+03, 6.06767517e+02, 1.32661877e+03, 5.62171082e+02,
    1.30350806e+03, 5.17143555e+02, 1.27967383e+03, 4.71301361e+02,
    1.42527124e+03, 6.37436646e+02, 1.40223584e+03, 5.93010437e+02,
    1.37928467e+03, 5.46937195e+02, 1.35571191e+03, 5.00310516e+02,
    1.33155383e+03, 4.52991241e+02 ]
