%YAML:1.0
points: [ 2.54749207e+02, 2.44438644e+02, 2.47443893e+02, 2.42930283e+02,
    2.40266113e+02, 2.41611938e+02, 2.33365509e+02, 2.40177490e+02,
    2.26592331e+02, 2.38826752e+02, 2.52739182e+02, 2.38141464e+02,
    2.45340729e+02, 2.36754669e+02, 2.38113754e+02, 2.35482773e+02,
    2.31094727e+02, 2.34039886e+02, 2.24293640e+02, 2.32735764e+02,
    2.50683777e+02, 2.31675140e+02, 2.43169205e+02, 2.30438568e+02,
    2.35961075e+02, 2.29053040e+02, 2.28799561e+02, 2.27781174e+02,
    2.21935745e+02, 2.26550705e+02, 2.48508652e+02, 2.25053879e+02,
    2.40858154e+02, 2.23945419e+02, 2.33659149e+02, 2.22529602e+02,
    2.26408920e+02, 2.21362335e+02, 2.19464264e+02, 2.20178207e+02,
    2.46312256e+02, 2.18265945e+02, 2.38539520e+02, 2.17184860e+02,
    2.31287628e+02, 2.15944717e+02, 2.24050644e+02, 2.14760056e+02,
    2.16905029e+02, 2.13661484e+02, 2.44004150e+02, 2.11245941e+02,
    2.36214035e+02, 2.10290283e+02, 2.28826538e+02, 2.09132126e+02,
    2.21511002e+02, 2.07970383e+02, 2.14249130e+02, 2.06925720e+02,
    2.41671127e+02, 2.04104248e+02, 2.33784805e+02, 2.03196060e+02,
    2.26284103e+02, 2.02037888e+02, 2.18859665e+02, 2.01034317e+02,
    2.11491226e+02, 2.00108643e+02 ]
