%YAML:1.0
points: [ 9.20680664e+02, 6.58858093e+02, 9.00135681e+02, 6.54646362e+02,
    8.79903809e+02, 6.50563965e+02, 8.60346924e+02, 6.46395081e+02,
    8.41187134e+02, 6.42555237e+02, 9.14307922e+02, 6.40728394e+02,
    8.93477051e+02, 6.36682251e+02, 8.73128357e+02, 6.33013855e+02,
    8.53491577e+02, 6.28934326e+02, 8.34131348e+02, 6.25048889e+02,
    9.07908447e+02, 6.22194031e+02, 8.86632141e+02, 6.18537476e+02,
    8.66266113e+02, 6.14520996e+02, 8.46349854e+02, 6.10938293e+02,
    8.26833557e+02, 6.07235291e+02, 9.01148987e+02, 6.03030884e+02,
    8.79590698e+02, 5.99875916e+02, 8.59178833e+02, 5.95767883e+02,
    8.38991028e+02, 5.92349243e+02, 8.19233398e+02, 5.88924011e+02,
    8.94141479e+02, 5.83451599e+02, 8.72557861e+02, 5.80457825e+02,
    8.51843811e+02, 5.76637573e+02, 8.31388000e+02, 5.73260315e+02,
    8.11492798e+02, 5.70195068e+02, 8.87097229e+02, 5.63322876e+02,
    8.65271790e+02, 5.60477478e+02, 8.44286011e+02, 5.57027161e+02,
    8.23716797e+02, 5.53776367e+02, 8.03510803e+02, 5.50976440e+02,
    8.79712463e+02, 5.42564453e+02, 8.57716248e+02, 5.39966248e+02,
    8.36411926e+02, 5.36734680e+02, 8.15460693e+02, 5.33846741e+02,
    7.95167725e+02, 5.31268066e+02 ]
