%YAML:1.0
points: [ 2.73547028e+02, 2.46340988e+02, 2.62284973e+02, 2.46922318e+02,
    2.51121735e+02, 2.47644867e+02, 2.39907700e+02, 2.48142487e+02,
    2.28778778e+02, 2.48754623e+02, 2.73025818e+02, 2.37542313e+02,
    2.61629791e+02, 2.38171265e+02, 2.50234726e+02, 2.38915588e+02,
    2.38841064e+02, 2.39440979e+02, 2.27536133e+02, 2.40049179e+02,
    2.72531006e+02, 2.28408661e+02, 2.60904694e+02, 2.29150970e+02,
    2.49306808e+02, 2.29714142e+02, 2.37747055e+02, 2.30384232e+02,
    2.26217285e+02, 2.31048233e+02, 2.71985718e+02, 2.18942993e+02,
    2.60174103e+02, 2.19846161e+02, 2.48391083e+02, 2.20313217e+02,
    2.36609085e+02, 2.21011856e+02, 2.24853760e+02, 2.21733505e+02,
    2.71465576e+02, 2.09206726e+02, 2.59453766e+02, 2.10102936e+02,
    2.47420914e+02, 2.10648529e+02, 2.35445663e+02, 2.11318161e+02,
    2.23469559e+02, 2.12106216e+02, 2.70889893e+02, 1.99064087e+02,
    2.58651398e+02, 1.99965515e+02, 2.46421036e+02, 2.00602386e+02,
    2.34194229e+02, 2.01288635e+02, 2.21969070e+02, 2.02105209e+02,
    2.70329163e+02, 1.88498520e+02, 2.57840149e+02, 1.89449051e+02,
    2.45372086e+02, 1.90142929e+02, 2.32900894e+02, 1.90950516e+02,
    2.20485565e+02, 1.91839127e+02 ]
