%YAML:1.0
points: [ 2.83573669e+02, 2.69833221e+02, 2.72777863e+02, 2.71746918e+02,
    2.62088348e+02, 2.73805908e+02, 2.51396225e+02, 2.75651367e+02,
    2.40840134e+02, 2.77575439e+02, 2.81814178e+02, 2.62264984e+02,
    2.70845367e+02, 2.64260315e+02, 2.60019775e+02, 2.66386688e+02,
    2.49100739e+02, 2.68263824e+02, 2.38355560e+02, 2.70229401e+02,
    2.80003784e+02, 2.54376740e+02, 2.68853912e+02, 2.56589081e+02,
    2.57766876e+02, 2.58526794e+02, 2.46728500e+02, 2.60595184e+02,
    2.35729813e+02, 2.62652313e+02, 2.78098419e+02, 2.46280258e+02,
    2.66794830e+02, 2.48651489e+02, 2.55511948e+02, 2.50502121e+02,
    2.44283203e+02, 2.52638199e+02, 2.33067886e+02, 2.54787537e+02,
    2.76188202e+02, 2.37859390e+02, 2.64669312e+02, 2.40266510e+02,
    2.53126099e+02, 2.42250778e+02, 2.41716080e+02, 2.44400375e+02,
    2.30336487e+02, 2.46677307e+02, 2.74174103e+02, 2.29090607e+02,
    2.62457184e+02, 2.31554321e+02, 2.50689758e+02, 2.33697357e+02,
    2.39056564e+02, 2.35871338e+02, 2.27494064e+02, 2.38205322e+02,
    2.72053558e+02, 2.20024826e+02, 2.60126160e+02, 2.22579941e+02,
    2.48174698e+02, 2.24762848e+02, 2.36303802e+02, 2.27103607e+02,
    2.24525345e+02, 2.29555023e+02 ]
