%YAML:1.0
points: [ 9.37874878e+02, 6.83621277e+02, 9.17259216e+02, 6.81111755e+02,
    8.96843140e+02, 6.78752869e+02, 8.77253052e+02, 6.76158081e+02,
    8.57878967e+02, 6.73787598e+02, 9.30117676e+02, 6.65749146e+02,
    9.09158630e+02, 6.63399658e+02, 8.88632751e+02, 6.61307678e+02,
    8.68915344e+02, 6.58932678e+02, 8.49459778e+02, 6.56583069e+02,
    9.22123291e+02, 6.47279419e+02, 9.00791626e+02, 6.45370239e+02,
    8.80422607e+02, 6.43175720e+02, 8.60340881e+02, 6.41111450e+02,
    8.40810852e+02, 6.39100891e+02, 9.14001404e+02, 6.28458069e+02,
    8.92383484e+02, 6.27029175e+02, 8.71820190e+02, 6.24566833e+02,
    8.51635010e+02, 6.22922424e+02, 8.31819458e+02, 6.21118530e+02,
    9.05370483e+02, 6.09064392e+02, 8.83848145e+02, 6.07857117e+02,
    8.63017822e+02, 6.05804016e+02, 8.42632507e+02, 6.04167480e+02,
    8.22712952e+02, 6.02734924e+02, 8.96746704e+02, 5.89211243e+02,
    8.74959229e+02, 5.88192078e+02, 8.54000427e+02, 5.86547607e+02,
    8.33474854e+02, 5.85049500e+02, 8.13331726e+02, 5.83897278e+02,
    8.87822876e+02, 5.68806091e+02, 8.65935242e+02, 5.68090820e+02,
    8.44680847e+02, 5.66683777e+02, 8.23855347e+02, 5.65591675e+02,
    8.03606812e+02, 5.64741089e+02 ]
