%YAML:1.0
points: [ 2.60693085e+02, 2.52950912e+02, 2.53403595e+02, 2.52067764e+02,
    2.46202621e+02, 2.51345749e+02, 2.39237457e+02, 2.50460052e+02,
    2.32395676e+02, 2.49656174e+02, 2.58181580e+02, 2.46801559e+02,
    2.50858475e+02, 2.45991516e+02, 2.43511627e+02, 2.45294312e+02,
    2.36472046e+02, 2.44476425e+02, 2.29645538e+02, 2.43722565e+02,
    2.55622681e+02, 2.40399841e+02, 2.48107986e+02, 2.39776901e+02,
    2.40889938e+02, 2.38975952e+02, 2.33713028e+02, 2.38294937e+02,
    2.26829056e+02, 2.37657761e+02, 2.52995255e+02, 2.33867538e+02,
    2.45292953e+02, 2.33398788e+02, 2.38112518e+02, 2.32575546e+02,
    2.30870728e+02, 2.31955963e+02, 2.23854492e+02, 2.31346527e+02,
    2.50219116e+02, 2.27159454e+02, 2.42459824e+02, 2.26714905e+02,
    2.35158691e+02, 2.25998657e+02, 2.27928482e+02, 2.25476242e+02,
    2.20842667e+02, 2.24964310e+02, 2.47373581e+02, 2.20290115e+02,
    2.39585648e+02, 2.19963379e+02, 2.32154175e+02, 2.19363495e+02,
    2.24872391e+02, 2.18814453e+02, 2.17729218e+02, 2.18419006e+02,
    2.44464920e+02, 2.13192596e+02, 2.36592773e+02, 2.12962967e+02,
    2.29057205e+02, 2.12407364e+02, 2.21741272e+02, 2.12069016e+02,
    2.14440811e+02, 2.11753387e+02 ]
