%YAML:1.0
points: [ 1.42086560e+03, 7.84500000e+02, 1.36729089e+03, 7.75805908e+02,
    1.31619946e+03, 7.67792114e+02, 1.26771179e+03, 7.59589661e+02,
    1.22134436e+03, 7.52163391e+02, 1.42071631e+03, 7.43675354e+02,
    1.36607690e+03, 7.35822266e+02, 1.31397241e+03, 7.28782715e+02,
    1.26473511e+03, 7.21361450e+02, 1.21767603e+03, 7.14513184e+02,
    1.42070996e+03, 7.01154114e+02, 1.36475854e+03, 6.94643555e+02,
    1.31201013e+03, 6.87774292e+02, 1.26171814e+03, 6.81637390e+02,
    1.21386816e+03, 6.75627686e+02, 1.42069434e+03, 6.56923706e+02,
    1.36348926e+03, 6.51822327e+02, 1.30986194e+03, 6.45464233e+02,
    1.25863916e+03, 6.40320068e+02, 1.20983337e+03, 6.35334778e+02,
    1.42074316e+03, 6.11013245e+02, 1.36248792e+03, 6.06952087e+02,
    1.30765198e+03, 6.01779724e+02, 1.25546692e+03, 5.97437805e+02,
    1.20580200e+03, 5.93608276e+02, 1.42089160e+03, 5.63000244e+02,
    1.36142542e+03, 5.60039978e+02, 1.30530115e+03, 5.56280579e+02,
    1.25223853e+03, 5.52946289e+02, 1.20156470e+03, 5.50144653e+02,
    1.42107837e+03, 5.12850403e+02, 1.36029358e+03, 5.11253387e+02,
    1.30302527e+03, 5.08781769e+02, 1.24867737e+03, 5.06795990e+02,
    1.19711072e+03, 5.05183533e+02 ]
