%YAML:1.0
points: [ 8.53468018e+02, 4.44265839e+02, 8.37281738e+02, 4.27937531e+02,
    8.21145325e+02, 4.11947235e+02, 8.05528992e+02, 3.95891693e+02,
    7.89827759e+02, 3.80116577e+02, 8.57905823e+02, 4.27602051e+02,
    8.41271790e+02, 4.11040222e+02, 8.24684631e+02, 3.94964020e+02,
    8.08808228e+02, 3.78775482e+02, 7.92948792e+02, 3.62803955e+02,
    8.62592224e+02, 4.10387207e+02, 8.45283875e+02, 3.93788422e+02,
    8.28808533e+02, 3.77151825e+02, 8.12362671e+02, 3.60999725e+02,
    7.96154724e+02, 3.44782349e+02, 8.67371338e+02, 3.92443695e+02,
    8.49454529e+02, 3.75812683e+02, 8.32941833e+02, 3.58728271e+02,
    8.16059082e+02, 3.42413300e+02, 7.99331421e+02, 3.26074310e+02,
    8.72239136e+02, 3.73785370e+02, 8.54154907e+02, 3.57097412e+02,
    8.37086121e+02, 3.39895691e+02, 8.19789978e+02, 3.23023193e+02,
    8.02625427e+02, 3.06666656e+02, 8.77337036e+02, 3.54390808e+02,
    8.58972107e+02, 3.37478027e+02, 8.41305725e+02, 3.20188293e+02,
    8.23693726e+02, 3.03056580e+02, 8.06132996e+02, 2.86631256e+02,
    8.82733582e+02, 3.34255432e+02, 8.63837280e+02, 3.17062134e+02,
    8.45683716e+02, 2.99483154e+02, 8.27537537e+02, 2.82300415e+02,
    8.09542114e+02, 2.65716705e+02 ]
