%YAML:1.0
points: [ 2.87506195e+02, 2.76809448e+02, 2.76933472e+02, 2.79116913e+02,
    2.66439209e+02, 2.81540985e+02, 2.55962585e+02, 2.83769623e+02,
    2.45583939e+02, 2.86108429e+02, 2.85399170e+02, 2.69661102e+02,
    2.74592773e+02, 2.72084229e+02, 2.63957153e+02, 2.74603943e+02,
    2.53305145e+02, 2.76877106e+02, 2.42774384e+02, 2.79200897e+02,
    2.83196045e+02, 2.62253479e+02, 2.72282013e+02, 2.64854340e+02,
    2.61406433e+02, 2.67219513e+02, 2.50585999e+02, 2.69676941e+02,
    2.39835144e+02, 2.72139679e+02, 2.80915466e+02, 2.54568100e+02,
    2.69809357e+02, 2.57390137e+02, 2.58731506e+02, 2.59630066e+02,
    2.47720413e+02, 2.62198334e+02, 2.36766983e+02, 2.64749329e+02,
    2.78585571e+02, 2.46611191e+02, 2.67268280e+02, 2.49464355e+02,
    2.55960922e+02, 2.51870926e+02, 2.44763687e+02, 2.54455887e+02,
    2.33630524e+02, 2.57171143e+02, 2.76151733e+02, 2.38373093e+02,
    2.64634125e+02, 2.41270447e+02, 2.53131638e+02, 2.43846802e+02,
    2.41698288e+02, 2.46466904e+02, 2.30370117e+02, 2.49226913e+02,
    2.73606537e+02, 2.29802567e+02, 2.61886139e+02, 2.32798889e+02,
    2.50166779e+02, 2.35459976e+02, 2.38537277e+02, 2.38249420e+02,
    2.26961823e+02, 2.41140732e+02 ]
