%YAML:1.0
points: [ 1.37646875e+03, 6.67820862e+02, 1.32058765e+03, 6.60582703e+02,
    1.26769019e+03, 6.54021545e+02, 1.21792505e+03, 6.47383179e+02,
    1.17057068e+03, 6.41334412e+02, 1.37759106e+03, 6.16635986e+02,
    1.32091187e+03, 6.10806458e+02, 1.26734595e+03, 6.05556152e+02,
    1.21707593e+03, 6.00172852e+02, 1.16929382e+03, 5.95164001e+02,
    1.37887488e+03, 5.64023621e+02, 1.32121021e+03, 5.59873718e+02,
    1.26730103e+03, 5.55608948e+02, 1.21626404e+03, 5.51725891e+02,
    1.16788245e+03, 5.47989746e+02, 1.38021375e+03, 5.10139099e+02,
    1.32166077e+03, 5.07673096e+02, 1.26721997e+03, 5.04587891e+02,
    1.21542188e+03, 5.02092682e+02, 1.16636694e+03, 4.99641693e+02,
    1.38166370e+03, 4.54807098e+02, 1.32241016e+03, 4.53797852e+02,
    1.26704187e+03, 4.52308350e+02, 1.21467798e+03, 4.51166840e+02,
    1.16490576e+03, 4.50137115e+02, 1.38334546e+03, 3.97801544e+02,
    1.32321680e+03, 3.98419678e+02, 1.26698596e+03, 3.98699280e+02,
    1.21389783e+03, 3.98943176e+02, 1.16351770e+03, 3.99304047e+02,
    1.38508655e+03, 3.39069611e+02, 1.32404346e+03, 3.41426605e+02,
    1.26695422e+03, 3.43371063e+02, 1.21296155e+03, 3.45336945e+02,
    1.16181433e+03, 3.47165375e+02 ]
