%YAML:1.0
points: [ 2.31471436e+02, 1.69868454e+02, 2.25747833e+02, 1.64167862e+02,
    2.19953735e+02, 1.58563843e+02, 2.14458649e+02, 1.52993271e+02,
    2.08897827e+02, 1.47499893e+02, 2.33240112e+02, 1.64086853e+02,
    2.27405334e+02, 1.58381683e+02, 2.21531097e+02, 1.52704269e+02,
    2.15818954e+02, 1.46961258e+02, 2.10222626e+02, 1.41437180e+02,
    2.35128326e+02, 1.58038818e+02, 2.29026382e+02, 1.52295410e+02,
    2.23176300e+02, 1.46498276e+02, 2.17311172e+02, 1.40776871e+02,
    2.11531601e+02, 1.35112015e+02, 2.37065323e+02, 1.51799362e+02,
    2.30701538e+02, 1.45982346e+02, 2.24850525e+02, 1.40071426e+02,
    2.18802338e+02, 1.34285919e+02, 2.12899948e+02, 1.28570679e+02,
    2.39028076e+02, 1.45346527e+02, 2.32576767e+02, 1.39458939e+02,
    2.26516754e+02, 1.33470154e+02, 2.20442032e+02, 1.27618912e+02,
    2.14297470e+02, 1.21805374e+02, 2.41060577e+02, 1.38595657e+02,
    2.34502090e+02, 1.32618622e+02, 2.28217850e+02, 1.26494881e+02,
    2.22013153e+02, 1.20529243e+02, 2.15794724e+02, 1.14757736e+02,
    2.43210785e+02, 1.31530807e+02, 2.36451584e+02, 1.25428314e+02,
    2.30064819e+02, 1.19267967e+02, 2.23645844e+02, 1.13310112e+02,
    2.17250610e+02, 1.07522835e+02 ]
