%YAML:1.0
points: [ 2.65055542e+02, 1.72844299e+02, 2.53651062e+02, 1.69259033e+02,
    2.42203598e+02, 1.65724350e+02, 2.30752533e+02, 1.62093262e+02,
    2.19223282e+02, 1.58469894e+02, 2.68611755e+02, 1.61909027e+02,
    2.56972351e+02, 1.58281616e+02, 2.45407944e+02, 1.54706985e+02,
    2.33751007e+02, 1.50985657e+02, 2.22047226e+02, 1.47313080e+02,
    2.72223724e+02, 1.50625504e+02, 2.60459961e+02, 1.47029297e+02,
    2.48676285e+02, 1.43282852e+02, 2.36834030e+02, 1.39537308e+02,
    2.24962082e+02, 1.35792725e+02, 2.75954651e+02, 1.39004471e+02,
    2.63970184e+02, 1.35390244e+02, 2.52028076e+02, 1.31500534e+02,
    2.40034286e+02, 1.27709557e+02, 2.28010880e+02, 1.23873154e+02,
    2.79845947e+02, 1.27028908e+02, 2.67709259e+02, 1.23287888e+02,
    2.55588104e+02, 1.19396149e+02, 2.43420639e+02, 1.15523087e+02,
    2.31087906e+02, 1.11655167e+02, 2.83842377e+02, 1.14696831e+02,
    2.71544769e+02, 1.10843491e+02, 2.59192291e+02, 1.06909164e+02,
    2.46771591e+02, 1.02908836e+02, 2.34347260e+02, 9.89760971e+01,
    2.88013092e+02, 1.01901611e+02, 2.75444794e+02, 9.80016098e+01,
    2.62954407e+02, 9.39719162e+01, 2.50345093e+02, 8.99765091e+01,
    2.37627121e+02, 8.59481506e+01 ]
