%YAML:1.0
points: [ 8.59366211e+02, 5.01731812e+02, 8.41614868e+02, 4.88432098e+02,
    8.23876953e+02, 4.75328613e+02, 8.06826172e+02, 4.62298431e+02,
    7.89815918e+02, 4.49559479e+02, 8.61105896e+02, 4.84315338e+02,
    8.42943604e+02, 4.70854065e+02, 8.24865723e+02, 4.57841125e+02,
    8.07538452e+02, 4.44712097e+02, 7.90336975e+02, 4.31838562e+02,
    8.63052063e+02, 4.66255402e+02, 8.44174805e+02, 4.52843262e+02,
    8.26199158e+02, 4.39389618e+02, 8.08284668e+02, 4.26412872e+02,
    7.90794312e+02, 4.13525970e+02, 8.64882751e+02, 4.47473236e+02,
    8.45566650e+02, 4.34337036e+02, 8.27464233e+02, 4.20494537e+02,
    8.09107605e+02, 4.07410919e+02, 7.91134521e+02, 3.94511353e+02,
    8.66772949e+02, 4.28099426e+02, 8.47234741e+02, 4.14912964e+02,
    8.28544006e+02, 4.01010834e+02, 8.09965088e+02, 3.87823120e+02,
    7.91504700e+02, 3.74817566e+02, 8.68800171e+02, 4.08046448e+02,
    8.48874695e+02, 3.94712555e+02, 8.29717468e+02, 3.80894226e+02,
    8.10820435e+02, 3.67512726e+02, 7.91880005e+02, 3.54475403e+02,
    8.70871582e+02, 3.87156799e+02, 8.50480713e+02, 3.73755981e+02,
    8.30886719e+02, 3.59862946e+02, 8.11419312e+02, 3.46484161e+02,
    7.92117737e+02, 3.33480499e+02 ]
