%YAML:1.0
points: [ 1.51864343e+03, 4.61133209e+02, 1.45492249e+03, 4.56646759e+02,
    1.39434753e+03, 4.52371246e+02, 1.33689893e+03, 4.48277283e+02,
    1.28216565e+03, 4.44384216e+02, 1.52678455e+03, 4.03348969e+02,
    1.46248474e+03, 4.00255188e+02, 1.40132300e+03, 3.97399384e+02,
    1.34326099e+03, 3.94664642e+02, 1.28801990e+03, 3.91971161e+02,
    1.53513318e+03, 3.44634186e+02, 1.47015454e+03, 3.42971832e+02,
    1.40842676e+03, 3.41581573e+02, 1.34983545e+03, 3.40160400e+02,
    1.29396436e+03, 3.38786011e+02, 1.54365051e+03, 2.85049316e+02,
    1.47811389e+03, 2.84729706e+02, 1.41579846e+03, 2.84876770e+02,
    1.35651501e+03, 2.84795654e+02, 1.30005811e+03, 2.84728180e+02,
    1.55233972e+03, 2.24518677e+02, 1.48624561e+03, 2.25636429e+02,
    1.42321582e+03, 2.27251450e+02, 1.36337793e+03, 2.28586777e+02,
    1.30630420e+03, 2.29793427e+02, 1.56120569e+03, 1.62996918e+02,
    1.49446753e+03, 1.65572998e+02, 1.43088110e+03, 1.68596558e+02,
    1.37036682e+03, 1.71397583e+02, 1.31283508e+03, 1.73872406e+02,
    1.57004443e+03, 1.00554718e+02, 1.50276550e+03, 1.04464317e+02,
    1.43859009e+03, 1.08984688e+02, 1.37746008e+03, 1.13177994e+02,
    1.31924011e+03, 1.16885338e+02 ]
