%YAML:1.0
points: [ 2.33470978e+02, 1.89913361e+02, 2.27170685e+02, 1.85240265e+02,
    2.20848404e+02, 1.80684525e+02, 2.14821304e+02, 1.76163254e+02,
    2.08767487e+02, 1.71690460e+02, 2.34270523e+02, 1.83843643e+02,
    2.27852905e+02, 1.79161331e+02, 2.21464966e+02, 1.74612823e+02,
    2.15287735e+02, 1.70024063e+02, 2.09140045e+02, 1.65491730e+02,
    2.35183136e+02, 1.77520096e+02, 2.28522964e+02, 1.72893753e+02,
    2.22126266e+02, 1.68204987e+02, 2.15728729e+02, 1.63630463e+02,
    2.09499741e+02, 1.59132629e+02, 2.36103714e+02, 1.71006699e+02,
    2.29192886e+02, 1.66400024e+02, 2.22811676e+02, 1.61633072e+02,
    2.16233490e+02, 1.57029846e+02, 2.09880646e+02, 1.52513657e+02,
    2.37042816e+02, 1.64317978e+02, 2.30005280e+02, 1.59620865e+02,
    2.23398712e+02, 1.54815887e+02, 2.16785599e+02, 1.50186264e+02,
    2.10212723e+02, 1.45692902e+02, 2.37965500e+02, 1.57285019e+02,
    2.30811829e+02, 1.52630219e+02, 2.24012207e+02, 1.47771179e+02,
    2.17324341e+02, 1.43041550e+02, 2.10611969e+02, 1.38528793e+02,
    2.38920990e+02, 1.50047546e+02, 2.31580231e+02, 1.45265564e+02,
    2.24658279e+02, 1.40460953e+02, 2.17792160e+02, 1.35789169e+02,
    2.10848282e+02, 1.31156540e+02 ]
