%YAML:1.0
points: [ 1.21622595e+03, 9.68650696e+02, 1.17708435e+03, 9.54953064e+02,
    1.13994177e+03, 9.42421448e+02, 1.10506531e+03, 9.29868591e+02,
    1.07198828e+03, 9.18349365e+02, 1.20375964e+03, 9.38437317e+02,
    1.16395740e+03, 9.25285767e+02, 1.12670691e+03, 9.13635925e+02,
    1.09182874e+03, 9.01695801e+02, 1.05859448e+03, 8.90691833e+02,
    1.19086157e+03, 9.06945679e+02, 1.15061609e+03, 8.95217651e+02,
    1.11332788e+03, 8.83245850e+02, 1.07812817e+03, 8.72547241e+02,
    1.04476550e+03, 8.62198120e+02, 1.17742859e+03, 8.74458801e+02,
    1.13676257e+03, 8.64106628e+02, 1.09938599e+03, 8.52201355e+02,
    1.06389758e+03, 8.42379089e+02, 1.03023169e+03, 8.32901672e+02,
    1.16345923e+03, 8.40998840e+02, 1.12272949e+03, 8.31405823e+02,
    1.08495044e+03, 8.20551819e+02, 1.04920300e+03, 8.11226196e+02,
    1.01536798e+03, 8.02751953e+02, 1.14898792e+03, 8.06186768e+02,
    1.10809106e+03, 7.97431213e+02, 1.06997107e+03, 7.87848572e+02,
    1.03401892e+03, 7.79100891e+02, 1.00000140e+03, 7.71612915e+02,
    1.13397363e+03, 7.70055359e+02, 1.09276929e+03, 7.62400818e+02,
    1.05429346e+03, 7.53778625e+02, 1.01788574e+03, 7.46204590e+02,
    9.83847717e+02, 7.39618896e+02 ]
