%YAML:1.0
points: [ 8.59562622e+02, 4.96297943e+02, 8.43314697e+02, 4.83213226e+02,
    8.27124084e+02, 4.70332184e+02, 8.11451965e+02, 4.57564941e+02,
    7.95927551e+02, 4.45065582e+02, 8.60209961e+02, 4.79232697e+02,
    8.43566528e+02, 4.66024200e+02, 8.27056152e+02, 4.53203156e+02,
    8.11251343e+02, 4.40440430e+02, 7.95522888e+02, 4.27750549e+02,
    8.61011108e+02, 4.61598083e+02, 8.43738586e+02, 4.48466644e+02,
    8.27343933e+02, 4.35370209e+02, 8.11057251e+02, 4.22681732e+02,
    7.95057373e+02, 4.09993500e+02, 8.61706604e+02, 4.43300171e+02,
    8.43982300e+02, 4.30438171e+02, 8.27471985e+02, 4.16865265e+02,
    8.10788269e+02, 4.04204803e+02, 7.94326172e+02, 3.91437408e+02,
    8.62432129e+02, 4.24478943e+02, 8.44416260e+02, 4.11421204e+02,
    8.27507568e+02, 3.97980713e+02, 8.10513489e+02, 3.85028076e+02,
    7.93746643e+02, 3.72461884e+02, 8.63179321e+02, 4.04922333e+02,
    8.44864136e+02, 3.91730011e+02, 8.27481995e+02, 3.78410919e+02,
    8.10205566e+02, 3.65238373e+02, 7.93018066e+02, 3.52719940e+02,
    8.63935303e+02, 3.84512634e+02, 8.45231262e+02, 3.71433136e+02,
    8.27413635e+02, 3.57926788e+02, 8.09623169e+02, 3.44869751e+02,
    7.92128784e+02, 3.32307220e+02 ]
