%YAML:1.0
points: [ 2.39015930e+02, 1.68048798e+02, 2.28913071e+02, 1.64479507e+02,
    2.18876617e+02, 1.61045853e+02, 2.08983826e+02, 1.57489197e+02,
    1.99135925e+02, 1.54096436e+02, 2.41292862e+02, 1.58035660e+02,
    2.31055511e+02, 1.54454498e+02, 2.20834366e+02, 1.51032150e+02,
    2.10818222e+02, 1.47463272e+02, 2.00836975e+02, 1.44038101e+02,
    2.43684296e+02, 1.47669846e+02, 2.33184509e+02, 1.44181732e+02,
    2.22928131e+02, 1.40609650e+02, 2.12693008e+02, 1.37144577e+02,
    2.02517227e+02, 1.33667679e+02, 2.46146057e+02, 1.37033432e+02,
    2.35384644e+02, 1.33549667e+02, 2.25078918e+02, 1.29952972e+02,
    2.14618118e+02, 1.26429039e+02, 2.04276672e+02, 1.22979813e+02,
    2.48616653e+02, 1.26024078e+02, 2.37791565e+02, 1.22532715e+02,
    2.27222687e+02, 1.18942177e+02, 2.16591782e+02, 1.15417114e+02,
    2.06097977e+02, 1.11963554e+02, 2.51260178e+02, 1.14655228e+02,
    2.40225082e+02, 1.11163490e+02, 2.29402985e+02, 1.07617752e+02,
    2.18632919e+02, 1.04053185e+02, 2.07968628e+02, 1.00627647e+02,
    2.53935883e+02, 1.02894096e+02, 2.42703033e+02, 9.94273605e+01,
    2.31730225e+02, 9.58292694e+01, 2.20728119e+02, 9.23500977e+01,
    2.09815491e+02, 8.88925018e+01 ]
