%YAML:1.0
points: [ 2.33184280e+02, 1.88049301e+02, 2.27410034e+02, 1.83414566e+02,
    2.21615570e+02, 1.79003662e+02, 2.16038010e+02, 1.74461517e+02,
    2.10542465e+02, 1.70149780e+02, 2.33650299e+02, 1.82133041e+02,
    2.27690994e+02, 1.77468140e+02, 2.21798050e+02, 1.73051468e+02,
    2.16107651e+02, 1.68484344e+02, 2.10613663e+02, 1.64169571e+02,
    2.34120667e+02, 1.75954742e+02, 2.27948792e+02, 1.71358261e+02,
    2.22113495e+02, 1.66768356e+02, 2.16257202e+02, 1.62306488e+02,
    2.10600891e+02, 1.57950424e+02, 2.34625534e+02, 1.69588272e+02,
    2.28234894e+02, 1.65034454e+02, 2.22421005e+02, 1.60355759e+02,
    2.16408020e+02, 1.55885117e+02, 2.10575317e+02, 1.51421234e+02,
    2.35114929e+02, 1.63008179e+02, 2.28639725e+02, 1.58469238e+02,
    2.22593018e+02, 1.53706726e+02, 2.16568130e+02, 1.49208481e+02,
    2.10551804e+02, 1.44811981e+02, 2.35607773e+02, 1.56187469e+02,
    2.28964493e+02, 1.51569443e+02, 2.22775604e+02, 1.46865005e+02,
    2.16694839e+02, 1.42333664e+02, 2.10547302e+02, 1.37885498e+02,
    2.36104614e+02, 1.49100967e+02, 2.29366745e+02, 1.44496460e+02,
    2.23010269e+02, 1.39758118e+02, 2.16725586e+02, 1.35218536e+02,
    2.10391281e+02, 1.30758667e+02 ]
