%YAML:1.0
points: [ 1.16847083e+03, 9.59003906e+02, 1.13226648e+03, 9.45016602e+02,
    1.09803455e+03, 9.32205017e+02, 1.06600684e+03, 9.19353210e+02,
    1.03557043e+03, 9.07650940e+02, 1.15474805e+03, 9.28512085e+02,
    1.11819775e+03, 9.15194092e+02, 1.08381519e+03, 9.03306885e+02,
    1.05191553e+03, 8.91287842e+02, 1.02145435e+03, 8.79944885e+02,
    1.14068420e+03, 8.96938477e+02, 1.10362488e+03, 8.84959229e+02,
    1.06948682e+03, 8.72811768e+02, 1.03727368e+03, 8.61990967e+02,
    1.00677264e+03, 8.51514709e+02, 1.12595386e+03, 8.64368896e+02,
    1.08863696e+03, 8.53787354e+02, 1.05461304e+03, 8.41790649e+02,
    1.02215533e+03, 8.31789734e+02, 9.91488098e+02, 8.22203430e+02,
    1.11054834e+03, 8.30805603e+02, 1.07348804e+03, 8.21127075e+02,
    1.03917786e+03, 8.10204651e+02, 1.00660620e+03, 8.00715698e+02,
    9.75862732e+02, 7.92122314e+02, 1.09486829e+03, 7.96098694e+02,
    1.05766797e+03, 7.87234802e+02, 1.02317914e+03, 7.77609741e+02,
    9.90532043e+02, 7.68729492e+02, 9.59706787e+02, 7.61123047e+02,
    1.07857202e+03, 7.60121277e+02, 1.04118958e+03, 7.52374634e+02,
    1.00641754e+03, 7.43656372e+02, 9.73442993e+02, 7.35997803e+02,
    9.42758301e+02, 7.29360718e+02 ]
