%YAML:1.0
points: [ 2.37889526e+02, 1.95234070e+02, 2.30359451e+02, 1.90470947e+02,
    2.22792053e+02, 1.85776093e+02, 2.15435883e+02, 1.81033859e+02,
    2.08054108e+02, 1.76386337e+02, 2.39891815e+02, 1.88787674e+02,
    2.32181976e+02, 1.83960587e+02, 2.24458466e+02, 1.79271637e+02,
    2.16946609e+02, 1.74463440e+02, 2.09408966e+02, 1.69711166e+02,
    2.41956284e+02, 1.82076431e+02, 2.33999496e+02, 1.77278351e+02,
    2.26290207e+02, 1.72423203e+02, 2.18492599e+02, 1.67591232e+02,
    2.10865326e+02, 1.62820526e+02, 2.44081177e+02, 1.75120041e+02,
    2.35916428e+02, 1.70342972e+02, 2.28106384e+02, 1.65297028e+02,
    2.20172882e+02, 1.60466217e+02, 2.12351791e+02, 1.55661774e+02,
    2.46344315e+02, 1.67969894e+02, 2.37944214e+02, 1.63077927e+02,
    2.29905457e+02, 1.57974579e+02, 2.21884613e+02, 1.53084503e+02,
    2.13834488e+02, 1.48258957e+02, 2.48639801e+02, 1.60492767e+02,
    2.40068619e+02, 1.55507004e+02, 2.31815948e+02, 1.50429474e+02,
    2.23642517e+02, 1.45418030e+02, 2.15449844e+02, 1.40503098e+02,
    2.50998886e+02, 1.52647293e+02, 2.42272095e+02, 1.47638733e+02,
    2.33821350e+02, 1.42473236e+02, 2.25392990e+02, 1.37423050e+02,
    2.16944794e+02, 1.32494202e+02 ]
