%YAML:1.0
points: [ 2.89633148e+02, 1.61141693e+02, 2.78747406e+02, 1.58387756e+02,
    2.67863800e+02, 1.55664276e+02, 2.56830994e+02, 1.52834213e+02,
    2.45738602e+02, 1.50008148e+02, 2.93001587e+02, 1.50288940e+02,
    2.81994690e+02, 1.47452072e+02, 2.70977051e+02, 1.44702271e+02,
    2.59834869e+02, 1.41784576e+02, 2.48604507e+02, 1.38845932e+02,
    2.96399689e+02, 1.39170227e+02, 2.85324890e+02, 1.36319916e+02,
    2.74124054e+02, 1.33366959e+02, 2.62891663e+02, 1.30451248e+02,
    2.51557480e+02, 1.27456924e+02, 2.99894867e+02, 1.27772072e+02,
    2.88779755e+02, 1.24885483e+02, 2.77378448e+02, 1.21806320e+02,
    2.65995758e+02, 1.18796806e+02, 2.54555954e+02, 1.15732292e+02,
    3.03546906e+02, 1.16099823e+02, 2.92314362e+02, 1.13136642e+02,
    2.80766785e+02, 1.09962639e+02, 2.69210114e+02, 1.06853737e+02,
    2.57679718e+02, 1.03744827e+02, 3.07249481e+02, 1.04143608e+02,
    2.95886871e+02, 1.01084755e+02, 2.84299438e+02, 9.78631134e+01,
    2.72534912e+02, 9.46180267e+01, 2.60902557e+02, 9.14692917e+01,
    3.11029968e+02, 9.18998718e+01, 2.99636108e+02, 8.87561264e+01,
    2.87790222e+02, 8.54497147e+01, 2.75852081e+02, 8.21403351e+01,
    2.64294800e+02, 7.89438934e+01 ]
