%YAML:1.0
points: [ 8.69438110e+02, 5.17219604e+02, 8.47876404e+02, 5.03497650e+02,
    8.26383850e+02, 4.89979889e+02, 8.05397705e+02, 4.76349030e+02,
    7.84416321e+02, 4.63009399e+02, 8.74406555e+02, 4.98675598e+02,
    8.52374512e+02, 4.84703125e+02, 8.30454407e+02, 4.71179047e+02,
    8.09110840e+02, 4.57447021e+02, 7.87808472e+02, 4.43787262e+02,
    8.79673584e+02, 4.79326691e+02, 8.56991150e+02, 4.65477631e+02,
    8.34986816e+02, 4.51446320e+02, 8.12989441e+02, 4.37724243e+02,
    7.91256287e+02, 4.24050690e+02, 8.85067566e+02, 4.59311523e+02,
    8.61737122e+02, 4.45591553e+02, 8.39512695e+02, 4.31080597e+02,
    8.16970581e+02, 4.17181702e+02, 7.94686157e+02, 4.03457977e+02,
    8.90610718e+02, 4.38632416e+02, 8.66949097e+02, 4.24714447e+02,
    8.44099731e+02, 4.10136353e+02, 8.21111694e+02, 3.95923462e+02,
    7.98363037e+02, 3.82218536e+02, 8.96430847e+02, 4.17056458e+02,
    8.72296631e+02, 4.03018402e+02, 8.48805603e+02, 3.88415405e+02,
    8.25436096e+02, 3.73955811e+02, 8.02117554e+02, 3.60089081e+02,
    9.02528381e+02, 3.94700623e+02, 8.77768250e+02, 3.80428284e+02,
    8.53703857e+02, 3.65614777e+02, 8.29709473e+02, 3.51195038e+02,
    8.05861328e+02, 3.37214752e+02 ]
