%YAML:1.0
points: [ 1.61228101e+03, 9.08902527e+02, 1.55411328e+03, 9.02381897e+02,
    1.49812244e+03, 8.96505737e+02, 1.44409460e+03, 8.89988159e+02,
    1.39204028e+03, 8.84087402e+02, 1.61543884e+03, 8.71615173e+02,
    1.55607068e+03, 8.65807068e+02, 1.49864429e+03, 8.60547363e+02,
    1.44351697e+03, 8.54592102e+02, 1.39055774e+03, 8.49087341e+02,
    1.61889282e+03, 8.32607910e+02, 1.55811719e+03, 8.27993042e+02,
    1.49950293e+03, 8.22590332e+02, 1.44311804e+03, 8.17732849e+02,
    1.38900378e+03, 8.12870728e+02, 1.62251929e+03, 7.92052917e+02,
    1.56015576e+03, 7.88611511e+02, 1.50030200e+03, 7.83277832e+02,
    1.44266443e+03, 7.79250793e+02, 1.38736133e+03, 7.75190247e+02,
    1.62637280e+03, 7.49762024e+02, 1.56258472e+03, 7.46987183e+02,
    1.50113013e+03, 7.42654236e+02, 1.44227454e+03, 7.39173340e+02,
    1.38577612e+03, 7.36171814e+02, 1.63043372e+03, 7.05375427e+02,
    1.56504053e+03, 7.03404419e+02, 1.50210352e+03, 7.00296997e+02,
    1.44196167e+03, 6.97485901e+02, 1.38408350e+03, 6.95287964e+02,
    1.63471838e+03, 6.58866394e+02, 1.56766614e+03, 6.57980835e+02,
    1.50317297e+03, 6.55745422e+02, 1.44150305e+03, 6.54174561e+02,
    1.38252979e+03, 6.53087585e+02 ]
