%YAML:1.0
points: [ 9.04761658e+02, 5.37660950e+02, 8.79201294e+02, 5.23652283e+02,
    8.53550659e+02, 5.09844147e+02, 8.28156006e+02, 4.95650726e+02,
    8.02651611e+02, 4.81752594e+02, 9.14344849e+02, 5.17409668e+02,
    8.88324524e+02, 5.03217499e+02, 8.62122253e+02, 4.89185913e+02,
    8.36291077e+02, 4.74796356e+02, 8.10410217e+02, 4.60531189e+02,
    9.24395142e+02, 4.96409454e+02, 8.97628845e+02, 4.82206818e+02,
    8.71252014e+02, 4.67570679e+02, 8.44766663e+02, 4.53134369e+02,
    8.18344116e+02, 4.38612976e+02, 9.34752502e+02, 4.74652283e+02,
    9.07371155e+02, 4.60369965e+02, 8.80636414e+02, 4.45204468e+02,
    8.53617371e+02, 4.30600677e+02, 8.26604675e+02, 4.15880005e+02,
    9.45465393e+02, 4.52175568e+02, 9.17601868e+02, 4.37585571e+02,
    8.90284729e+02, 4.22205231e+02, 8.62761108e+02, 4.07197571e+02,
    8.35162781e+02, 3.92375977e+02, 9.56668823e+02, 4.28749084e+02,
    9.28318542e+02, 4.13864502e+02, 9.00323486e+02, 3.98331177e+02,
    8.72253662e+02, 3.82948547e+02, 8.44012878e+02, 3.67830994e+02,
    9.68325439e+02, 4.04381042e+02, 9.39315308e+02, 3.89243622e+02,
    9.10787415e+02, 3.73405731e+02, 8.81962219e+02, 3.57792358e+02,
    8.53230957e+02, 3.42563782e+02 ]
