%YAML:1.0
points: [ 2.71094086e+02, 1.58803619e+02, 2.60730499e+02, 1.55998886e+02,
    2.50359039e+02, 1.53232925e+02, 2.40082764e+02, 1.50442780e+02,
    2.29736511e+02, 1.47640564e+02, 2.73800385e+02, 1.48496017e+02,
    2.63310486e+02, 1.45696487e+02, 2.52859436e+02, 1.42953491e+02,
    2.42389709e+02, 1.40093918e+02, 2.31967407e+02, 1.37241776e+02,
    2.76586578e+02, 1.37953629e+02, 2.65998077e+02, 1.35164383e+02,
    2.55369156e+02, 1.32301926e+02, 2.44812057e+02, 1.29460037e+02,
    2.34172043e+02, 1.26620033e+02, 2.79458313e+02, 1.27144791e+02,
    2.68694031e+02, 1.24360611e+02, 2.58028198e+02, 1.21429657e+02,
    2.47260056e+02, 1.18554428e+02, 2.36512390e+02, 1.15698486e+02,
    2.82394409e+02, 1.16079018e+02, 2.71476654e+02, 1.13240036e+02,
    2.60641693e+02, 1.10302086e+02, 2.49815750e+02, 1.07420891e+02,
    2.38906631e+02, 1.04539246e+02, 2.85457275e+02, 1.04715492e+02,
    2.74361816e+02, 1.01818504e+02, 2.63381134e+02, 9.88987885e+01,
    2.52390427e+02, 9.59308167e+01, 2.41372757e+02, 9.29856186e+01,
    2.88556213e+02, 9.30160141e+01, 2.77314697e+02, 9.00897598e+01,
    2.66254486e+02, 8.71403427e+01, 2.55125534e+02, 8.41809540e+01,
    2.43826965e+02, 8.12467270e+01 ]
