%YAML:1.0
points: [ 2.51475632e+02, 2.02342468e+02, 2.42570740e+02, 1.97458008e+02,
    2.33649292e+02, 1.92689529e+02, 2.24784714e+02, 1.87781311e+02,
    2.15892654e+02, 1.82890808e+02, 2.55040451e+02, 1.95346695e+02,
    2.45992065e+02, 1.90413757e+02, 2.36901733e+02, 1.85546631e+02,
    2.27888840e+02, 1.80538177e+02, 2.18855347e+02, 1.75554489e+02,
    2.58799988e+02, 1.88013992e+02, 2.49499283e+02, 1.83083282e+02,
    2.40327866e+02, 1.77985794e+02, 2.31102325e+02, 1.72952850e+02,
    2.21885468e+02, 1.67913284e+02, 2.62679626e+02, 1.80499344e+02,
    2.53163040e+02, 1.75530701e+02, 2.43881317e+02, 1.70245560e+02,
    2.34450348e+02, 1.65125412e+02, 2.25042343e+02, 1.59983215e+02,
    2.66702057e+02, 1.72647980e+02, 2.57047791e+02, 1.67581146e+02,
    2.47488007e+02, 1.62231186e+02, 2.37921829e+02, 1.56967163e+02,
    2.28280685e+02, 1.51777313e+02, 2.70933929e+02, 1.64499100e+02,
    2.61066650e+02, 1.59274597e+02, 2.51281219e+02, 1.53893555e+02,
    2.41518417e+02, 1.48532501e+02, 2.31687439e+02, 1.43214218e+02,
    2.75274811e+02, 1.55964294e+02, 2.65208710e+02, 1.50686203e+02,
    2.55256134e+02, 1.45169022e+02, 2.45251617e+02, 1.39730515e+02,
    2.35178284e+02, 1.34356827e+02 ]
