%YAML:1.0
points: [ 8.98034485e+02, 4.82515076e+02, 8.74123779e+02, 4.64909332e+02,
    8.50153564e+02, 4.47585541e+02, 8.26325562e+02, 4.29909149e+02,
    8.02401733e+02, 4.12420319e+02, 9.10747314e+02, 4.62745941e+02,
    8.86452515e+02, 4.44921661e+02, 8.61945190e+02, 4.27287781e+02,
    8.37759705e+02, 4.09316315e+02, 8.13443787e+02, 3.91390259e+02,
    9.24056824e+02, 4.42238922e+02, 8.99068359e+02, 4.24302277e+02,
    8.74425171e+02, 4.05999298e+02, 8.49627686e+02, 3.87891602e+02,
    8.24815247e+02, 3.69608093e+02, 9.37828247e+02, 4.21023407e+02,
    9.12205566e+02, 4.02938202e+02, 8.87293762e+02, 3.84024750e+02,
    8.61982971e+02, 3.65602295e+02, 8.36627930e+02, 3.46966644e+02,
    9.52063171e+02, 3.99064789e+02, 9.26041077e+02, 3.80614624e+02,
    9.00548401e+02, 3.61396393e+02, 8.74756042e+02, 3.42461334e+02,
    8.48834290e+02, 3.23627350e+02, 9.66886292e+02, 3.76243652e+02,
    9.40394958e+02, 3.57314941e+02, 9.14310669e+02, 3.37942291e+02,
    8.88049377e+02, 3.18474976e+02, 8.61534729e+02, 2.99178497e+02,
    9.82342102e+02, 3.52478516e+02, 9.55325134e+02, 3.33229004e+02,
    9.28635315e+02, 3.13278717e+02, 9.01716187e+02, 2.93520538e+02,
    8.74696106e+02, 2.73995483e+02 ]
