%YAML:1.0
points: [ 2.49242706e+02, 1.83156494e+02, 2.40944519e+02, 1.77063522e+02,
    2.32622055e+02, 1.71020340e+02, 2.24339569e+02, 1.64878281e+02,
    2.15955017e+02, 1.58738342e+02, 2.53936996e+02, 1.76327698e+02,
    2.45511856e+02, 1.70141174e+02, 2.36971924e+02, 1.63972214e+02,
    2.28548645e+02, 1.57706528e+02, 2.20075043e+02, 1.51441803e+02,
    2.58863037e+02, 1.69187958e+02, 2.50180695e+02, 1.62935043e+02,
    2.41610001e+02, 1.56566849e+02, 2.32951920e+02, 1.50234497e+02,
    2.24306290e+02, 1.43848145e+02, 2.63926941e+02, 1.61795807e+02,
    2.55025665e+02, 1.55479874e+02, 2.46351700e+02, 1.48908966e+02,
    2.37530060e+02, 1.42425980e+02, 2.28711182e+02, 1.35945877e+02,
    2.69190704e+02, 1.54143875e+02, 2.60155487e+02, 1.47666138e+02,
    2.51267258e+02, 1.40991638e+02, 2.42279434e+02, 1.34339493e+02,
    2.33238007e+02, 1.27764069e+02, 2.74656708e+02, 1.46143951e+02,
    2.65432556e+02, 1.39507935e+02, 2.56361816e+02, 1.32744354e+02,
    2.47243896e+02, 1.25968636e+02, 2.38030365e+02, 1.19207207e+02,
    2.80392273e+02, 1.37820023e+02, 2.71018707e+02, 1.31087433e+02,
    2.61702515e+02, 1.24128799e+02, 2.52338501e+02, 1.17198349e+02,
    2.42936752e+02, 1.10337746e+02 ]
