%YAML:1.0
points: [ 2.69481812e+02, 1.75391846e+02, 2.59040497e+02, 1.73911484e+02,
    2.48539032e+02, 1.72447571e+02, 2.38158051e+02, 1.70933502e+02,
    2.27771790e+02, 1.69412277e+02, 2.70927521e+02, 1.65225159e+02,
    2.60283875e+02, 1.63726196e+02, 2.49703217e+02, 1.62280640e+02,
    2.39186417e+02, 1.60742905e+02, 2.28647522e+02, 1.59230408e+02,
    2.72329437e+02, 1.54792480e+02, 2.61568726e+02, 1.53318909e+02,
    2.50924103e+02, 1.51806839e+02, 2.40233582e+02, 1.50297897e+02,
    2.29538422e+02, 1.48813583e+02, 2.73814453e+02, 1.44100967e+02,
    2.62939514e+02, 1.42687469e+02, 2.52136124e+02, 1.41107483e+02,
    2.41286880e+02, 1.39584946e+02, 2.30482880e+02, 1.38096558e+02,
    2.75327209e+02, 1.33147079e+02, 2.64313171e+02, 1.31682587e+02,
    2.53337067e+02, 1.30148239e+02, 2.42381485e+02, 1.28619568e+02,
    2.31404419e+02, 1.27142380e+02, 2.76952454e+02, 1.21896286e+02,
    2.65712830e+02, 1.20423439e+02, 2.54599548e+02, 1.18912315e+02,
    2.43507324e+02, 1.17362999e+02, 2.32427460e+02, 1.15858963e+02,
    2.78534760e+02, 1.10302467e+02, 2.67177765e+02, 1.08841171e+02,
    2.55984528e+02, 1.07321426e+02, 2.44729645e+02, 1.05829842e+02,
    2.33355927e+02, 1.04345680e+02 ]
