%YAML:1.0
points: [ 1.36486511e+03, 8.93428589e+02, 1.31427185e+03, 8.82866516e+02,
    1.26618213e+03, 8.73186707e+02, 1.22084399e+03, 8.63415649e+02,
    1.17756006e+03, 8.54478088e+02, 1.35965686e+03, 8.55164246e+02,
    1.30818335e+03, 8.45570374e+02, 1.25934839e+03, 8.36833252e+02,
    1.21349060e+03, 8.27820496e+02, 1.16988428e+03, 8.19535522e+02,
    1.35438501e+03, 8.15511169e+02, 1.30184460e+03, 8.07239441e+02,
    1.25276892e+03, 7.98750000e+02, 1.20607153e+03, 7.90993225e+02,
    1.16185742e+03, 7.83562073e+02, 1.34881018e+03, 7.74441772e+02,
    1.29538452e+03, 7.67683533e+02, 1.24567712e+03, 7.59442566e+02,
    1.19836462e+03, 7.52854614e+02, 1.15347644e+03, 7.46453796e+02,
    1.34306274e+03, 7.31912842e+02, 1.28898047e+03, 7.26179321e+02,
    1.23841699e+03, 7.19250061e+02, 1.19043115e+03, 7.13369629e+02,
    1.14494226e+03, 7.08165222e+02, 1.33719617e+03, 6.87643799e+02,
    1.28229211e+03, 6.82996521e+02, 1.23084448e+03, 6.77539307e+02,
    1.18220447e+03, 6.72576233e+02, 1.13604834e+03, 6.68440491e+02,
    1.33113782e+03, 6.41619751e+02, 1.27529297e+03, 6.38352478e+02,
    1.22296448e+03, 6.34040283e+02, 1.17346387e+03, 6.30507202e+02,
    1.12677991e+03, 6.27537964e+02 ]
