%YAML:1.0
points: [ 9.41726440e+02, 4.94972656e+02, 9.15856812e+02, 4.76984833e+02,
    8.89716492e+02, 4.59061951e+02, 8.63520081e+02, 4.40637115e+02,
    8.37004944e+02, 4.22264496e+02, 9.58456970e+02, 4.73799591e+02,
    9.32237976e+02, 4.55486053e+02, 9.05642456e+02, 4.37211487e+02,
    8.79044983e+02, 4.18386627e+02, 8.52188660e+02, 3.99458923e+02,
    9.75788574e+02, 4.51935455e+02, 9.49018311e+02, 4.33417419e+02,
    9.22254150e+02, 4.14292084e+02, 8.95197449e+02, 3.95322113e+02,
    8.67870544e+02, 3.76010132e+02, 9.93734985e+02, 4.29283386e+02,
    9.66450195e+02, 4.10526917e+02, 9.39410156e+02, 3.90809662e+02,
    9.11910950e+02, 3.71325409e+02, 8.84150391e+02, 3.51568146e+02,
    1.01231281e+03, 4.05957611e+02, 9.84732666e+02, 3.86711578e+02,
    9.57159180e+02, 3.66544373e+02, 9.29197632e+02, 3.46480835e+02,
    9.00964539e+02, 3.26412323e+02, 1.03164075e+03, 3.81702820e+02,
    1.00360687e+03, 3.61900146e+02, 9.75560181e+02, 3.41434204e+02,
    9.47215149e+02, 3.20817657e+02, 9.18383728e+02, 3.00176788e+02,
    1.05167480e+03, 3.56467865e+02, 1.02318884e+03, 3.36238037e+02,
    9.94737183e+02, 3.15212891e+02, 9.65773560e+02, 2.94166626e+02,
    9.36592896e+02, 2.73145905e+02 ]
