%YAML:1.0
points: [ 2.71330536e+02, 2.02225006e+02, 2.60987671e+02, 2.02767456e+02,
    2.50667557e+02, 2.03348099e+02, 2.40407150e+02, 2.03822983e+02,
    2.30237976e+02, 2.04364197e+02, 2.70623596e+02, 1.92523895e+02,
    2.60161804e+02, 1.93094070e+02, 2.49723648e+02, 1.93733139e+02,
    2.39361618e+02, 1.94226334e+02, 2.29101654e+02, 1.94785645e+02,
    2.69919891e+02, 1.82588333e+02, 2.59299591e+02, 1.83262589e+02,
    2.48808258e+02, 1.83847122e+02, 2.38303223e+02, 1.84440018e+02,
    2.27895630e+02, 1.85026825e+02, 2.69186737e+02, 1.72442551e+02,
    2.58433746e+02, 1.73216095e+02, 2.47821976e+02, 1.73754333e+02,
    2.37213089e+02, 1.74395691e+02, 2.26659866e+02, 1.75043991e+02,
    2.68430145e+02, 1.62077652e+02, 2.57557739e+02, 1.62854889e+02,
    2.46823776e+02, 1.63426712e+02, 2.36097855e+02, 1.64098038e+02,
    2.25375381e+02, 1.64793289e+02, 2.67681610e+02, 1.51358002e+02,
    2.56674835e+02, 1.52180725e+02, 2.45774307e+02, 1.52886932e+02,
    2.34931381e+02, 1.53543320e+02, 2.24107391e+02, 1.54285843e+02,
    2.66934296e+02, 1.40417023e+02, 2.55786591e+02, 1.41294693e+02,
    2.44745346e+02, 1.42012589e+02, 2.33706879e+02, 1.42767410e+02,
    2.22740097e+02, 1.43543900e+02 ]
