%YAML:1.0
points: [ 1.06534607e+03, 7.43530334e+02, 1.03310754e+03, 7.41753845e+02,
    1.00260236e+03, 7.40295105e+02, 9.74647827e+02, 7.38518372e+02,
    9.48085938e+02, 7.37129944e+02, 1.04821655e+03, 7.01367798e+02,
    1.01599500e+03, 7.00978821e+02, 9.86086792e+02, 7.01138062e+02,
    9.58508362e+02, 7.00570435e+02, 9.32298340e+02, 7.00149841e+02,
    1.03085474e+03, 6.58352112e+02, 9.98661499e+02, 6.59951355e+02,
    9.69390137e+02, 6.60762207e+02, 9.41992493e+02, 6.61925354e+02,
    9.16110657e+02, 6.62745239e+02, 1.01305200e+03, 6.14807129e+02,
    9.81124207e+02, 6.18311462e+02, 9.52490662e+02, 6.20126099e+02,
    9.25178467e+02, 6.22603394e+02, 8.99577026e+02, 6.24954529e+02,
    9.94867004e+02, 5.70733521e+02, 9.63503235e+02, 5.75552917e+02,
    9.35137634e+02, 5.79069458e+02, 9.08184631e+02, 5.82862305e+02,
    8.82752014e+02, 5.86421143e+02, 9.76566467e+02, 5.25818909e+02,
    9.45585815e+02, 5.32170654e+02, 9.17442322e+02, 5.37409363e+02,
    8.90841858e+02, 5.42389038e+02, 8.65839172e+02, 5.47529053e+02,
    9.57868286e+02, 4.80162842e+02, 9.27218445e+02, 4.88118805e+02,
    8.99386475e+02, 4.95034698e+02, 8.73035278e+02, 5.01797180e+02,
    8.48207947e+02, 5.08095703e+02 ]
