%YAML:1.0
points: [ 2.65406158e+02, 1.87533249e+02, 2.56466309e+02, 1.81250809e+02,
    2.47464539e+02, 1.75025421e+02, 2.38430634e+02, 1.68627640e+02,
    2.29262100e+02, 1.62219833e+02, 2.71459900e+02, 1.80157761e+02,
    2.62414856e+02, 1.73794891e+02, 2.53269821e+02, 1.67413651e+02,
    2.44102432e+02, 1.60860657e+02, 2.34831848e+02, 1.54266891e+02,
    2.77790955e+02, 1.72536194e+02, 2.68552124e+02, 1.66095520e+02,
    2.59330627e+02, 1.59432434e+02, 2.50005249e+02, 1.52819748e+02,
    2.40537415e+02, 1.46076584e+02, 2.84334961e+02, 1.64638046e+02,
    2.74954987e+02, 1.58118134e+02, 2.65591827e+02, 1.51214386e+02,
    2.56109863e+02, 1.44408371e+02, 2.46498825e+02, 1.37505814e+02,
    2.91139465e+02, 1.56442169e+02, 2.81598755e+02, 1.49752335e+02,
    2.72091278e+02, 1.42735291e+02, 2.62462555e+02, 1.35730133e+02,
    2.52670792e+02, 1.28706161e+02, 2.98201050e+02, 1.47998993e+02,
    2.88539124e+02, 1.41080170e+02, 2.78822266e+02, 1.33949478e+02,
    2.69022705e+02, 1.26720795e+02, 2.59119690e+02, 1.19500793e+02,
    3.05570618e+02, 1.39110641e+02, 2.95744263e+02, 1.32069580e+02,
    2.85857849e+02, 1.24711250e+02, 2.75886993e+02, 1.17367813e+02,
    2.65767792e+02, 1.09986465e+02 ]
