%YAML:1.0
points: [ 3.07759613e+02, 1.85057083e+02, 2.98685425e+02, 1.79626358e+02,
    2.89542633e+02, 1.74208466e+02, 2.80175323e+02, 1.68517059e+02,
    2.70640747e+02, 1.62813461e+02, 3.14718658e+02, 1.76411453e+02,
    3.05638000e+02, 1.70897018e+02, 2.96410858e+02, 1.65303635e+02,
    2.86963593e+02, 1.59454041e+02, 2.77374420e+02, 1.53514969e+02,
    3.21920624e+02, 1.67562683e+02, 3.12792999e+02, 1.61962601e+02,
    3.03469299e+02, 1.56077408e+02, 2.93983063e+02, 1.50155594e+02,
    2.84315643e+02, 1.44057495e+02, 3.29333710e+02, 1.58472488e+02,
    3.20188721e+02, 1.52737640e+02, 3.10769623e+02, 1.46600372e+02,
    3.01194824e+02, 1.40501282e+02, 2.91494354e+02, 1.34244583e+02,
    3.36945801e+02, 1.49143127e+02, 3.27776581e+02, 1.43214294e+02,
    3.18285767e+02, 1.36920029e+02, 3.08667969e+02, 1.30619141e+02,
    2.98852020e+02, 1.24198547e+02, 3.44836487e+02, 1.39541199e+02,
    3.35602386e+02, 1.33409119e+02, 3.26035919e+02, 1.26961845e+02,
    3.16362091e+02, 1.20437553e+02, 3.06512939e+02, 1.13802017e+02,
    3.52910797e+02, 1.29667892e+02, 3.43642365e+02, 1.23334923e+02,
    3.34031006e+02, 1.16693619e+02, 3.24295166e+02, 1.09946426e+02,
    3.14376892e+02, 1.03178780e+02 ]
