%YAML:1.0
points: [ 1.19615942e+03, 6.78553833e+02, 1.15263904e+03, 6.90944275e+02,
    1.11155505e+03, 7.02795715e+02, 1.07349463e+03, 7.13497864e+02,
    1.03743188e+03, 7.23843079e+02, 1.17213965e+03, 6.30511658e+02,
    1.12907043e+03, 6.44567810e+02, 1.08887244e+03, 6.58039917e+02,
    1.05152295e+03, 6.70131287e+02, 1.01606329e+03, 6.81611328e+02,
    1.14803149e+03, 5.82257019e+02, 1.10552393e+03, 5.98248413e+02,
    1.06625830e+03, 6.12712891e+02, 1.02943958e+03, 6.26539856e+02,
    9.94538757e+02, 6.39358093e+02, 1.12385779e+03, 5.33960327e+02,
    1.08188965e+03, 5.51750977e+02, 1.04357507e+03, 5.67407776e+02,
    1.00720764e+03, 5.82725525e+02, 9.72884827e+02, 5.97098450e+02,
    1.09956616e+03, 4.85571167e+02, 1.05845557e+03, 5.04821350e+02,
    1.02072034e+03, 5.22229858e+02, 9.84915710e+02, 5.38871826e+02,
    9.51106567e+02, 5.54597656e+02, 1.07523596e+03, 4.36895111e+02,
    1.03479077e+03, 4.57670532e+02, 9.97629761e+02, 4.76755554e+02,
    9.62494568e+02, 4.94752167e+02, 9.29353638e+02, 5.11961639e+02,
    1.05077319e+03, 3.88051483e+02, 1.01101184e+03, 4.10425568e+02,
    9.74465088e+02, 4.31164154e+02, 9.39802185e+02, 4.50763397e+02,
    9.07007996e+02, 4.69189362e+02 ]
