%YAML:1.0
points: [ 1.06203247e+03, 4.88089935e+02, 1.03564539e+03, 4.72436432e+02,
    1.00879242e+03, 4.56729767e+02, 9.81403870e+02, 4.40429230e+02,
    9.53589722e+02, 4.23965210e+02, 1.08139807e+03, 4.63392487e+02,
    1.05492163e+03, 4.47413177e+02, 1.02786499e+03, 4.31236023e+02,
    1.00032245e+03, 4.14466644e+02, 9.72221558e+02, 3.97500214e+02,
    1.10131946e+03, 4.38075684e+02, 1.07473120e+03, 4.21841217e+02,
    1.04747644e+03, 4.04901276e+02, 1.01973206e+03, 3.87835602e+02,
    9.91428528e+02, 3.70391266e+02, 1.12178857e+03, 4.12128815e+02,
    1.09506482e+03, 3.95546478e+02, 1.06760120e+03, 3.77915680e+02,
    1.03970178e+03, 3.60449890e+02, 1.01125867e+03, 3.42482086e+02,
    1.14289380e+03, 3.85508728e+02, 1.11595972e+03, 3.68376770e+02,
    1.08833887e+03, 3.50356506e+02, 1.06025623e+03, 3.32239075e+02,
    1.03164771e+03, 3.13814575e+02, 1.16459412e+03, 3.58078705e+02,
    1.13753479e+03, 3.40404266e+02, 1.10974316e+03, 3.22020660e+02,
    1.08149719e+03, 3.03244324e+02, 1.05267249e+03, 2.84252411e+02,
    1.18697278e+03, 3.29835358e+02, 1.15976270e+03, 3.11685822e+02,
    1.13181750e+03, 2.92686768e+02, 1.10342944e+03, 2.73482849e+02,
    1.07438879e+03, 2.53896591e+02 ]
