%YAML:1.0
points: [ 2.82524567e+02, 2.22526184e+02, 2.72927826e+02, 2.23786865e+02,
    2.63414124e+02, 2.25132141e+02, 2.53953415e+02, 2.26303925e+02,
    2.44589035e+02, 2.27531723e+02, 2.81167053e+02, 2.15008469e+02,
    2.71407623e+02, 2.16329514e+02, 2.61805786e+02, 2.17710815e+02,
    2.52176193e+02, 2.18953064e+02, 2.42645081e+02, 2.20215088e+02,
    2.79774750e+02, 2.07260269e+02, 2.69892303e+02, 2.08765900e+02,
    2.60090759e+02, 2.10001144e+02, 2.50353882e+02, 2.11330521e+02,
    2.40684296e+02, 2.12666763e+02, 2.78341553e+02, 1.99265930e+02,
    2.68308655e+02, 2.00874908e+02, 2.58330200e+02, 2.02062714e+02,
    2.48438904e+02, 2.03493073e+02, 2.38627197e+02, 2.04885361e+02,
    2.76881714e+02, 1.91004196e+02, 2.66682983e+02, 1.92646759e+02,
    2.56532257e+02, 1.93975952e+02, 2.46492203e+02, 1.95394974e+02,
    2.36499741e+02, 1.96886398e+02, 2.75323883e+02, 1.82494446e+02,
    2.65038696e+02, 1.84131622e+02, 2.54730026e+02, 1.85611511e+02,
    2.44481964e+02, 1.87044617e+02, 2.34320129e+02, 1.88603073e+02,
    2.73769104e+02, 1.73653046e+02, 2.63256775e+02, 1.75375992e+02,
    2.52819641e+02, 1.76828766e+02, 2.42401581e+02, 1.78459366e+02,
    2.32077087e+02, 1.80090500e+02 ]
