%YAML:1.0
points: [ 2.83955017e+02, 1.79248520e+02, 2.74924377e+02, 1.73807419e+02,
    2.65770966e+02, 1.68373672e+02, 2.56565613e+02, 1.62805008e+02,
    2.47308578e+02, 1.57206818e+02, 2.89768707e+02, 1.71076370e+02,
    2.80564301e+02, 1.65535843e+02, 2.71340088e+02, 1.60021317e+02,
    2.62054230e+02, 1.54300552e+02, 2.52651077e+02, 1.48557404e+02,
    2.95758606e+02, 1.62666855e+02, 2.86445129e+02, 1.57063080e+02,
    2.77127625e+02, 1.51283356e+02, 2.67678802e+02, 1.45523315e+02,
    2.58168457e+02, 1.39663727e+02, 3.01947113e+02, 1.53988815e+02,
    2.92514679e+02, 1.48301971e+02, 2.83085907e+02, 1.42334488e+02,
    2.73489746e+02, 1.36430115e+02, 2.63866272e+02, 1.30482330e+02,
    3.08346100e+02, 1.45059357e+02, 2.98805542e+02, 1.39208328e+02,
    2.89215851e+02, 1.33155777e+02, 2.79532196e+02, 1.27116135e+02,
    2.69714783e+02, 1.21022957e+02, 3.14946686e+02, 1.35794113e+02,
    3.05305878e+02, 1.29833755e+02, 2.95597992e+02, 1.23665581e+02,
    2.85747223e+02, 1.17443329e+02, 2.75825226e+02, 1.11200874e+02,
    3.21798218e+02, 1.26229691e+02, 3.12005829e+02, 1.20137238e+02,
    3.02148926e+02, 1.13810394e+02, 2.92166840e+02, 1.07489159e+02,
    2.82081726e+02, 1.01127289e+02 ]
