%YAML:1.0
points: [ 9.96327576e+02, 4.71227814e+02, 9.70093262e+02, 4.55539307e+02,
    9.43576843e+02, 4.39921448e+02, 9.16979858e+02, 4.23870300e+02,
    8.90151733e+02, 4.07900116e+02, 1.01228265e+03, 4.47775665e+02,
    9.85785339e+02, 4.31859772e+02, 9.58951538e+02, 4.15895844e+02,
    9.32051880e+02, 3.99541992e+02, 9.04892944e+02, 3.83130615e+02,
    1.02884583e+03, 4.23678101e+02, 1.00190533e+03, 4.07565735e+02,
    9.74907654e+02, 3.91071686e+02, 9.47588257e+02, 3.74524963e+02,
    9.20013062e+02, 3.57714874e+02, 1.04583386e+03, 3.98853333e+02,
    1.01852911e+03, 3.82548706e+02, 9.91219299e+02, 3.65502136e+02,
    9.63562256e+02, 3.48634338e+02, 9.35633362e+02, 3.31465118e+02,
    1.06342175e+03, 3.73368896e+02, 1.03578833e+03, 3.56669037e+02,
    1.00806238e+03, 3.39299438e+02, 9.80077332e+02, 3.21956940e+02,
    9.51774475e+02, 3.04468628e+02, 1.08152234e+03, 3.47050934e+02,
    1.05364758e+03, 3.29888855e+02, 1.02550244e+03, 3.12270844e+02,
    9.97098145e+02, 2.94425293e+02, 9.68420959e+02, 2.76572083e+02,
    1.10029785e+03, 3.19819092e+02, 1.07198792e+03, 3.02323608e+02,
    1.04350244e+03, 2.84183533e+02, 1.01469818e+03, 2.66067993e+02,
    9.85608826e+02, 2.47893982e+02 ]
