%YAML:1.0
points: [ 2.98645538e+02, 2.27955704e+02, 2.88630341e+02, 2.29731522e+02,
    2.78684052e+02, 2.31635056e+02, 2.68580933e+02, 2.33432693e+02,
    2.58568970e+02, 2.35280029e+02, 2.98214142e+02, 2.20239929e+02,
    2.88080322e+02, 2.22049957e+02, 2.78004028e+02, 2.24031738e+02,
    2.67693146e+02, 2.25796814e+02, 2.57489288e+02, 2.27651993e+02,
    2.97798859e+02, 2.12183945e+02, 2.87536255e+02, 2.14142120e+02,
    2.77163605e+02, 2.15932541e+02, 2.66800049e+02, 2.17826782e+02,
    2.56383209e+02, 2.19747711e+02, 2.97411316e+02, 2.03894012e+02,
    2.87019165e+02, 2.06037430e+02, 2.76356323e+02, 2.07759079e+02,
    2.65840729e+02, 2.09676300e+02, 2.55266296e+02, 2.11604172e+02,
    2.97022369e+02, 1.95400833e+02, 2.86419373e+02, 1.97518463e+02,
    2.75615295e+02, 1.99292007e+02, 2.64847107e+02, 2.01201019e+02,
    2.54086472e+02, 2.03224716e+02, 2.96614899e+02, 1.86514984e+02,
    2.85790710e+02, 1.88615204e+02, 2.74825470e+02, 1.90452286e+02,
    2.63834229e+02, 1.92375916e+02, 2.52860809e+02, 1.94433502e+02,
    2.96221558e+02, 1.77231033e+02, 2.85143036e+02, 1.79408661e+02,
    2.73979767e+02, 1.81282761e+02, 2.62806976e+02, 1.83300064e+02,
    2.51624344e+02, 1.85445877e+02 ]
