%YAML:1.0
points: [ 1.00086884e+03, 6.50041504e+02, 9.70572632e+02, 6.61025818e+02,
    9.41881348e+02, 6.71542358e+02, 9.15684631e+02, 6.81050598e+02,
    8.90757080e+02, 6.90121094e+02, 9.79766663e+02, 6.04446899e+02,
    9.49872559e+02, 6.17074585e+02, 9.22123535e+02, 6.29155029e+02,
    8.96548645e+02, 6.39866333e+02, 8.72269104e+02, 6.50096558e+02,
    9.58568298e+02, 5.58802917e+02, 9.29157471e+02, 5.73293884e+02,
    9.02421692e+02, 5.86327332e+02, 8.77386475e+02, 5.98742065e+02,
    8.53758301e+02, 6.10261658e+02, 9.37346436e+02, 5.13426025e+02,
    9.08520813e+02, 5.29571716e+02, 8.82830261e+02, 5.43865295e+02,
    8.58288635e+02, 5.57708191e+02, 8.35147705e+02, 5.70641235e+02,
    9.16104248e+02, 4.68266785e+02, 8.88156616e+02, 4.85779327e+02,
    8.63153931e+02, 5.01687988e+02, 8.39179565e+02, 5.16751465e+02,
    8.16498169e+02, 5.30940857e+02, 8.95028992e+02, 4.23123871e+02,
    8.67827820e+02, 4.41960175e+02, 8.43323303e+02, 4.59500397e+02,
    8.20024536e+02, 4.75820221e+02, 7.98007629e+02, 4.91410675e+02,
    8.73958374e+02, 3.77993866e+02, 8.47368164e+02, 3.98348053e+02,
    8.23486816e+02, 4.17422699e+02, 8.00711060e+02, 4.35337952e+02,
    7.78983582e+02, 4.51895691e+02 ]
