%YAML:1.0
points: [ 8.14400696e+02, 6.11011230e+02, 7.99118774e+02, 6.20930176e+02,
    7.84372070e+02, 6.30483948e+02, 7.71275452e+02, 6.39106079e+02,
    7.58674622e+02, 6.47401001e+02, 7.98432190e+02, 5.69444031e+02,
    7.83394409e+02, 5.80902649e+02, 7.69474487e+02, 5.91748352e+02,
    7.56888123e+02, 6.01452820e+02, 7.44687256e+02, 6.10741333e+02,
    7.82419861e+02, 5.28017639e+02, 7.67607971e+02, 5.41100525e+02,
    7.54656128e+02, 5.52770874e+02, 7.42436523e+02, 5.64011475e+02,
    7.30736816e+02, 5.74339050e+02, 7.66437866e+02, 4.87142151e+02,
    7.52013306e+02, 5.01587219e+02, 7.39950928e+02, 5.14498962e+02,
    7.28026733e+02, 5.26874634e+02, 7.16796387e+02, 5.38637329e+02,
    7.50464172e+02, 4.46598297e+02, 7.36708374e+02, 4.62132294e+02,
    7.25159729e+02, 4.76460846e+02, 7.13690063e+02, 4.90013519e+02,
    7.02678589e+02, 5.02637512e+02, 7.34651611e+02, 4.06256714e+02,
    7.21503967e+02, 4.22931396e+02, 7.10258789e+02, 4.38667480e+02,
    6.99368530e+02, 4.53323273e+02, 6.88952576e+02, 4.67344238e+02,
    7.18853577e+02, 3.66181854e+02, 7.06161072e+02, 3.84061707e+02,
    6.95480103e+02, 4.01263702e+02, 6.84911865e+02, 4.17353149e+02,
    6.74563477e+02, 4.31885742e+02 ]
