%YAML:1.0
points: [ 3.09166687e+02, 2.30745453e+02, 2.99061920e+02, 2.32887756e+02,
    2.89143890e+02, 2.35111725e+02, 2.78967163e+02, 2.37234756e+02,
    2.68766479e+02, 2.39492065e+02, 3.09380432e+02, 2.22910141e+02,
    2.99135284e+02, 2.25084579e+02, 2.89027130e+02, 2.27395081e+02,
    2.78637878e+02, 2.29482101e+02, 2.68237518e+02, 2.31698318e+02,
    3.09636932e+02, 2.14703949e+02, 2.99239532e+02, 2.17058807e+02,
    2.88806427e+02, 2.19154816e+02, 2.78378754e+02, 2.21392715e+02,
    2.67737000e+02, 2.23661636e+02, 3.09858704e+02, 2.06305283e+02,
    2.99367706e+02, 2.08774307e+02, 2.88653259e+02, 2.10726456e+02,
    2.78013550e+02, 2.12956360e+02, 2.67243591e+02, 2.15257996e+02,
    3.10134430e+02, 1.97605179e+02, 2.99496643e+02, 1.99999908e+02,
    2.88564972e+02, 2.02102997e+02, 2.77667053e+02, 2.04297699e+02,
    2.66701660e+02, 2.06662521e+02, 3.10451782e+02, 1.88553253e+02,
    2.99586304e+02, 1.90917892e+02, 2.88500885e+02, 1.93066269e+02,
    2.77340149e+02, 1.95281158e+02, 2.66174469e+02, 1.97639252e+02,
    3.10783112e+02, 1.79118591e+02, 2.99713745e+02, 1.81504776e+02,
    2.88393951e+02, 1.83656982e+02, 2.77049347e+02, 1.85946869e+02,
    2.65671600e+02, 1.88356659e+02 ]
