%YAML:1.0
points: [ 1.18353845e+03, 5.13375732e+02, 1.16094055e+03, 4.98680603e+02,
    1.13782080e+03, 4.83775757e+02, 1.11351306e+03, 4.67942535e+02,
    1.08860620e+03, 4.51702301e+02, 1.20649719e+03, 4.86899048e+02,
    1.18426880e+03, 4.71731415e+02, 1.16120251e+03, 4.56100159e+02,
    1.13711353e+03, 4.39646179e+02, 1.11225073e+03, 4.22730011e+02,
    1.22993628e+03, 4.59899475e+02, 1.20810437e+03, 4.44311035e+02,
    1.18499280e+03, 4.27808472e+02, 1.16122083e+03, 4.10813568e+02,
    1.13655273e+03, 3.93147369e+02, 1.25396851e+03, 4.32415894e+02,
    1.23252722e+03, 4.16314758e+02, 1.20933386e+03, 3.98904144e+02,
    1.18584900e+03, 3.81271515e+02, 1.16151733e+03, 3.62960876e+02,
    1.27868481e+03, 4.04382507e+02, 1.25733313e+03, 3.87584412e+02,
    1.23438989e+03, 3.69600708e+02, 1.21110547e+03, 3.51126953e+02,
    1.18703113e+03, 3.32121735e+02, 1.30385339e+03, 3.75766846e+02,
    1.28271948e+03, 3.58184906e+02, 1.26018628e+03, 3.39592499e+02,
    1.23703845e+03, 3.20364685e+02, 1.21329993e+03, 3.00436493e+02,
    1.32969055e+03, 3.46488983e+02, 1.30882544e+03, 3.28199402e+02,
    1.28661328e+03, 3.08830078e+02, 1.26384827e+03, 2.88916992e+02,
    1.24032202e+03, 2.68291718e+02 ]
