%YAML:1.0
points: [ 3.51296844e+02, 1.93754578e+02, 3.43694366e+02, 1.88677917e+02,
    3.35972992e+02, 1.83521225e+02, 3.27779602e+02, 1.77996490e+02,
    3.19429840e+02, 1.72379959e+02, 3.59528198e+02, 1.84478424e+02,
    3.52053314e+02, 1.79206375e+02, 3.44384338e+02, 1.73828232e+02,
    3.36282379e+02, 1.68101685e+02, 3.27917786e+02, 1.62192703e+02,
    3.67958801e+02, 1.75010300e+02, 3.60644501e+02, 1.69629517e+02,
    3.52875397e+02, 1.63874222e+02, 3.44936066e+02, 1.58006027e+02,
    3.36658478e+02, 1.51800323e+02, 3.76507019e+02, 1.65442596e+02,
    3.69454956e+02, 1.59851562e+02, 3.61624268e+02, 1.53755341e+02,
    3.53765869e+02, 1.47666306e+02, 3.45613556e+02, 1.41234009e+02,
    3.85322479e+02, 1.55623871e+02, 3.78305786e+02, 1.49805496e+02,
    3.70627319e+02, 1.43521729e+02, 3.62806671e+02, 1.37076721e+02,
    3.54783051e+02, 1.30435867e+02, 3.94250092e+02, 1.45602341e+02,
    3.87350250e+02, 1.39576080e+02, 3.79824951e+02, 1.33037003e+02,
    3.72068176e+02, 1.26322769e+02, 3.64152618e+02, 1.19352013e+02,
    4.03381592e+02, 1.35438751e+02, 3.96583984e+02, 1.29129562e+02,
    3.89138885e+02, 1.22340042e+02, 3.81616760e+02, 1.15312531e+02,
    3.73826447e+02, 1.08156662e+02 ]
