%YAML:1.0
points: [ 1.13058728e+03, 4.53608398e+02, 1.11138635e+03, 4.31293610e+02,
    1.09161646e+03, 4.08417175e+02, 1.07086987e+03, 3.84323456e+02,
    1.04950049e+03, 3.59483673e+02, 1.15887549e+03, 4.30825226e+02,
    1.14011157e+03, 4.08126190e+02, 1.12074438e+03, 3.84588959e+02,
    1.10036951e+03, 3.59841736e+02, 1.07933948e+03, 3.34228699e+02,
    1.18757227e+03, 4.07806091e+02, 1.16945264e+03, 3.84645935e+02,
    1.15021570e+03, 3.60203278e+02, 1.13037512e+03, 3.34942383e+02,
    1.10974023e+03, 3.08597015e+02, 1.21692041e+03, 3.84397156e+02,
    1.19932605e+03, 3.60735413e+02, 1.18024841e+03, 3.35448456e+02,
    1.16096851e+03, 3.09539612e+02, 1.14088403e+03, 2.82505646e+02,
    1.24678723e+03, 3.60680420e+02, 1.22953101e+03, 3.36311127e+02,
    1.21103430e+03, 3.10371429e+02, 1.19212622e+03, 2.83686340e+02,
    1.17256506e+03, 2.55951340e+02, 1.27718225e+03, 3.36541077e+02,
    1.26043115e+03, 3.11381592e+02, 1.24247766e+03, 2.84859741e+02,
    1.22394958e+03, 2.57367462e+02, 1.20489001e+03, 2.28824265e+02,
    1.30824280e+03, 3.11920258e+02, 1.29198462e+03, 2.86067322e+02,
    1.27448706e+03, 2.58839172e+02, 1.25659009e+03, 2.30687515e+02,
    1.23809607e+03, 2.01341461e+02 ]
