%YAML:1.0
points: [ 1.22410620e+03, 6.97384155e+02, 1.18850659e+03, 7.19931519e+02,
    1.15467664e+03, 7.41561707e+02, 1.12292761e+03, 7.61465271e+02,
    1.09267322e+03, 7.80748047e+02, 1.18817041e+03, 6.64271790e+02,
    1.15331311e+03, 6.87974792e+02, 1.12052014e+03, 7.10628479e+02,
    1.08955261e+03, 7.31422913e+02, 1.06002148e+03, 7.51386658e+02,
    1.15198389e+03, 6.30915833e+02, 1.11791479e+03, 6.56068726e+02,
    1.08598730e+03, 6.79062561e+02, 1.05584045e+03, 7.01099548e+02,
    1.02714258e+03, 7.21973022e+02, 1.11552600e+03, 5.97315491e+02,
    1.08235315e+03, 6.23855103e+02, 1.05136792e+03, 6.47468506e+02,
    1.02190015e+03, 6.70594299e+02, 9.93888977e+02, 6.92529602e+02,
    1.07878723e+03, 5.63635315e+02, 1.04657178e+03, 5.90999207e+02,
    1.01640784e+03, 6.15843933e+02, 9.87671021e+02, 6.39859192e+02,
    9.60375671e+02, 6.62793701e+02, 1.04173816e+03, 5.29507629e+02,
    1.01040741e+03, 5.57901733e+02, 9.81054932e+02, 5.84011047e+02,
    9.53164917e+02, 6.08903809e+02, 9.26670776e+02, 6.32792786e+02,
    1.00431018e+03, 4.95097443e+02, 9.73789062e+02, 5.24605042e+02,
    9.45285095e+02, 5.51848389e+02, 9.18163208e+02, 5.77974976e+02,
    8.92326843e+02, 6.02791321e+02 ]
