%YAML:1.0
points: [ 3.18152557e+02, 2.48303421e+02, 3.08668304e+02, 2.52032303e+02,
    2.99272705e+02, 2.55875244e+02, 2.89714783e+02, 2.59572357e+02,
    2.80230194e+02, 2.63395386e+02, 3.17002014e+02, 2.41525696e+02,
    3.07398071e+02, 2.45280045e+02, 2.97852020e+02, 2.49231583e+02,
    2.88105560e+02, 2.52972183e+02, 2.78405548e+02, 2.56806091e+02,
    3.15837250e+02, 2.34431641e+02, 3.06135590e+02, 2.38395569e+02,
    2.96253815e+02, 2.42187943e+02, 2.86438049e+02, 2.46095703e+02,
    2.76531616e+02, 2.49989197e+02, 3.14623993e+02, 2.27087021e+02,
    3.04880280e+02, 2.31241348e+02, 2.94689972e+02, 2.34929077e+02,
    2.84673370e+02, 2.38932449e+02, 2.74621094e+02, 2.42930069e+02,
    3.13430237e+02, 2.19572876e+02, 3.03457214e+02, 2.23721802e+02,
    2.93135040e+02, 2.27515717e+02, 2.82839966e+02, 2.31536865e+02,
    2.72614441e+02, 2.35656693e+02, 3.12231812e+02, 2.11653778e+02,
    3.01984436e+02, 2.15838806e+02, 2.91507355e+02, 2.19825775e+02,
    2.80989471e+02, 2.23873688e+02, 2.70580292e+02, 2.28023178e+02,
    3.10976715e+02, 2.03450577e+02, 3.00474731e+02, 2.07781769e+02,
    2.89799744e+02, 2.11767212e+02, 2.79137421e+02, 2.15959961e+02,
    2.68522858e+02, 2.20310959e+02 ]
