%YAML:1.0
points: [ 3.33215729e+02, 1.72980621e+02, 3.26848755e+02, 1.65188721e+02,
    3.20342468e+02, 1.57225006e+02, 3.13459839e+02, 1.48813950e+02,
    3.06394440e+02, 1.40123337e+02, 3.43301147e+02, 1.64969666e+02,
    3.37069824e+02, 1.57040955e+02, 3.30700165e+02, 1.48857819e+02,
    3.23942474e+02, 1.40216248e+02, 3.16962738e+02, 1.31279617e+02,
    3.53524200e+02, 1.56889801e+02, 3.47538788e+02, 1.48800949e+02,
    3.41142853e+02, 1.40303116e+02, 3.34639374e+02, 1.31487122e+02,
    3.27820831e+02, 1.22252007e+02, 3.63911133e+02, 1.48679321e+02,
    3.58166168e+02, 1.40457626e+02, 3.51849335e+02, 1.31611664e+02,
    3.45501770e+02, 1.22541107e+02, 3.38866089e+02, 1.13090500e+02,
    3.74523315e+02, 1.40410431e+02, 3.68897095e+02, 1.31896240e+02,
    3.62792358e+02, 1.22803108e+02, 3.56544983e+02, 1.13482635e+02,
    3.50130371e+02, 1.03824211e+02, 3.85284546e+02, 1.31926590e+02,
    3.79814850e+02, 1.23215347e+02, 3.73885986e+02, 1.13950150e+02,
    3.67786133e+02, 1.04320900e+02, 3.61513855e+02, 9.43652267e+01,
    3.96196899e+02, 1.23389206e+02, 3.90917969e+02, 1.14441788e+02,
    3.85109833e+02, 1.04971840e+02, 3.79248840e+02, 9.50971909e+01,
    3.73233917e+02, 8.48953400e+01 ]
