%YAML:1.0
points: [ 1.03513733e+03, 6.69575378e+02, 1.01023285e+03, 6.90081299e+02,
    9.86532166e+02, 7.09789307e+02, 9.64512695e+02, 7.27874268e+02,
    9.43510437e+02, 7.45225037e+02, 1.00167761e+03, 6.36931702e+02,
    9.77529419e+02, 6.58549438e+02, 9.54986694e+02, 6.79156372e+02,
    9.33876099e+02, 6.98001343e+02, 9.13665710e+02, 7.16005066e+02,
    9.68074524e+02, 6.04236694e+02, 9.44795654e+02, 6.27159119e+02,
    9.23344727e+02, 6.48101501e+02, 9.03067200e+02, 6.68078674e+02,
    8.83729309e+02, 6.86925659e+02, 9.34610840e+02, 5.71703979e+02,
    9.12159363e+02, 5.95725098e+02, 8.91827393e+02, 6.17286804e+02,
    8.72315186e+02, 6.38247375e+02, 8.53864746e+02, 6.58121399e+02,
    9.01042480e+02, 5.39332642e+02, 8.79668518e+02, 5.64067993e+02,
    8.60352234e+02, 5.86740845e+02, 8.41703796e+02, 6.08474854e+02,
    8.23831909e+02, 6.29156372e+02, 8.67635803e+02, 5.06881378e+02,
    8.47247864e+02, 5.32508728e+02, 8.28752136e+02, 5.56285522e+02,
    8.10969299e+02, 5.78748657e+02, 7.94063782e+02, 6.00290527e+02,
    8.34280640e+02, 4.74525269e+02, 8.14793823e+02, 5.01093781e+02,
    7.97163513e+02, 5.25814636e+02, 7.80199280e+02, 5.49353882e+02,
    7.63837341e+02, 5.71611694e+02 ]
