%YAML:1.0
points: [ 2.86126282e+02, 2.63182556e+02, 2.76068604e+02, 2.65071838e+02,
    2.66111694e+02, 2.67076965e+02, 2.56143311e+02, 2.68918091e+02,
    2.46244553e+02, 2.70839478e+02, 2.84561768e+02, 2.56843109e+02,
    2.74308380e+02, 2.58797516e+02, 2.64218170e+02, 2.60896667e+02,
    2.54083771e+02, 2.62725128e+02, 2.44032089e+02, 2.64680328e+02,
    2.82956787e+02, 2.50201080e+02, 2.72557617e+02, 2.52365677e+02,
    2.62208130e+02, 2.54293411e+02, 2.51938721e+02, 2.56312927e+02,
    2.41630234e+02, 2.58332794e+02, 2.81287079e+02, 2.43328445e+02,
    2.70753784e+02, 2.45700150e+02, 2.60166473e+02, 2.47518219e+02,
    2.49669250e+02, 2.49631165e+02, 2.39211578e+02, 2.51725525e+02,
    2.79627380e+02, 2.36303833e+02, 2.68863037e+02, 2.38641403e+02,
    2.58071625e+02, 2.40572830e+02, 2.47359467e+02, 2.42712753e+02,
    2.36680389e+02, 2.44979980e+02, 2.77846802e+02, 2.28912460e+02,
    2.66870056e+02, 2.31332565e+02, 2.55878113e+02, 2.33414490e+02,
    2.44934052e+02, 2.35555527e+02, 2.34057404e+02, 2.37828705e+02,
    2.76004547e+02, 2.21223297e+02, 2.64808624e+02, 2.23709656e+02,
    2.53589508e+02, 2.25882751e+02, 2.42443314e+02, 2.28171432e+02,
    2.31369232e+02, 2.30599167e+02 ]
