%YAML:1.0
points: [ 1.22557935e+03, 4.60561035e+02, 1.21109875e+03, 4.38096344e+02,
    1.19610730e+03, 4.14805450e+02, 1.18003149e+03, 3.90080261e+02,
    1.16353040e+03, 3.64336365e+02, 1.25454346e+03, 4.36419708e+02,
    1.24073669e+03, 4.13487305e+02, 1.22648352e+03, 3.89429565e+02,
    1.21107080e+03, 3.63972504e+02, 1.19512891e+03, 3.37452759e+02,
    1.28381458e+03, 4.12099121e+02, 1.27093823e+03, 3.88679565e+02,
    1.25681909e+03, 3.63723724e+02, 1.24242529e+03, 3.37670593e+02,
    1.22711047e+03, 3.10383270e+02, 1.31339319e+03, 3.87616699e+02,
    1.30149048e+03, 3.63608795e+02, 1.28768237e+03, 3.37811920e+02,
    1.27402283e+03, 3.11100403e+02, 1.25962695e+03, 2.83079437e+02,
    1.34344592e+03, 3.63015747e+02, 1.33210779e+03, 3.38220642e+02,
    1.31905371e+03, 3.11784424e+02, 1.30597070e+03, 2.84275421e+02,
    1.29248157e+03, 2.55425003e+02, 1.37380847e+03, 3.38135864e+02,
    1.36306458e+03, 3.12575317e+02, 1.35089221e+03, 2.85495239e+02,
    1.33840234e+03, 2.57202881e+02, 1.32577527e+03, 2.27514969e+02,
    1.40444836e+03, 3.12998566e+02, 1.39441846e+03, 2.86753296e+02,
    1.38301770e+03, 2.58935547e+02, 1.37139819e+03, 2.30039215e+02,
    1.35964612e+03, 1.99596573e+02 ]
