%YAML:1.0
points: [ 3.67218567e+02, 1.75227936e+02, 3.62557434e+02, 1.67461914e+02,
    3.57836029e+02, 1.59415649e+02, 3.52667084e+02, 1.50724503e+02,
    3.47392120e+02, 1.41703476e+02, 3.77414795e+02, 1.66807770e+02,
    3.73025574e+02, 1.58800705e+02, 3.68584137e+02, 1.50480087e+02,
    3.63646606e+02, 1.41577286e+02, 3.58532410e+02, 1.32285126e+02,
    3.87729675e+02, 1.58316360e+02, 3.83720428e+02, 1.50081955e+02,
    3.79247986e+02, 1.41409378e+02, 3.74684875e+02, 1.32398254e+02,
    3.69812958e+02, 1.22822731e+02, 3.98074463e+02, 1.49757690e+02,
    3.94360718e+02, 1.41460175e+02, 3.89964294e+02, 1.32378296e+02,
    3.85747589e+02, 1.23149742e+02, 3.81178650e+02, 1.13291756e+02,
    4.08494354e+02, 1.41214874e+02, 4.04959015e+02, 1.32615799e+02,
    4.00922363e+02, 1.23367455e+02, 3.96819672e+02, 1.13811707e+02,
    3.92641937e+02, 1.03782471e+02, 4.18863098e+02, 1.32671310e+02,
    4.15597870e+02, 1.23823395e+02, 4.11782715e+02, 1.14371880e+02,
    4.07877045e+02, 1.04547104e+02, 4.03983063e+02, 9.41964722e+01,
    4.29293762e+02, 1.24031441e+02, 4.26312317e+02, 1.15012344e+02,
    4.22708954e+02, 1.05322464e+02, 4.19085968e+02, 9.52872162e+01,
    4.15490204e+02, 8.48114319e+01 ]
