%YAML:1.0
points: [ 9.58844604e+02, 7.39340881e+02, 9.23761047e+02, 7.33997498e+02,
    8.89879639e+02, 7.29147095e+02, 8.57770020e+02, 7.23970886e+02,
    8.26607910e+02, 7.19434875e+02, 9.49016235e+02, 7.04602173e+02,
    9.13341370e+02, 6.99890198e+02, 8.79226624e+02, 6.95864441e+02,
    8.46835205e+02, 6.91279175e+02, 8.15543579e+02, 6.86946899e+02,
    9.38880554e+02, 6.68466431e+02, 9.02544922e+02, 6.64925964e+02,
    8.68342468e+02, 6.60827148e+02, 8.35580383e+02, 6.57391296e+02,
    8.03998352e+02, 6.53819153e+02, 9.28287292e+02, 6.31281433e+02,
    8.91466736e+02, 6.28879822e+02, 8.57131775e+02, 6.25046692e+02,
    8.23863098e+02, 6.22283569e+02, 7.91923279e+02, 6.19557373e+02,
    9.17220032e+02, 5.92813477e+02, 8.80148621e+02, 5.91028687e+02,
    8.45429688e+02, 5.88280273e+02, 8.11850220e+02, 5.86101379e+02,
    7.79548279e+02, 5.84258728e+02, 9.05860413e+02, 5.52877258e+02,
    8.68436523e+02, 5.51952271e+02, 8.33234314e+02, 5.50269531e+02,
    7.99331482e+02, 5.48688293e+02, 7.66749878e+02, 5.47765259e+02,
    8.94072205e+02, 5.11510529e+02, 8.56260315e+02, 5.11541748e+02,
    8.20524963e+02, 5.10752075e+02, 7.86154358e+02, 5.10392853e+02,
    7.53188843e+02, 5.10187775e+02 ]
