%YAML:1.0
points: [ 3.77905182e+02, 1.75579803e+02, 3.68619293e+02, 1.73283020e+02,
    3.59163818e+02, 1.70996033e+02, 3.49182373e+02, 1.68498840e+02,
    3.39051727e+02, 1.66003632e+02, 3.84253876e+02, 1.64728180e+02,
    3.74870178e+02, 1.62323318e+02, 3.65414917e+02, 1.59840652e+02,
    3.55388489e+02, 1.57149780e+02, 3.45114746e+02, 1.54450348e+02,
    3.90739380e+02, 1.53674606e+02, 3.81503815e+02, 1.51063309e+02,
    3.71726868e+02, 1.48268356e+02, 3.61793793e+02, 1.45492172e+02,
    3.51443207e+02, 1.42522293e+02, 3.97399323e+02, 1.42242966e+02,
    3.88280243e+02, 1.39522736e+02, 3.78332611e+02, 1.36386734e+02,
    3.68382233e+02, 1.33331192e+02, 3.58008820e+02, 1.30155151e+02,
    4.04269348e+02, 1.30504318e+02, 3.95114166e+02, 1.27520309e+02,
    3.85198090e+02, 1.24162781e+02, 3.75154877e+02, 1.20854393e+02,
    3.64828674e+02, 1.17430229e+02, 4.11309784e+02, 1.18437592e+02,
    4.02159058e+02, 1.15184135e+02, 3.92303558e+02, 1.11590607e+02,
    3.82176178e+02, 1.07961639e+02, 3.71831848e+02, 1.04241364e+02,
    4.18578949e+02, 1.06011162e+02, 4.09412292e+02, 1.02481438e+02,
    3.99593964e+02, 9.85565948e+01, 3.89486450e+02, 9.47060852e+01,
    3.79137146e+02, 9.07376938e+01 ]
