%YAML:1.0
points: [ 3.28709625e+02, 2.76136414e+02, 3.18611572e+02, 2.79530212e+02,
    3.08514801e+02, 2.83134277e+02, 2.98104462e+02, 2.86544403e+02,
    2.87608734e+02, 2.90206177e+02, 3.29782104e+02, 2.69682007e+02,
    3.19524323e+02, 2.73130005e+02, 3.09176636e+02, 2.76856781e+02,
    2.98494415e+02, 2.80289307e+02, 2.87849121e+02, 2.83844055e+02,
    3.30969818e+02, 2.62900421e+02, 3.20567535e+02, 2.66558502e+02,
    3.09801117e+02, 2.70029602e+02, 2.99030914e+02, 2.73662842e+02,
    2.88073730e+02, 2.77338989e+02, 3.32168213e+02, 2.55838470e+02,
    3.21599457e+02, 2.59731964e+02, 3.10506744e+02, 2.63011505e+02,
    2.99477997e+02, 2.66738525e+02, 2.88383881e+02, 2.70489746e+02,
    3.33490601e+02, 2.48578812e+02, 3.22691223e+02, 2.52417542e+02,
    3.11368988e+02, 2.55788193e+02, 2.99962616e+02, 2.59524353e+02,
    2.88691498e+02, 2.63389832e+02, 3.34906006e+02, 2.40867813e+02,
    3.23782074e+02, 2.44772949e+02, 3.12273865e+02, 2.48305389e+02,
    3.00644775e+02, 2.51937653e+02, 2.88998810e+02, 2.55908325e+02,
    3.36349152e+02, 2.32861954e+02, 3.25004547e+02, 2.36785812e+02,
    3.13140381e+02, 2.40361618e+02, 3.01310486e+02, 2.44172592e+02,
    2.89476135e+02, 2.48183807e+02 ]
