%YAML:1.0
points: [ 1.25863098e+03, 4.61246582e+02, 1.23119324e+03, 4.54668182e+02,
    1.20316711e+03, 4.48091888e+02, 1.17413757e+03, 4.40907776e+02,
    1.14432812e+03, 4.33783569e+02, 1.27579431e+03, 4.30437042e+02,
    1.24841943e+03, 4.23422424e+02, 1.22016370e+03, 4.16255280e+02,
    1.19081921e+03, 4.08505737e+02, 1.16077063e+03, 4.00697083e+02,
    1.29366785e+03, 3.98666565e+02, 1.26625952e+03, 3.91329132e+02,
    1.23756738e+03, 3.83222260e+02, 1.20812976e+03, 3.75077209e+02,
    1.17782068e+03, 3.66642456e+02, 1.31213440e+03, 3.65990234e+02,
    1.28477319e+03, 3.58014343e+02, 1.25560986e+03, 3.49203735e+02,
    1.22609277e+03, 3.40495087e+02, 1.19570605e+03, 3.31314972e+02,
    1.33142468e+03, 3.32245728e+02, 1.30372009e+03, 3.23630768e+02,
    1.27446326e+03, 3.14182037e+02, 1.24475208e+03, 3.04667694e+02,
    1.21412256e+03, 2.94975433e+02, 1.35128784e+03, 2.97320618e+02,
    1.32341394e+03, 2.87990601e+02, 1.29413977e+03, 2.77899628e+02,
    1.26406787e+03, 2.67694977e+02, 1.23332312e+03, 2.57062653e+02,
    1.37187195e+03, 2.61203430e+02, 1.34395984e+03, 2.51107346e+02,
    1.31455371e+03, 2.40297943e+02, 1.28445215e+03, 2.29294647e+02,
    1.25344177e+03, 2.18044724e+02 ]
