%YAML:1.0
points: [ 1.25349048e+03, 5.05108521e+02, 1.22481152e+03, 5.05535736e+02,
    1.19579211e+03, 5.06095306e+02, 1.16556311e+03, 5.06282593e+02,
    1.13483118e+03, 5.06687500e+02, 1.26477563e+03, 4.74128876e+02,
    1.23612109e+03, 4.74126282e+02, 1.20655054e+03, 4.74296204e+02,
    1.17596436e+03, 4.74113251e+02, 1.14480542e+03, 4.74026886e+02,
    1.27657275e+03, 4.42058868e+02, 1.24781958e+03, 4.41854706e+02,
    1.21766956e+03, 4.41274628e+02, 1.18682727e+03, 4.40841827e+02,
    1.15520020e+03, 4.40317200e+02, 1.28900098e+03, 4.08934479e+02,
    1.25989050e+03, 4.08437805e+02, 1.22917297e+03, 4.07245361e+02,
    1.19809717e+03, 4.06370056e+02, 1.16617358e+03, 4.05311768e+02,
    1.30186609e+03, 3.74747955e+02, 1.27235828e+03, 3.73716766e+02,
    1.24135596e+03, 3.72048584e+02, 1.20983154e+03, 3.70607147e+02,
    1.17751978e+03, 3.69286865e+02, 1.31527783e+03, 3.39215759e+02,
    1.28533582e+03, 3.37693115e+02, 1.25401831e+03, 3.35674866e+02,
    1.22210583e+03, 3.33585236e+02, 1.18937927e+03, 3.31577057e+02,
    1.32911194e+03, 3.02418182e+02, 1.29893042e+03, 3.00317780e+02,
    1.26733459e+03, 2.97664337e+02, 1.23509619e+03, 2.95144379e+02,
    1.20197095e+03, 2.92785095e+02 ]
