%YAML:1.0
points: [ 3.75985840e+02, 1.90783157e+02, 3.66145233e+02, 1.90953888e+02,
    3.56284485e+02, 1.91239075e+02, 3.45934570e+02, 1.91305771e+02,
    3.35396240e+02, 1.91457855e+02, 3.80216309e+02, 1.80014984e+02,
    3.70413849e+02, 1.79998871e+02, 3.60417542e+02, 1.80120102e+02,
    3.49917572e+02, 1.80055695e+02, 3.39233582e+02, 1.80041580e+02,
    3.84682556e+02, 1.68784805e+02, 3.74821381e+02, 1.68815933e+02,
    3.64536224e+02, 1.68579269e+02, 3.54105255e+02, 1.68463470e+02,
    3.43257660e+02, 1.68283157e+02, 3.89249115e+02, 1.57214386e+02,
    3.79507874e+02, 1.57099228e+02, 3.68904083e+02, 1.56656525e+02,
    3.58357483e+02, 1.56398041e+02, 3.47434662e+02, 1.56046082e+02,
    3.93995514e+02, 1.45274628e+02, 3.84170441e+02, 1.44990601e+02,
    3.73534729e+02, 1.44361420e+02, 3.62798065e+02, 1.43889984e+02,
    3.51809387e+02, 1.43416489e+02, 3.98956268e+02, 1.32977661e+02,
    3.88986450e+02, 1.32394958e+02, 3.78365753e+02, 1.31637756e+02,
    3.67465820e+02, 1.30934052e+02, 3.56367035e+02, 1.30232056e+02,
    4.04037231e+02, 1.20131866e+02, 3.94044128e+02, 1.19402512e+02,
    3.83280731e+02, 1.18438950e+02, 3.72368195e+02, 1.17480072e+02,
    3.61163361e+02, 1.16660835e+02 ]
