%YAML:1.0
points: [ 9.69614807e+02, 5.98890320e+02, 9.31212280e+02, 5.87287720e+02,
    8.93884338e+02, 5.76315369e+02, 8.58411865e+02, 5.65355225e+02,
    8.23870911e+02, 5.55041382e+02, 9.71721191e+02, 5.58186707e+02,
    9.32364685e+02, 5.47118652e+02, 8.94410706e+02, 5.36830017e+02,
    8.58348633e+02, 5.26445251e+02, 8.23329773e+02, 5.16427551e+02,
    9.73834473e+02, 5.15854065e+02, 9.33493408e+02, 5.05719788e+02,
    8.95209656e+02, 4.95519714e+02, 8.58309631e+02, 4.86031982e+02,
    8.22660583e+02, 4.76655823e+02, 9.76041382e+02, 4.71980164e+02,
    9.34721191e+02, 4.62803040e+02, 8.95958496e+02, 4.52942719e+02,
    8.58249939e+02, 4.44094818e+02, 8.21824280e+02, 4.35476379e+02,
    9.78228821e+02, 4.26573608e+02, 9.36189636e+02, 4.17994781e+02,
    8.96627563e+02, 4.09006805e+02, 8.58161743e+02, 4.00700928e+02,
    8.20978943e+02, 3.92816559e+02, 9.80615967e+02, 3.79318390e+02,
    9.37752441e+02, 3.71396271e+02, 8.97234619e+02, 3.63376831e+02,
    8.58063599e+02, 3.55627533e+02, 8.20128296e+02, 3.48548798e+02,
    9.83043518e+02, 3.30049622e+02, 9.39250854e+02, 3.22986908e+02,
    8.97802368e+02, 3.15781738e+02, 8.57635376e+02, 3.08969543e+02,
    8.18918701e+02, 3.02516785e+02 ]
