%YAML:1.0
points: [ 2.71105591e+02, 2.70301086e+02, 2.57988525e+02, 2.72743500e+02,
    2.45035019e+02, 2.75286133e+02, 2.32402847e+02, 2.77607147e+02,
    2.19813828e+02, 2.80102753e+02, 2.67360931e+02, 2.58466949e+02,
    2.54183136e+02, 2.61123505e+02, 2.41164154e+02, 2.63773834e+02,
    2.28361511e+02, 2.66229645e+02, 2.15710022e+02, 2.68723999e+02,
    2.63718658e+02, 2.46374802e+02, 2.50274292e+02, 2.49267410e+02,
    2.37188477e+02, 2.51859818e+02, 2.24238098e+02, 2.54532516e+02,
    2.11474686e+02, 2.57201843e+02, 2.59923798e+02, 2.34022339e+02,
    2.46306229e+02, 2.37140305e+02, 2.33156219e+02, 2.39750778e+02,
    2.20059372e+02, 2.42592987e+02, 2.07122223e+02, 2.45359955e+02,
    2.56048828e+02, 2.21537659e+02, 2.42259872e+02, 2.24640823e+02,
    2.28981628e+02, 2.27500763e+02, 2.15745285e+02, 2.30340805e+02,
    2.02639954e+02, 2.33300354e+02, 2.52039719e+02, 2.08522186e+02,
    2.38192108e+02, 2.11770279e+02, 2.24583893e+02, 2.14769318e+02,
    2.11284241e+02, 2.17803528e+02, 1.98063049e+02, 2.20865067e+02,
    2.47855011e+02, 1.95182755e+02, 2.33904892e+02, 1.98657242e+02,
    2.20235611e+02, 2.01761703e+02, 2.06669159e+02, 2.04939240e+02,
    1.93283035e+02, 2.08271271e+02 ]
