%YAML:1.0
points: [ 3.18541534e+02, 1.85586487e+02, 3.07350647e+02, 1.84990860e+02,
    2.96216919e+02, 1.84422256e+02, 2.84968475e+02, 1.83773376e+02,
    2.73693268e+02, 1.83176590e+02, 3.20591339e+02, 1.75483917e+02,
    3.09228546e+02, 1.74889282e+02, 2.97874115e+02, 1.74335205e+02,
    2.86461761e+02, 1.73638763e+02, 2.74995758e+02, 1.72980026e+02,
    3.22735291e+02, 1.65035995e+02, 3.11209076e+02, 1.64440475e+02,
    2.99613129e+02, 1.63762451e+02, 2.88001129e+02, 1.63118164e+02,
    2.76362244e+02, 1.62405243e+02, 3.24931061e+02, 1.54211472e+02,
    3.13239624e+02, 1.53676575e+02, 3.01428406e+02, 1.52846237e+02,
    2.89623444e+02, 1.52183060e+02, 2.77751556e+02, 1.51477463e+02,
    3.27263794e+02, 1.43022842e+02, 3.15348297e+02, 1.42437637e+02,
    3.03345154e+02, 1.41594421e+02, 2.91311462e+02, 1.40861267e+02,
    2.79235535e+02, 1.40181061e+02, 3.29666290e+02, 1.31439087e+02,
    3.17561646e+02, 1.30757492e+02, 3.05343445e+02, 1.29936584e+02,
    2.93044952e+02, 1.29147385e+02, 2.80770660e+02, 1.28410797e+02,
    3.32139130e+02, 1.19374084e+02, 3.19837494e+02, 1.18673050e+02,
    3.07405304e+02, 1.17808472e+02, 2.94901001e+02, 1.16998291e+02,
    2.82393219e+02, 1.16267296e+02 ]
