%YAML:1.0
points: [ 1.00902472e+03, 6.81295715e+02, 9.78119568e+02, 6.81196838e+02,
    9.48277161e+02, 6.81318909e+02, 9.19821655e+02, 6.80934875e+02,
    8.92407471e+02, 6.80887756e+02, 9.93685181e+02, 6.54082397e+02,
    9.62339294e+02, 6.54575134e+02, 9.32506165e+02, 6.55466553e+02,
    9.03998047e+02, 6.55574219e+02, 8.76456299e+02, 6.55863586e+02,
    9.77833557e+02, 6.25760254e+02, 9.46098206e+02, 6.27328125e+02,
    9.16206970e+02, 6.28087952e+02, 8.87529846e+02, 6.29198120e+02,
    8.59888794e+02, 6.30075989e+02, 9.61332764e+02, 5.96544128e+02,
    9.29390625e+02, 5.99126526e+02, 8.99345947e+02, 6.00054932e+02,
    8.70429688e+02, 6.01851501e+02, 8.42595947e+02, 6.03487000e+02,
    9.44121277e+02, 5.66282898e+02, 9.12189087e+02, 5.69543945e+02,
    8.81925537e+02, 5.71333252e+02, 8.52812012e+02, 5.73623840e+02,
    8.24821777e+02, 5.76009460e+02, 9.26355896e+02, 5.34946777e+02,
    8.94237305e+02, 5.38804016e+02, 8.63782166e+02, 5.41581482e+02,
    8.34533936e+02, 5.44409790e+02, 8.06491089e+02, 5.47625977e+02,
    9.07972595e+02, 5.02356354e+02, 8.75590576e+02, 5.07108002e+02,
    8.44865051e+02, 5.10680359e+02, 8.15364929e+02, 5.14510071e+02,
    7.87136169e+02, 5.18397644e+02 ]
