%YAML:1.0
points: [ 3.18992310e+02, 2.81930359e+02, 3.04587616e+02, 2.85452759e+02,
    2.90372406e+02, 2.89058075e+02, 2.76181702e+02, 2.92460480e+02,
    2.62035004e+02, 2.96004913e+02, 3.16107574e+02, 2.69680817e+02,
    3.01486694e+02, 2.73267914e+02, 2.87078217e+02, 2.76991577e+02,
    2.72669159e+02, 2.80443634e+02, 2.58361969e+02, 2.84018188e+02,
    3.13139404e+02, 2.56998291e+02, 2.98345703e+02, 2.60844147e+02,
    2.83664337e+02, 2.64447632e+02, 2.69091980e+02, 2.68080139e+02,
    2.54591354e+02, 2.71788055e+02, 3.10029449e+02, 2.44071732e+02,
    2.95110321e+02, 2.48067032e+02, 2.80174561e+02, 2.51595963e+02,
    2.65416809e+02, 2.55414154e+02, 2.50707092e+02, 2.59177734e+02,
    3.06907104e+02, 2.30714798e+02, 2.91760071e+02, 2.34786438e+02,
    2.76666870e+02, 2.38448593e+02, 2.61663818e+02, 2.42281097e+02,
    2.46738754e+02, 2.46246521e+02, 3.03714966e+02, 2.16989075e+02,
    2.88356567e+02, 2.21139175e+02, 2.72973297e+02, 2.25030426e+02,
    2.57765594e+02, 2.28931686e+02, 2.42646225e+02, 2.32953995e+02,
    3.00442963e+02, 2.02688644e+02, 2.84813110e+02, 2.07050308e+02,
    2.69179749e+02, 2.11025955e+02, 2.53767899e+02, 2.15095505e+02,
    2.38417618e+02, 2.19246933e+02 ]
