%YAML:1.0
points: [ 1.09294312e+03, 4.89705109e+02, 1.06076746e+03, 4.87881714e+02,
    1.02861243e+03, 4.86272675e+02, 9.96221619e+02, 4.84304291e+02,
    9.63677246e+02, 4.82478607e+02, 1.09791077e+03, 4.60724243e+02,
    1.06535522e+03, 4.58920105e+02, 1.03259888e+03, 4.57147736e+02,
    9.99674622e+02, 4.55126221e+02, 9.66554993e+02, 4.53147552e+02,
    1.10314929e+03, 4.30745026e+02, 1.07007324e+03, 4.29008667e+02,
    1.03675085e+03, 4.26899323e+02, 1.00326923e+03, 4.24886078e+02,
    9.69668701e+02, 4.22871979e+02, 1.10853723e+03, 3.99807312e+02,
    1.07495825e+03, 3.98101166e+02, 1.04104382e+03, 3.95720795e+02,
    1.00702917e+03, 3.93657501e+02, 9.72850037e+02, 3.91575104e+02,
    1.11425110e+03, 3.67827332e+02, 1.08004260e+03, 3.66050781e+02,
    1.04550024e+03, 3.63606110e+02, 1.01092749e+03, 3.61354492e+02,
    9.76140808e+02, 3.59300049e+02, 1.12014844e+03, 3.34711304e+02,
    1.08529675e+03, 3.32742950e+02, 1.05022156e+03, 3.30244537e+02,
    1.01500592e+03, 3.27896423e+02, 9.79577271e+02, 3.25614044e+02,
    1.12629175e+03, 3.00268555e+02, 1.09083484e+03, 2.98253204e+02,
    1.05512952e+03, 2.95646729e+02, 1.01925061e+03, 2.93236145e+02,
    9.83226074e+02, 2.90974945e+02 ]
