%YAML:1.0
points: [ 3.20073273e+02, 3.02540619e+02, 3.06684998e+02, 3.05344208e+02,
    2.93460449e+02, 3.08270630e+02, 2.80196533e+02, 3.10951447e+02,
    2.66958801e+02, 3.13800903e+02, 3.18592773e+02, 2.92986603e+02,
    3.05007233e+02, 2.95868744e+02, 2.91471527e+02, 2.98913666e+02,
    2.77957550e+02, 3.01640015e+02, 2.64472931e+02, 3.04527557e+02,
    3.17107758e+02, 2.83024994e+02, 3.03264526e+02, 2.86150421e+02,
    2.89409119e+02, 2.88984528e+02, 2.75651459e+02, 2.91939148e+02,
    2.61935852e+02, 2.94924774e+02, 3.15520599e+02, 2.72706543e+02,
    3.01447784e+02, 2.76073059e+02, 2.87287292e+02, 2.78765564e+02,
    2.73253082e+02, 2.81846558e+02, 2.59258240e+02, 2.84924255e+02,
    3.13925751e+02, 2.62045929e+02, 2.99546173e+02, 2.65400909e+02,
    2.85119873e+02, 2.68267212e+02, 2.70756470e+02, 2.71360474e+02,
    2.56493713e+02, 2.74610962e+02, 3.12252655e+02, 2.50862213e+02,
    2.97583954e+02, 2.54295319e+02, 2.82850769e+02, 2.57337158e+02,
    2.68199707e+02, 2.60465485e+02, 2.53586807e+02, 2.63814728e+02,
    3.10510223e+02, 2.39217575e+02, 2.95518646e+02, 2.42757065e+02,
    2.80461456e+02, 2.45868301e+02, 2.65520721e+02, 2.49210510e+02,
    2.50642075e+02, 2.52702850e+02 ]
