%YAML:1.0
points: [ 1.01075861e+03, 7.32212402e+02, 9.80858582e+02, 7.29918518e+02,
    9.51922241e+02, 7.27830688e+02, 9.24417419e+02, 7.25449890e+02,
    8.97809937e+02, 7.23426025e+02, 9.95316772e+02, 7.08895813e+02,
    9.64892944e+02, 7.06961426e+02, 9.35955994e+02, 7.05597717e+02,
    9.08338806e+02, 7.03554504e+02, 8.81570435e+02, 7.01692749e+02,
    9.79323914e+02, 6.84463196e+02, 9.48511719e+02, 6.83589600e+02,
    9.19392456e+02, 6.81872742e+02, 8.91573425e+02, 6.80681519e+02,
    8.64706482e+02, 6.79308655e+02, 9.62530457e+02, 6.59175354e+02,
    9.31523193e+02, 6.59249390e+02, 9.02288574e+02, 6.57574585e+02,
    8.74235779e+02, 6.57008179e+02, 8.47132324e+02, 6.56319153e+02,
    9.45055786e+02, 6.33059937e+02, 9.13959473e+02, 6.33577332e+02,
    8.84517090e+02, 6.32630310e+02, 8.56124390e+02, 6.32316956e+02,
    8.28889465e+02, 6.32322021e+02, 9.26958435e+02, 6.05816345e+02,
    8.95691467e+02, 6.06838562e+02, 8.65958679e+02, 6.06764160e+02,
    8.37404358e+02, 6.06840698e+02, 8.10078186e+02, 6.07556213e+02,
    9.08104858e+02, 5.77401001e+02, 8.76571106e+02, 5.79153748e+02,
    8.46518372e+02, 5.79724487e+02, 8.17667908e+02, 5.80690491e+02,
    7.90292969e+02, 5.82029053e+02 ]
