%YAML:1.0
points: [ 3.06130280e+02, 1.76212814e+02, 2.95137085e+02, 1.73957687e+02,
    2.84186676e+02, 1.71732285e+02, 2.73104523e+02, 1.69360764e+02,
    2.61966431e+02, 1.67054062e+02, 3.09580048e+02, 1.66234833e+02,
    2.98426422e+02, 1.63908249e+02, 2.87277344e+02, 1.61613739e+02,
    2.76012024e+02, 1.59173126e+02, 2.64707184e+02, 1.56760818e+02,
    3.13112152e+02, 1.55878296e+02, 3.01827423e+02, 1.53517990e+02,
    2.90477997e+02, 1.51061081e+02, 2.79032806e+02, 1.48614441e+02,
    2.67532745e+02, 1.46122894e+02, 3.16814911e+02, 1.45138870e+02,
    3.05394409e+02, 1.42789108e+02, 2.93796906e+02, 1.40146393e+02,
    2.82163483e+02, 1.37631134e+02, 2.70473480e+02, 1.35073334e+02,
    3.20711121e+02, 1.34035385e+02, 3.09033295e+02, 1.31600540e+02,
    2.97265503e+02, 1.28888855e+02, 2.85452118e+02, 1.26256111e+02,
    2.73552795e+02, 1.23661552e+02, 3.24735291e+02, 1.22538162e+02,
    3.12859833e+02, 1.19941902e+02, 3.00875336e+02, 1.17226677e+02,
    2.88826111e+02, 1.14487152e+02, 2.76713837e+02, 1.11764809e+02,
    3.28884491e+02, 1.10562675e+02, 3.16850433e+02, 1.07885803e+02,
    3.04653931e+02, 1.05043411e+02, 2.92373352e+02, 1.02279930e+02,
    2.80011780e+02, 9.95116882e+01 ]
