%YAML:1.0
points: [ 1.05711255e+03, 4.62760529e+02, 1.02552979e+03, 4.56094269e+02,
    9.93723938e+02, 4.49612823e+02, 9.61736267e+02, 4.42785797e+02,
    9.29530457e+02, 4.36071808e+02, 1.06603479e+03, 4.34073578e+02,
    1.03404358e+03, 4.27303406e+02, 1.00174921e+03, 4.20581970e+02,
    9.69282776e+02, 4.13584106e+02, 9.36616150e+02, 4.06594910e+02,
    1.07545264e+03, 4.04384735e+02, 1.04293823e+03, 3.97602631e+02,
    1.01013855e+03, 3.90478943e+02, 9.77124939e+02, 3.83323456e+02,
    9.43858215e+02, 3.76145203e+02, 1.08515320e+03, 3.73771240e+02,
    1.05210388e+03, 3.66933960e+02, 1.01877606e+03, 3.59348083e+02,
    9.85249023e+02, 3.52011841e+02, 9.51434265e+02, 3.44654694e+02,
    1.09528650e+03, 3.42106873e+02, 1.06162598e+03, 3.34980682e+02,
    1.02775000e+03, 3.27235809e+02, 9.93650757e+02, 3.19595978e+02,
    9.59288574e+02, 3.12085602e+02, 1.10578406e+03, 3.09229889e+02,
    1.07159277e+03, 3.01831940e+02, 1.03707837e+03, 2.93926697e+02,
    1.00242139e+03, 2.86002930e+02, 9.67380310e+02, 2.78153503e+02,
    1.11668616e+03, 2.75124512e+02, 1.08193896e+03, 2.67475037e+02,
    1.04681836e+03, 2.59219727e+02, 1.01147455e+03, 2.51163132e+02,
    9.75889038e+02, 2.43144226e+02 ]
