%YAML:1.0
points: [ 9.14825134e+02, 7.01753479e+02, 8.92706482e+02, 6.98688110e+02,
    8.71213135e+02, 6.95843628e+02, 8.51043579e+02, 6.92885986e+02,
    8.31520325e+02, 6.90073914e+02, 8.97048950e+02, 6.78477539e+02,
    8.74583984e+02, 6.75793091e+02, 8.53552612e+02, 6.73802612e+02,
    8.33516846e+02, 6.71105103e+02, 8.14076904e+02, 6.68673401e+02,
    8.78626404e+02, 6.54253906e+02, 8.56166321e+02, 6.52649475e+02,
    8.35198608e+02, 6.50352539e+02, 8.15312866e+02, 6.48560852e+02,
    7.96094604e+02, 6.46667358e+02, 8.59565308e+02, 6.29443787e+02,
    8.37322571e+02, 6.28863159e+02, 8.16423767e+02, 6.26546631e+02,
    7.96569885e+02, 6.25448059e+02, 7.77448120e+02, 6.24184570e+02,
    8.39812988e+02, 6.04022583e+02, 8.17860107e+02, 6.03868591e+02,
    7.97115479e+02, 6.02386536e+02, 7.77209717e+02, 6.01520874e+02,
    7.58221191e+02, 6.00958008e+02, 8.19544250e+02, 5.77655090e+02,
    7.97729553e+02, 5.78030701e+02, 7.77158691e+02, 5.77507019e+02,
    7.57349854e+02, 5.77116455e+02, 7.38643738e+02, 5.77288086e+02,
    7.98565613e+02, 5.50444702e+02, 7.76863464e+02, 5.51546692e+02,
    7.56387085e+02, 5.51683228e+02, 7.36721802e+02, 5.52226196e+02,
    7.17978394e+02, 5.53013733e+02 ]
