%YAML:1.0
points: [ 9.87152222e+02, 4.51890686e+02, 9.57527405e+02, 4.44838074e+02,
    9.27912720e+02, 4.38017365e+02, 8.98595154e+02, 4.30932068e+02,
    8.69345947e+02, 4.24007690e+02, 9.92451050e+02, 4.24930786e+02,
    9.62313354e+02, 4.17885437e+02, 9.32235352e+02, 4.11060333e+02,
    9.02409668e+02, 4.03863220e+02, 8.72691711e+02, 3.96848267e+02,
    9.97980164e+02, 3.97035828e+02, 9.67215820e+02, 3.90138062e+02,
    9.36777039e+02, 3.82885010e+02, 9.06400818e+02, 3.75912048e+02,
    8.76135132e+02, 3.68832214e+02, 1.00369080e+03, 3.68215332e+02,
    9.72308289e+02, 3.61440704e+02, 9.41401978e+02, 3.53951233e+02,
    9.10505737e+02, 3.46887756e+02, 8.79717224e+02, 3.39815613e+02,
    1.00963354e+03, 3.38472015e+02, 9.77715149e+02, 3.31551666e+02,
    9.46162109e+02, 3.24058685e+02, 9.14720154e+02, 3.16936584e+02,
    8.83333313e+02, 3.09851501e+02, 1.01580878e+03, 3.07562042e+02,
    9.83333862e+02, 3.00564270e+02, 9.51143127e+02, 2.93151001e+02,
    9.19073364e+02, 2.85864594e+02, 8.87091370e+02, 2.78749512e+02,
    1.02219348e+03, 2.75514496e+02, 9.89089722e+02, 2.68488861e+02,
    9.56276978e+02, 2.60982513e+02, 9.23535339e+02, 2.53730286e+02,
    8.90971313e+02, 2.46625549e+02 ]
