%YAML:1.0
points: [ 2.58544189e+02, 3.15607208e+02, 2.45801514e+02, 3.14884644e+02,
    2.33264664e+02, 3.14306458e+02, 2.21029175e+02, 3.13524780e+02,
    2.08959061e+02, 3.12920929e+02, 2.56099884e+02, 3.06564941e+02,
    2.43095566e+02, 3.05931458e+02, 2.30332306e+02, 3.05515747e+02,
    2.17903534e+02, 3.04766907e+02, 2.05680542e+02, 3.04187439e+02,
    2.53501358e+02, 2.97094238e+02, 2.40240921e+02, 2.96756683e+02,
    2.27339813e+02, 2.96128021e+02, 2.14678467e+02, 2.95650085e+02,
    2.02216751e+02, 2.95197113e+02, 2.50880676e+02, 2.87314972e+02,
    2.37273270e+02, 2.87209351e+02, 2.24223480e+02, 2.86488129e+02,
    2.11274490e+02, 2.86133667e+02, 1.98595673e+02, 2.85818909e+02,
    2.48089020e+02, 2.77174164e+02, 2.34269409e+02, 2.77150513e+02,
    2.20955963e+02, 2.76607605e+02, 2.07803238e+02, 2.76305756e+02,
    1.94851730e+02, 2.76164124e+02, 2.45194473e+02, 2.66604248e+02,
    2.31162262e+02, 2.66663177e+02, 2.17502625e+02, 2.66339874e+02,
    2.04144760e+02, 2.66082764e+02, 1.90928162e+02, 2.66057343e+02,
    2.42147385e+02, 2.55515533e+02, 2.27823578e+02, 2.55748764e+02,
    2.13922913e+02, 2.55523941e+02, 2.00209839e+02, 2.55501541e+02,
    1.86766708e+02, 2.55664398e+02 ]
