%YAML:1.0
points: [ 2.80737640e+02, 1.72539139e+02, 2.70371124e+02, 1.70083466e+02,
    2.60100189e+02, 1.67725800e+02, 2.49895187e+02, 1.65246323e+02,
    2.39683823e+02, 1.62822861e+02, 2.82879425e+02, 1.63103683e+02,
    2.72311035e+02, 1.60684677e+02, 2.61847900e+02, 1.58311722e+02,
    2.51414963e+02, 1.55812485e+02, 2.41080429e+02, 1.53345245e+02,
    2.85080597e+02, 1.53369308e+02, 2.74319153e+02, 1.50984985e+02,
    2.63680420e+02, 1.48479523e+02, 2.53095551e+02, 1.46061127e+02,
    2.42480133e+02, 1.43564178e+02, 2.87351105e+02, 1.43275711e+02,
    2.76381561e+02, 1.40952744e+02, 2.65552765e+02, 1.38314941e+02,
    2.54751541e+02, 1.35896515e+02, 2.44013855e+02, 1.33399765e+02,
    2.89727753e+02, 1.32876602e+02, 2.78533661e+02, 1.30451492e+02,
    2.67521088e+02, 1.27898529e+02, 2.56499084e+02, 1.25376274e+02,
    2.45521606e+02, 1.22939590e+02, 2.92208282e+02, 1.22046791e+02,
    2.80801544e+02, 1.19599892e+02, 2.69555450e+02, 1.17042854e+02,
    2.58343231e+02, 1.14483696e+02, 2.47150787e+02, 1.12019661e+02,
    2.94739380e+02, 1.10764412e+02, 2.83141632e+02, 1.08319183e+02,
    2.71692047e+02, 1.05748528e+02, 2.60239899e+02, 1.03223495e+02,
    2.48768250e+02, 1.00754410e+02 ]
