%YAML:1.0
points: [ 3.78480957e+02, 2.71641449e+02, 3.67819336e+02, 2.77453857e+02,
    3.57255585e+02, 2.83453644e+02, 3.46228119e+02, 2.89434418e+02,
    3.35132416e+02, 2.95579773e+02, 3.77958588e+02, 2.61874542e+02,
    3.67137207e+02, 2.67730225e+02, 3.56410919e+02, 2.73804016e+02,
    3.45121063e+02, 2.79753021e+02, 3.33699677e+02, 2.85918091e+02,
    3.77419495e+02, 2.51653687e+02, 3.66562805e+02, 2.57665283e+02,
    3.55272430e+02, 2.63544067e+02, 3.44000580e+02, 2.69585815e+02,
    3.32304596e+02, 2.75808838e+02, 3.76825562e+02, 2.41126923e+02,
    3.65990570e+02, 2.47228760e+02, 3.54229736e+02, 2.52943512e+02,
    3.42710968e+02, 2.59060913e+02, 3.30874268e+02, 2.65307251e+02,
    3.76337402e+02, 2.30215942e+02, 3.65227905e+02, 2.36251434e+02,
    3.53301239e+02, 2.42056671e+02, 3.41408386e+02, 2.48131775e+02,
    3.29427979e+02, 2.54450897e+02, 3.75845703e+02, 2.18746902e+02,
    3.64398285e+02, 2.24805847e+02, 3.52347168e+02, 2.30694901e+02,
    3.40147217e+02, 2.36761459e+02, 3.27861603e+02, 2.43120239e+02,
    3.75306610e+02, 2.06811676e+02, 3.63635437e+02, 2.12902771e+02,
    3.51320679e+02, 2.18800278e+02, 3.38897064e+02, 2.24984467e+02,
    3.26444183e+02, 2.31357101e+02 ]
