%YAML:1.0
points: [ 3.04653625e+02, 1.76033508e+02, 2.93699951e+02, 1.73747803e+02,
    2.82733032e+02, 1.71512039e+02, 2.71704681e+02, 1.69155014e+02,
    2.60612274e+02, 1.66847153e+02, 3.08019531e+02, 1.66090485e+02,
    2.96876892e+02, 1.63765411e+02, 2.85751862e+02, 1.61446121e+02,
    2.74541199e+02, 1.59031754e+02, 2.63249634e+02, 1.56559708e+02,
    3.11533844e+02, 1.55747803e+02, 3.00225006e+02, 1.53402649e+02,
    2.88862335e+02, 1.50927338e+02, 2.77502258e+02, 1.48478180e+02,
    2.65955414e+02, 1.45998032e+02, 3.15132843e+02, 1.45054504e+02,
    3.03700623e+02, 1.42694412e+02, 2.92115417e+02, 1.40069061e+02,
    2.80542053e+02, 1.37549683e+02, 2.68817627e+02, 1.34999084e+02,
    3.18914032e+02, 1.33967133e+02, 3.07288116e+02, 1.31537064e+02,
    2.95542694e+02, 1.28842789e+02, 2.83712128e+02, 1.26235130e+02,
    2.71809723e+02, 1.23621613e+02, 3.22862732e+02, 1.22517975e+02,
    3.10989288e+02, 1.19929222e+02, 2.99030304e+02, 1.17209999e+02,
    2.86988556e+02, 1.14494743e+02, 2.74911499e+02, 1.11783127e+02,
    3.26933929e+02, 1.10573845e+02, 3.14903992e+02, 1.07910545e+02,
    3.02728973e+02, 1.05083618e+02, 2.90465637e+02, 1.02323265e+02,
    2.78123993e+02, 9.95763931e+01 ]
