%YAML:1.0
points: [ 1.02890845e+03, 6.00747559e+02, 9.90198853e+02, 6.04304871e+02,
    9.52461670e+02, 6.07976624e+02, 9.15806885e+02, 6.11176575e+02,
    8.80006165e+02, 6.14465393e+02, 1.02041699e+03, 5.64065735e+02,
    9.81298889e+02, 5.68204773e+02, 9.43091675e+02, 5.72460876e+02,
    9.06150879e+02, 5.76192566e+02, 8.69992554e+02, 5.79836426e+02,
    1.01171588e+03, 5.26352478e+02, 9.72028625e+02, 5.31342712e+02,
    9.33676514e+02, 5.35724243e+02, 8.96147156e+02, 5.40114502e+02,
    8.59654053e+02, 5.44347168e+02, 1.00281946e+03, 4.87620026e+02,
    9.62515625e+02, 4.93325409e+02, 9.23875549e+02, 4.97966858e+02,
    8.85927612e+02, 5.03064789e+02, 8.48952820e+02, 5.07934540e+02,
    9.93568176e+02, 4.47696686e+02, 9.52915283e+02, 4.53935760e+02,
    9.13740540e+02, 4.59336517e+02, 8.75415344e+02, 4.64940430e+02,
    8.37995483e+02, 4.70459808e+02, 9.84104553e+02, 4.06606140e+02,
    9.42990601e+02, 4.13474487e+02, 9.03328796e+02, 4.19656830e+02,
    8.64562866e+02, 4.25741669e+02, 8.26723511e+02, 4.31903961e+02,
    9.74341919e+02, 3.64267731e+02, 9.32750549e+02, 3.71784241e+02,
    8.92545044e+02, 3.78622925e+02, 8.53249329e+02, 3.85502625e+02,
    8.14981995e+02, 3.92363770e+02 ]
