%YAML:1.0
points: [ 1.05305994e+03, 4.62189117e+02, 1.02150708e+03, 4.55551971e+02,
    9.89772278e+02, 4.49057373e+02, 9.57906433e+02, 4.42195007e+02,
    9.25791321e+02, 4.35476868e+02, 1.06178381e+03, 4.33631805e+02,
    1.02981372e+03, 4.26832306e+02, 9.97542419e+02, 4.20129822e+02,
    9.65136902e+02, 4.13109985e+02, 9.32672546e+02, 4.06120026e+02,
    1.07097571e+03, 4.04012756e+02, 1.03847058e+03, 3.97237610e+02,
    1.00579889e+03, 3.90076721e+02, 9.72824097e+02, 3.82961426e+02,
    9.39651123e+02, 3.75823792e+02, 1.08048462e+03, 3.73474640e+02,
    1.04745044e+03, 3.66676575e+02, 1.01417377e+03, 3.59078735e+02,
    9.80689575e+02, 3.51773132e+02, 9.47002075e+02, 3.44429199e+02,
    1.09036597e+03, 3.41932007e+02, 1.05676855e+03, 3.34813232e+02,
    1.02291052e+03, 3.27071472e+02, 9.88869324e+02, 3.19459564e+02,
    9.54590149e+02, 3.11983704e+02, 1.10062842e+03, 3.09133728e+02,
    1.06645374e+03, 3.01772675e+02, 1.03203784e+03, 2.93886108e+02,
    9.97423706e+02, 2.86011749e+02, 9.62461609e+02, 2.78186920e+02,
    1.11127893e+03, 2.75119476e+02, 1.07658972e+03, 2.67535645e+02,
    1.04146350e+03, 2.59335541e+02, 1.00622992e+03, 2.51302826e+02,
    9.70709229e+02, 2.43327484e+02 ]
