%YAML:1.0
points: [ 3.97143433e+02, 2.48938736e+02, 3.87559906e+02, 2.58219940e+02,
    3.78229370e+02, 2.67596039e+02, 3.68657837e+02, 2.76762543e+02,
    3.59191040e+02, 2.86079254e+02, 3.92490173e+02, 2.42058258e+02,
    3.82689758e+02, 2.51584579e+02, 3.73226990e+02, 2.61134521e+02,
    3.63412384e+02, 2.70489807e+02, 3.53758392e+02, 2.79952911e+02,
    3.87572571e+02, 2.34828049e+02, 3.77754761e+02, 2.44714935e+02,
    3.67813873e+02, 2.54224030e+02, 3.57984528e+02, 2.63892090e+02,
    3.48066101e+02, 2.73632935e+02, 3.82479675e+02, 2.27283249e+02,
    3.72654449e+02, 2.37498383e+02, 3.62255432e+02, 2.47152435e+02,
    3.52218475e+02, 2.57037628e+02, 3.42188324e+02, 2.67012115e+02,
    3.77243713e+02, 2.19528397e+02, 3.67138000e+02, 2.29823608e+02,
    3.56560486e+02, 2.39782898e+02, 3.46222015e+02, 2.49860565e+02,
    3.36070282e+02, 2.60042725e+02, 3.71692657e+02, 2.11279755e+02,
    3.61336365e+02, 2.21830444e+02, 3.50620880e+02, 2.32083023e+02,
    3.40008057e+02, 2.42400024e+02, 3.29598145e+02, 2.52800568e+02,
    3.65906555e+02, 2.02640472e+02, 3.55329620e+02, 2.13463257e+02,
    3.44349548e+02, 2.23986252e+02, 3.33561890e+02, 2.34604660e+02,
    3.23008179e+02, 2.45296432e+02 ]
