%YAML:1.0
points: [ 1.18998511e+03, 6.23340881e+02, 1.14608386e+03, 6.29065125e+02,
    1.10286182e+03, 6.34954224e+02, 1.06024707e+03, 6.40296326e+02,
    1.01822607e+03, 6.45849243e+02, 1.18499329e+03, 5.84988525e+02,
    1.14047571e+03, 5.91088318e+02, 1.09657178e+03, 5.97437134e+02,
    1.05333752e+03, 6.03186829e+02, 1.01068909e+03, 6.08972229e+02,
    1.17994788e+03, 5.45337036e+02, 1.13469702e+03, 5.52146423e+02,
    1.09017078e+03, 5.58351807e+02, 1.04620923e+03, 5.64704956e+02,
    1.00287640e+03, 5.70905701e+02, 1.17477136e+03, 5.04370239e+02,
    1.12876978e+03, 5.11799805e+02, 1.08350049e+03, 5.18102722e+02,
    1.03883240e+03, 5.24952759e+02, 9.94786194e+02, 5.31618286e+02,
    1.16948743e+03, 4.61995483e+02, 1.12273914e+03, 4.69783112e+02,
    1.07662573e+03, 4.76683411e+02, 1.03130139e+03, 4.83812195e+02,
    9.86473938e+02, 4.91008698e+02, 1.16402600e+03, 4.17999298e+02,
    1.11645972e+03, 4.26208496e+02, 1.06957654e+03, 4.33756317e+02,
    1.02342291e+03, 4.41198181e+02, 9.77869141e+02, 4.48846375e+02,
    1.15836475e+03, 3.72322205e+02, 1.10997229e+03, 3.81126770e+02,
    1.06221472e+03, 3.89123138e+02, 1.01526019e+03, 3.97219147e+02,
    9.68975281e+02, 4.05425842e+02 ]
