%YAML:1.0
points: [ 2.80387085e+02, 2.04694107e+02, 2.70147064e+02, 2.05021576e+02,
    2.60033722e+02, 2.05497116e+02, 2.50024750e+02, 2.05752670e+02,
    2.40083359e+02, 2.06077515e+02, 2.79520966e+02, 1.95941483e+02,
    2.69138306e+02, 1.96368927e+02, 2.58856384e+02, 1.96845657e+02,
    2.48683517e+02, 1.97164261e+02, 2.38588257e+02, 1.97553802e+02,
    2.78625793e+02, 1.86894501e+02, 2.68084564e+02, 1.87470047e+02,
    2.57626495e+02, 1.87826996e+02, 2.47297958e+02, 1.88331985e+02,
    2.37092682e+02, 1.88748840e+02, 2.77712524e+02, 1.77604126e+02,
    2.66971161e+02, 1.78278885e+02, 2.56394318e+02, 1.78644623e+02,
    2.45914352e+02, 1.79159058e+02, 2.35486023e+02, 1.79648285e+02,
    2.76769592e+02, 1.67984985e+02, 2.65869629e+02, 1.68709198e+02,
    2.55118073e+02, 1.69154114e+02, 2.44418915e+02, 1.69710312e+02,
    2.33887253e+02, 1.70309265e+02, 2.75802673e+02, 1.58047852e+02,
    2.64716034e+02, 1.58808258e+02, 2.53779297e+02, 1.59366653e+02,
    2.42943710e+02, 1.59953400e+02, 2.32180328e+02, 1.60611343e+02,
    2.74788239e+02, 1.47727966e+02, 2.63523956e+02, 1.48566299e+02,
    2.52390717e+02, 1.49188812e+02, 2.41337463e+02, 1.49901535e+02,
    2.30386002e+02, 1.50637756e+02 ]
