%YAML:1.0
points: [ 9.87473145e+02, 5.44454407e+02, 9.58251953e+02, 5.45497742e+02,
    9.29119629e+02, 5.46609009e+02, 9.00459045e+02, 5.47379028e+02,
    8.71962402e+02, 5.48331787e+02, 9.84318970e+02, 5.19314026e+02,
    9.54556458e+02, 5.20469482e+02, 9.25019165e+02, 5.21741821e+02,
    8.95937134e+02, 5.22648682e+02, 8.67125488e+02, 5.23705627e+02,
    9.81021851e+02, 4.93286163e+02, 9.50706238e+02, 4.94781067e+02,
    9.20938416e+02, 4.95865570e+02, 8.91326355e+02, 4.97188141e+02,
    8.62104553e+02, 4.98416107e+02, 9.77653809e+02, 4.66473938e+02,
    9.46860168e+02, 4.68354248e+02, 9.16651550e+02, 4.69334717e+02,
    8.86607605e+02, 4.70849518e+02, 8.56866943e+02, 4.72299011e+02,
    9.74219727e+02, 4.38834930e+02, 9.42955017e+02, 4.40836456e+02,
    9.12219604e+02, 4.42158630e+02, 8.81710999e+02, 4.43689270e+02,
    8.51522095e+02, 4.45415771e+02, 9.70568237e+02, 4.10293213e+02,
    9.38905579e+02, 4.12466309e+02, 9.07622437e+02, 4.14047119e+02,
    8.76702026e+02, 4.15728302e+02, 8.45958679e+02, 4.17629303e+02,
    9.66871643e+02, 3.80792633e+02, 9.34681030e+02, 3.83143097e+02,
    9.02884644e+02, 3.84942596e+02, 8.71384949e+02, 3.86920044e+02,
    8.40188660e+02, 3.89073090e+02 ]
