%YAML:1.0
points: [ 1.81010413e+03, 4.53442078e+02, 1.76762097e+03, 4.80079285e+02,
    1.72496948e+03, 5.07104675e+02, 1.68078467e+03, 5.34133850e+02,
    1.63654504e+03, 5.61519958e+02, 1.79688647e+03, 4.05562653e+02,
    1.75411096e+03, 4.32213989e+02, 1.71053015e+03, 4.59455170e+02,
    1.66554053e+03, 4.86746246e+02, 1.62053967e+03, 5.14271606e+02,
    1.78336255e+03, 3.56389008e+02, 1.74043115e+03, 3.83166595e+02,
    1.69550134e+03, 4.10348267e+02, 1.65010083e+03, 4.37909119e+02,
    1.60432214e+03, 4.65667145e+02, 1.76965552e+03, 3.05700531e+02,
    1.72629089e+03, 3.32646637e+02, 1.68015637e+03, 3.59849335e+02,
    1.63420532e+03, 3.87577972e+02, 1.58773694e+03, 4.15454620e+02,
    1.75567883e+03, 2.53489807e+02, 1.71144421e+03, 2.80652313e+02,
    1.66464819e+03, 3.08026276e+02, 1.61796216e+03, 3.35770477e+02,
    1.57090686e+03, 3.64045074e+02, 1.74119067e+03, 1.99750259e+02,
    1.69615430e+03, 2.26974335e+02, 1.64890356e+03, 2.54529083e+02,
    1.60142310e+03, 2.82410980e+02, 1.55347913e+03, 3.10695221e+02,
    1.72621790e+03, 1.44398788e+02, 1.68057483e+03, 1.71602463e+02,
    1.63271863e+03, 1.99113480e+02, 1.58469666e+03, 2.27114838e+02,
    1.53620813e+03, 2.55817459e+02 ]
