%YAML:1.0
points: [ 9.27181274e+02, 4.77556152e+02, 9.02611694e+02, 4.69347137e+02,
    8.78247620e+02, 4.61392609e+02, 8.54426270e+02, 4.53222076e+02,
    8.30844788e+02, 4.45418762e+02, 9.27386536e+02, 4.56460968e+02,
    9.02258667e+02, 4.48194763e+02, 8.77436523e+02, 4.40417725e+02,
    8.53179382e+02, 4.32209930e+02, 8.29303406e+02, 4.24322449e+02,
    9.27661560e+02, 4.34505402e+02, 9.01802734e+02, 4.26510559e+02,
    8.76809082e+02, 4.18318359e+02, 8.51955505e+02, 4.10450439e+02,
    8.27543091e+02, 4.02493469e+02, 9.27871216e+02, 4.11669189e+02,
    9.01422241e+02, 4.04079407e+02, 8.76039124e+02, 3.95511200e+02,
    8.50712280e+02, 3.87739685e+02, 8.25644104e+02, 3.79828674e+02,
    9.28047241e+02, 3.88139343e+02, 9.01157166e+02, 3.80386932e+02,
    8.75197876e+02, 3.72053436e+02, 8.49321594e+02, 3.64078003e+02,
    8.23853455e+02, 3.56479065e+02, 9.28259399e+02, 3.63517395e+02,
    9.00903564e+02, 3.55797119e+02, 8.74272400e+02, 3.47601227e+02,
    8.47914124e+02, 3.39575623e+02, 8.21807251e+02, 3.31993134e+02,
    9.28502991e+02, 3.37855865e+02, 9.00537415e+02, 3.30222839e+02,
    8.73267883e+02, 3.21995789e+02, 8.46223999e+02, 3.14178894e+02,
    8.19675903e+02, 3.06727997e+02 ]
