%YAML:1.0
points: [ 3.77127411e+02, 2.18696075e+02, 3.69277618e+02, 2.27920822e+02,
    3.61555328e+02, 2.37179825e+02, 3.53620575e+02, 2.46465958e+02,
    3.45772766e+02, 2.55774536e+02, 3.71681030e+02, 2.11881973e+02,
    3.63659912e+02, 2.21341919e+02, 3.55872833e+02, 2.30774399e+02,
    3.47745117e+02, 2.40143829e+02, 3.39691681e+02, 2.49607574e+02,
    3.65987946e+02, 2.04845657e+02, 3.57965179e+02, 2.14497650e+02,
    3.49725128e+02, 2.24004974e+02, 3.41596680e+02, 2.33578079e+02,
    3.33409912e+02, 2.43231812e+02, 3.60064789e+02, 1.97531097e+02,
    3.52053650e+02, 2.07429199e+02, 3.43452850e+02, 2.16995499e+02,
    3.35195526e+02, 2.26766388e+02, 3.26903870e+02, 2.36616196e+02,
    3.53981934e+02, 1.89957581e+02, 3.45772766e+02, 1.99943497e+02,
    3.37101929e+02, 2.09801376e+02, 3.28599426e+02, 2.19739471e+02,
    3.20224548e+02, 2.29757065e+02, 3.47691437e+02, 1.82068726e+02,
    3.39270416e+02, 1.92236481e+02, 3.30496216e+02, 2.02297302e+02,
    3.21800598e+02, 2.12426620e+02, 3.13235779e+02, 2.22649048e+02,
    3.41139771e+02, 1.73853363e+02, 3.32556122e+02, 1.84237747e+02,
    3.23602570e+02, 1.94487854e+02, 3.14794556e+02, 2.04845596e+02,
    3.06152222e+02, 2.15276855e+02 ]
