%YAML:1.0
points: [ 2.58379425e+02, 1.81460907e+02, 2.49752228e+02, 1.78611557e+02,
    2.41133438e+02, 1.75828812e+02, 2.32802246e+02, 1.72995712e+02,
    2.24519592e+02, 1.70245575e+02, 2.58730499e+02, 1.74172501e+02,
    2.49845932e+02, 1.71296341e+02, 2.41120087e+02, 1.68562119e+02,
    2.32628525e+02, 1.65735123e+02, 2.24182709e+02, 1.62943710e+02,
    2.59064331e+02, 1.66500656e+02, 2.49972565e+02, 1.63752914e+02,
    2.41176468e+02, 1.60860886e+02, 2.32418213e+02, 1.58101501e+02,
    2.23815094e+02, 1.55355179e+02, 2.59483551e+02, 1.58570114e+02,
    2.50085861e+02, 1.55882980e+02, 2.41186356e+02, 1.52908463e+02,
    2.32216110e+02, 1.50180588e+02, 2.23489365e+02, 1.47466263e+02,
    2.59832794e+02, 1.50324234e+02, 2.50327621e+02, 1.47628448e+02,
    2.41170197e+02, 1.44711334e+02, 2.32037018e+02, 1.41919479e+02,
    2.23040833e+02, 1.39252335e+02, 2.60228241e+02, 1.41720749e+02,
    2.50529770e+02, 1.39013229e+02, 2.41122864e+02, 1.36150513e+02,
    2.31832001e+02, 1.33354233e+02, 2.22659378e+02, 1.30698761e+02,
    2.60618195e+02, 1.32745102e+02, 2.50699051e+02, 1.30087723e+02,
    2.41100616e+02, 1.27211845e+02, 2.31592987e+02, 1.24472992e+02,
    2.22150650e+02, 1.21834297e+02 ]
