%YAML:1.0
points: [ 9.28052368e+02, 4.13221252e+02, 9.03945129e+02, 4.03987518e+02,
    8.80032776e+02, 3.94939362e+02, 8.56819336e+02, 3.85858917e+02,
    8.33807068e+02, 3.77023346e+02, 9.31078247e+02, 3.88718170e+02,
    9.06454956e+02, 3.79440430e+02, 8.82229004e+02, 3.70592926e+02,
    8.58551636e+02, 3.61554688e+02, 8.35245239e+02, 3.52657806e+02,
    9.34293945e+02, 3.63301514e+02, 9.09035522e+02, 3.54306091e+02,
    8.84544006e+02, 3.45130096e+02, 8.60447205e+02, 3.36373291e+02,
    8.36588623e+02, 3.27477722e+02, 9.37459106e+02, 3.37002075e+02,
    9.11647400e+02, 3.28258545e+02, 8.86963806e+02, 3.18959442e+02,
    8.62239807e+02, 3.10221252e+02, 8.37955627e+02, 3.01487030e+02,
    9.40773682e+02, 3.09872864e+02, 9.14610291e+02, 3.01164642e+02,
    8.89246399e+02, 2.92008942e+02, 8.64151550e+02, 2.83173615e+02,
    8.39441650e+02, 2.74725861e+02, 9.44231384e+02, 2.81706604e+02,
    9.17601379e+02, 2.73050018e+02, 8.91741028e+02, 2.64123810e+02,
    8.66212341e+02, 2.55315750e+02, 8.40908813e+02, 2.46882248e+02,
    9.47825806e+02, 2.52515305e+02, 9.20601868e+02, 2.43971512e+02,
    8.94181396e+02, 2.35029541e+02, 8.68007446e+02, 2.26441422e+02,
    8.42249268e+02, 2.18143921e+02 ]
