%YAML:1.0
points: [ 2.58818085e+02, 1.59061127e+02, 2.50343048e+02, 1.55814697e+02,
    2.41857803e+02, 1.52698029e+02, 2.33733765e+02, 1.49523239e+02,
    2.25602371e+02, 1.46413193e+02, 2.60135986e+02, 1.50548660e+02,
    2.51477036e+02, 1.47314926e+02, 2.42833817e+02, 1.44190414e+02,
    2.34559555e+02, 1.41004425e+02, 2.26290863e+02, 1.37916519e+02,
    2.61509125e+02, 1.41643936e+02, 2.52582718e+02, 1.38505600e+02,
    2.43911026e+02, 1.35300964e+02, 2.35388611e+02, 1.32242584e+02,
    2.26938416e+02, 1.29120255e+02, 2.62841278e+02, 1.32419800e+02,
    2.53716446e+02, 1.29367752e+02, 2.45002701e+02, 1.26140549e+02,
    2.36260635e+02, 1.23057335e+02, 2.27706421e+02, 1.20037933e+02,
    2.64282135e+02, 1.22942276e+02, 2.54953598e+02, 1.19869240e+02,
    2.46048599e+02, 1.16669937e+02, 2.37192307e+02, 1.13614761e+02,
    2.28422562e+02, 1.10628006e+02, 2.65758209e+02, 1.13081764e+02,
    2.56319885e+02, 1.10062447e+02, 2.47148163e+02, 1.06932671e+02,
    2.38115707e+02, 1.03845787e+02, 2.29161911e+02, 1.00883530e+02,
    2.67282684e+02, 1.02831024e+02, 2.57640930e+02, 9.98252640e+01,
    2.48314972e+02, 9.66942291e+01, 2.39028778e+02, 9.37182922e+01,
    2.29882248e+02, 9.08422089e+01 ]
