%YAML:1.0
points: [ 1.03659595e+03, 6.11077820e+02, 9.99661560e+02, 6.06627625e+02,
    9.63667236e+02, 6.02501282e+02, 9.29149963e+02, 5.98053162e+02,
    8.95501221e+02, 5.94061462e+02, 1.03087988e+03, 5.78481445e+02,
    9.93071655e+02, 5.74503479e+02, 9.56550049e+02, 5.70969971e+02,
    9.21430359e+02, 5.66928894e+02, 8.87322815e+02, 5.63201782e+02,
    1.02490942e+03, 5.44389954e+02, 9.86182434e+02, 5.41292419e+02,
    9.49246338e+02, 5.37689575e+02, 9.13467957e+02, 5.34526733e+02,
    8.78740051e+02, 5.31258179e+02, 1.01860846e+03, 5.08956573e+02,
    9.79058228e+02, 5.06718384e+02, 9.41582642e+02, 5.03172028e+02,
    9.05063538e+02, 5.00585968e+02, 8.69670227e+02, 4.97932556e+02,
    1.01198431e+03, 4.71982544e+02, 9.71828186e+02, 4.70228943e+02,
    9.33590881e+02, 4.67470398e+02, 8.96369080e+02, 4.65277069e+02,
    8.60400818e+02, 4.63394562e+02, 1.00510175e+03, 4.33244690e+02,
    9.64200867e+02, 4.32088196e+02, 9.25142517e+02, 4.30209900e+02,
    8.87336548e+02, 4.28455841e+02, 8.50620789e+02, 4.27229919e+02,
    9.97895752e+02, 3.92710754e+02, 9.56212891e+02, 3.92339264e+02,
    9.16212219e+02, 3.91082031e+02, 8.77564880e+02, 3.90261230e+02,
    8.40248596e+02, 3.89706390e+02 ]
