%YAML:1.0
points: [ 3.83420319e+02, 3.04269653e+02, 3.71048248e+02, 3.09217529e+02,
    3.58695557e+02, 3.14354248e+02, 3.45937286e+02, 3.19255035e+02,
    3.32987244e+02, 3.24493744e+02, 3.84204926e+02, 2.94628479e+02,
    3.71638214e+02, 2.99572449e+02, 3.59106873e+02, 3.04884216e+02,
    3.45907501e+02, 3.09798096e+02, 3.32661682e+02, 3.14967010e+02,
    3.85092072e+02, 2.84484314e+02, 3.72344788e+02, 2.89688965e+02,
    3.59211273e+02, 2.94586182e+02, 3.45951447e+02, 2.99743652e+02,
    3.32388031e+02, 3.05011383e+02, 3.86013000e+02, 2.73895844e+02,
    3.73117981e+02, 2.79340057e+02, 3.59453888e+02, 2.84032043e+02,
    3.45891327e+02, 2.89267120e+02, 3.32100250e+02, 2.94588989e+02,
    3.86970428e+02, 2.62993805e+02, 3.73792084e+02, 2.68279785e+02,
    3.59835510e+02, 2.73130127e+02, 3.45906250e+02, 2.78311157e+02,
    3.31848633e+02, 2.83759094e+02, 3.88020905e+02, 2.51435196e+02,
    3.74456787e+02, 2.56737366e+02, 3.60257996e+02, 2.61750031e+02,
    3.45951569e+02, 2.66888123e+02, 3.31502838e+02, 2.72362274e+02,
    3.89089325e+02, 2.39334488e+02, 3.75206940e+02, 2.44659897e+02,
    3.60687836e+02, 2.49683014e+02, 3.46045105e+02, 2.54977768e+02,
    3.31365448e+02, 2.60537292e+02 ]
