%YAML:1.0
points: [ 9.50153625e+02, 5.01027618e+02, 9.22936462e+02, 4.95012207e+02,
    8.95935364e+02, 4.89169739e+02, 8.69475159e+02, 4.83148468e+02,
    8.43176575e+02, 4.77326874e+02, 9.50816040e+02, 4.78555542e+02,
    9.23073914e+02, 4.72562439e+02, 8.95541992e+02, 4.66875000e+02,
    8.68600281e+02, 4.60785339e+02, 8.41903442e+02, 4.54851166e+02,
    9.51560059e+02, 4.55157990e+02, 9.23111023e+02, 4.49418915e+02,
    8.95332458e+02, 4.43311401e+02, 8.67783569e+02, 4.37546661e+02,
    8.40591614e+02, 4.31709961e+02, 9.52323364e+02, 4.30958099e+02,
    9.23240540e+02, 4.25503815e+02, 8.95027710e+02, 4.19141113e+02,
    8.66900085e+02, 4.13409790e+02, 8.39095764e+02, 4.07657501e+02,
    9.53069580e+02, 4.05818390e+02, 9.23463074e+02, 4.00360474e+02,
    8.94689453e+02, 3.94156372e+02, 8.65991028e+02, 3.88388000e+02,
    8.37641113e+02, 3.82832153e+02, 9.53876099e+02, 3.79666382e+02,
    9.23730286e+02, 3.74217102e+02, 8.94252014e+02, 3.68215912e+02,
    8.65052673e+02, 3.62357300e+02, 8.36007507e+02, 3.56869354e+02,
    9.54704712e+02, 3.52459686e+02, 9.23935669e+02, 3.47067841e+02,
    8.93791260e+02, 3.41064819e+02, 8.63872009e+02, 3.35382446e+02,
    8.34281677e+02, 3.30040771e+02 ]
