%YAML:1.0
points: [ 1.10661353e+03, 5.45449585e+02, 1.06612952e+03, 5.44286987e+02,
    1.02598071e+03, 5.43379700e+02, 9.86475464e+02, 5.42069824e+02,
    9.47285645e+02, 5.40980469e+02, 1.10747229e+03, 5.09229248e+02,
    1.06623621e+03, 5.08309937e+02, 1.02535950e+03, 5.07641266e+02,
    9.85103394e+02, 5.06515259e+02, 9.45328918e+02, 5.05511139e+02,
    1.10842468e+03, 4.71613495e+02, 1.06632471e+03, 4.71133484e+02,
    1.02482153e+03, 4.70208618e+02, 9.83744751e+02, 4.69530670e+02,
    9.43194519e+02, 4.68793243e+02, 1.10938660e+03, 4.32566711e+02,
    1.06641748e+03, 4.32537384e+02, 1.02420691e+03, 4.31608093e+02,
    9.82384399e+02, 4.31230133e+02, 9.40998474e+02, 4.30776489e+02,
    1.11045459e+03, 3.92106720e+02, 1.06666077e+03, 3.92284454e+02,
    1.02354816e+03, 3.91697662e+02, 9.80951477e+02, 3.91452972e+02,
    9.38770325e+02, 3.91341278e+02, 1.11161023e+03, 3.49879059e+02,
    1.06692261e+03, 3.50296356e+02, 1.02290692e+03, 3.50178986e+02,
    9.79484558e+02, 3.50101501e+02, 9.36463440e+02, 3.50258331e+02,
    1.11281714e+03, 3.05921387e+02, 1.06720850e+03, 3.06647461e+02,
    1.02227258e+03, 3.06802917e+02, 9.77852844e+02, 3.07152954e+02,
    9.33975403e+02, 3.07663269e+02 ]
