%YAML:1.0
points: [ 2.66887543e+02, 1.89600174e+02, 2.57374573e+02, 1.87484100e+02,
    2.47946533e+02, 1.85496994e+02, 2.38667694e+02, 1.83387268e+02,
    2.29487167e+02, 1.81375671e+02, 2.67376465e+02, 1.81842133e+02,
    2.57674713e+02, 1.79769272e+02, 2.48103775e+02, 1.77778976e+02,
    2.38623718e+02, 1.75642593e+02, 2.29275452e+02, 1.73596588e+02,
    2.67948120e+02, 1.73708572e+02, 2.58004883e+02, 1.71733658e+02,
    2.48259750e+02, 1.69615540e+02, 2.38592575e+02, 1.67604691e+02,
    2.29055176e+02, 1.65552460e+02, 2.68488953e+02, 1.65237167e+02,
    2.58302673e+02, 1.63381760e+02, 2.48420990e+02, 1.61157639e+02,
    2.38540863e+02, 1.59163284e+02, 2.28798431e+02, 1.57126740e+02,
    2.69093475e+02, 1.56520142e+02, 2.58706116e+02, 1.54617111e+02,
    2.48566071e+02, 1.52441620e+02, 2.38509583e+02, 1.50410553e+02,
    2.28533203e+02, 1.48474426e+02, 2.69669464e+02, 1.47367142e+02,
    2.59110077e+02, 1.45466965e+02, 2.48731186e+02, 1.43363846e+02,
    2.38450607e+02, 1.41313385e+02, 2.28276367e+02, 1.39380432e+02,
    2.70292633e+02, 1.37827637e+02, 2.59476501e+02, 1.35960175e+02,
    2.48933929e+02, 1.33881271e+02, 2.38390579e+02, 1.31906219e+02,
    2.27991760e+02, 1.30028641e+02 ]
