%YAML:1.0
points: [ 3.34063751e+02, 2.96138092e+02, 3.21065063e+02, 2.99706543e+02,
    3.08137970e+02, 3.03463531e+02, 2.95106476e+02, 3.06945160e+02,
    2.82028870e+02, 3.10624664e+02, 3.32879608e+02, 2.86495087e+02,
    3.19652374e+02, 2.90149506e+02, 3.06467346e+02, 2.93976074e+02,
    2.93150818e+02, 2.97510956e+02, 2.79854980e+02, 3.01169403e+02,
    3.31681641e+02, 2.76428284e+02, 3.18254547e+02, 2.80302368e+02,
    3.04677704e+02, 2.83888123e+02, 2.91152344e+02, 2.87636810e+02,
    2.77579163e+02, 2.91424103e+02, 3.30401611e+02, 2.66010620e+02,
    3.16775848e+02, 2.70077881e+02, 3.02866058e+02, 2.73530029e+02,
    2.89067993e+02, 2.77381989e+02, 2.75255524e+02, 2.81252655e+02,
    3.29145782e+02, 2.55189072e+02, 3.15205139e+02, 2.59266754e+02,
    3.01030151e+02, 2.62880646e+02, 2.86926666e+02, 2.66724243e+02,
    2.72841705e+02, 2.70734222e+02, 3.27838867e+02, 2.43890427e+02,
    3.13569092e+02, 2.48016815e+02, 2.99154602e+02, 2.51798676e+02,
    2.84720001e+02, 2.55674103e+02, 2.70303711e+02, 2.59744110e+02,
    3.26448029e+02, 2.32090988e+02, 3.11917053e+02, 2.36339752e+02,
    2.97132812e+02, 2.40180389e+02, 2.82424133e+02, 2.44203934e+02,
    2.67751556e+02, 2.48424042e+02 ]
