%YAML:1.0
points: [ 1.10660583e+03, 5.45452637e+02, 1.06610803e+03, 5.44295410e+02,
    1.02598145e+03, 5.43375549e+02, 9.86464600e+02, 5.42069092e+02,
    9.47291565e+02, 5.40974548e+02, 1.10746130e+03, 5.09251495e+02,
    1.06624390e+03, 5.08333069e+02, 1.02536218e+03, 5.07656525e+02,
    9.85095825e+02, 5.06513702e+02, 9.45327942e+02, 5.05515747e+02,
    1.10841174e+03, 4.71621246e+02, 1.06630273e+03, 4.71150513e+02,
    1.02481946e+03, 4.70213531e+02, 9.83764648e+02, 4.69534454e+02,
    9.43188904e+02, 4.68805389e+02, 1.10937964e+03, 4.32567078e+02,
    1.06641309e+03, 4.32550629e+02, 1.02420142e+03, 4.31635345e+02,
    9.82387573e+02, 4.31245972e+02, 9.40994019e+02, 4.30777649e+02,
    1.11045312e+03, 3.92123230e+02, 1.06665881e+03, 3.92307587e+02,
    1.02354602e+03, 3.91700562e+02, 9.80960449e+02, 3.91456970e+02,
    9.38770935e+02, 3.91362122e+02, 1.11161316e+03, 3.49901367e+02,
    1.06693958e+03, 3.50301849e+02, 1.02291376e+03, 3.50166809e+02,
    9.79479675e+02, 3.50118988e+02, 9.36458862e+02, 3.50263367e+02,
    1.11280713e+03, 3.05944305e+02, 1.06721777e+03, 3.06660278e+02,
    1.02227539e+03, 3.06805267e+02, 9.77850403e+02, 3.07174042e+02,
    9.33974976e+02, 3.07669434e+02 ]
