%YAML:1.0
points: [ 1.07309192e+03, 5.29304321e+02, 1.04176636e+03, 5.24854858e+02,
    1.01020581e+03, 5.20558105e+02, 9.78258484e+02, 5.15803162e+02,
    9.46004944e+02, 5.11209747e+02, 1.08228943e+03, 5.04223053e+02,
    1.05055688e+03, 4.99613342e+02, 1.01825537e+03, 4.95073639e+02,
    9.85753723e+02, 4.90094696e+02, 9.52971436e+02, 4.85232178e+02,
    1.09199561e+03, 4.78115448e+02, 1.05963416e+03, 4.73510345e+02,
    1.02691907e+03, 4.68376495e+02, 9.93671265e+02, 4.63409119e+02,
    9.60205872e+02, 4.58296600e+02, 1.10215271e+03, 4.50948578e+02,
    1.06912585e+03, 4.46332428e+02, 1.03573572e+03, 4.40655579e+02,
    1.00193494e+03, 4.35501801e+02, 9.67777466e+02, 4.30166168e+02,
    1.11274023e+03, 4.22740601e+02, 1.07911609e+03, 4.17862152e+02,
    1.04498450e+03, 4.12018982e+02, 1.01053088e+03, 4.06478027e+02,
    9.75696289e+02, 4.01058838e+02, 1.12387268e+03, 3.93221252e+02,
    1.08950806e+03, 3.88048431e+02, 1.05475391e+03, 3.82074829e+02,
    1.01961255e+03, 3.76200623e+02, 9.83979614e+02, 3.70514160e+02,
    1.13549219e+03, 3.62431091e+02, 1.10045740e+03, 3.56989746e+02,
    1.06492358e+03, 3.50681610e+02, 1.02907324e+03, 3.44669922e+02,
    9.92754700e+02, 3.38837708e+02 ]
