%YAML:1.0
points: [ 2.83329803e+02, 2.83247620e+02, 2.71093872e+02, 2.85494812e+02,
    2.59016449e+02, 2.87823486e+02, 2.47048294e+02, 2.89975220e+02,
    2.35193314e+02, 2.92208130e+02, 2.80510254e+02, 2.73776703e+02,
    2.68082733e+02, 2.76118561e+02, 2.55853302e+02, 2.78601501e+02,
    2.43709915e+02, 2.80785034e+02, 2.31659332e+02, 2.83073120e+02,
    2.77606995e+02, 2.63962189e+02, 2.65001434e+02, 2.66580109e+02,
    2.52572540e+02, 2.68873932e+02, 2.40237015e+02, 2.71286102e+02,
    2.28021454e+02, 2.73706085e+02, 2.74606812e+02, 2.53879974e+02,
    2.61805908e+02, 2.56700958e+02, 2.49175201e+02, 2.58919189e+02,
    2.36678757e+02, 2.61491943e+02, 2.24264465e+02, 2.64010040e+02,
    2.71498993e+02, 2.43492004e+02, 2.58535309e+02, 2.46343826e+02,
    2.45720657e+02, 2.48767776e+02, 2.32982468e+02, 2.51367737e+02,
    2.20368668e+02, 2.54059006e+02, 2.68288452e+02, 2.32715607e+02,
    2.55136475e+02, 2.35671371e+02, 2.42099716e+02, 2.38277222e+02,
    2.29174805e+02, 2.40944336e+02, 2.16332825e+02, 2.43716675e+02,
    2.65013672e+02, 2.21561920e+02, 2.51580154e+02, 2.24645615e+02,
    2.38329987e+02, 2.27374741e+02, 2.25184677e+02, 2.30195801e+02,
    2.12171646e+02, 2.33154037e+02 ]
