%YAML:1.0
points: [ 3.11594147e+02, 1.99387390e+02, 3.00751678e+02, 1.97806961e+02,
    2.89888367e+02, 1.96356064e+02, 2.78861328e+02, 1.94708755e+02,
    2.67768066e+02, 1.93152679e+02, 3.15166504e+02, 1.90656479e+02,
    3.04132812e+02, 1.89053024e+02, 2.93057892e+02, 1.87591003e+02,
    2.81810852e+02, 1.85846115e+02, 2.70532104e+02, 1.84149384e+02,
    3.18887573e+02, 1.81567749e+02, 3.07704742e+02, 1.79989563e+02,
    2.96386780e+02, 1.78210526e+02, 2.84928467e+02, 1.76538651e+02,
    2.73406616e+02, 1.74763107e+02, 3.22834900e+02, 1.72050049e+02,
    3.11434692e+02, 1.70545044e+02, 2.99824341e+02, 1.68553513e+02,
    2.88170166e+02, 1.66807373e+02, 2.76414673e+02, 1.64959183e+02,
    3.26911407e+02, 1.62210617e+02, 3.15313385e+02, 1.60557098e+02,
    3.03484314e+02, 1.58533676e+02, 2.91573730e+02, 1.56648361e+02,
    2.79555511e+02, 1.54803848e+02, 3.31224976e+02, 1.51886627e+02,
    3.19377930e+02, 1.50121078e+02, 3.07314392e+02, 1.48089157e+02,
    2.95136810e+02, 1.46065430e+02, 2.82847931e+02, 1.44097183e+02,
    3.35748688e+02, 1.41088333e+02, 3.23648071e+02, 1.39238312e+02,
    3.11315887e+02, 1.37071655e+02, 2.98890656e+02, 1.34985580e+02,
    2.86348175e+02, 1.32999008e+02 ]
