%YAML:1.0
points: [ 1.04208423e+03, 4.06597687e+02, 1.00339966e+03, 4.01636414e+02,
    9.65164001e+02, 3.96914032e+02, 9.27818848e+02, 3.92092590e+02,
    8.90990417e+02, 3.87465942e+02, 1.04587244e+03, 3.67211914e+02,
    1.00646326e+03, 3.62521606e+02, 9.67698608e+02, 3.58090424e+02,
    9.29888245e+02, 3.53444122e+02, 8.92508789e+02, 3.48953033e+02,
    1.04980591e+03, 3.26431152e+02, 1.00965735e+03, 3.22189972e+02,
    9.70483704e+02, 3.17849396e+02, 9.31925232e+02, 3.13686249e+02,
    8.93999207e+02, 3.09483246e+02, 1.05379785e+03, 2.84488922e+02,
    1.01301062e+03, 2.80633911e+02, 9.73257141e+02, 2.76452545e+02,
    9.34114929e+02, 2.72616699e+02, 8.95480896e+02, 2.68712219e+02,
    1.05796082e+03, 2.41214081e+02, 1.01651556e+03, 2.37607391e+02,
    9.76143311e+02, 2.33866089e+02, 9.36278137e+02, 2.30235626e+02,
    8.97091675e+02, 2.26706543e+02, 1.06234204e+03, 1.96486511e+02,
    1.02022504e+03, 1.93167542e+02, 9.79061157e+02, 1.89819321e+02,
    9.38576111e+02, 1.86505112e+02, 8.98734070e+02, 1.83255249e+02,
    1.06687524e+03, 1.50170975e+02, 1.02400415e+03, 1.47208557e+02,
    9.82136169e+02, 1.44280151e+02, 9.40830383e+02, 1.41304703e+02,
    9.00211121e+02, 1.38402008e+02 ]
