%YAML:1.0
points: [ 1.08032251e+03, 6.20911377e+02, 1.04977393e+03, 6.21785828e+02,
    1.01899133e+03, 6.22911682e+02, 9.87940979e+02, 6.23511597e+02,
    9.56578186e+02, 6.24370361e+02, 1.08624561e+03, 6.01704407e+02,
    1.05525354e+03, 6.02588135e+02, 1.02354840e+03, 6.03681213e+02,
    9.91781982e+02, 6.04269226e+02, 9.59891235e+02, 6.04983459e+02,
    1.09268066e+03, 5.81663940e+02, 1.06082544e+03, 5.82778748e+02,
    1.02872668e+03, 5.83314331e+02, 9.96122742e+02, 5.84081238e+02,
    9.63392883e+02, 5.84746399e+02, 1.09947241e+03, 5.60656982e+02,
    1.06667908e+03, 5.62052124e+02, 1.03395386e+03, 5.62100952e+02,
    1.00062024e+03, 5.62928589e+02, 9.66958618e+02, 5.63566711e+02,
    1.10647852e+03, 5.38777893e+02, 1.07306836e+03, 5.40084473e+02,
    1.03929907e+03, 5.40162048e+02, 1.00534644e+03, 5.40760986e+02,
    9.70901123e+02, 5.41556030e+02, 1.11385364e+03, 5.15783020e+02,
    1.07972229e+03, 5.16880249e+02, 1.04510596e+03, 5.17064697e+02,
    1.01032904e+03, 5.17447510e+02, 9.74927856e+02, 5.18263245e+02,
    1.12170032e+03, 4.91539490e+02, 1.08665662e+03, 4.92696869e+02,
    1.05122290e+03, 4.92739990e+02, 1.01549023e+03, 4.93188538e+02,
    9.79382629e+02, 4.94100891e+02 ]
