%YAML:1.0
points: [ 2.96024658e+02, 3.11075958e+02, 2.84645905e+02, 3.14186127e+02,
    2.73484802e+02, 3.17397858e+02, 2.62470123e+02, 3.20356659e+02,
    2.51566422e+02, 3.23413239e+02, 2.92079620e+02, 3.03598511e+02,
    2.80582733e+02, 3.06868805e+02, 2.69281036e+02, 3.10244141e+02,
    2.58015350e+02, 3.13311737e+02, 2.46994080e+02, 3.16430420e+02,
    2.88029572e+02, 2.95789154e+02, 2.76390717e+02, 2.99342865e+02,
    2.64870453e+02, 3.02550873e+02, 2.53529144e+02, 3.05883545e+02,
    2.42294174e+02, 3.09212036e+02, 2.83863678e+02, 2.87760895e+02,
    2.72055939e+02, 2.91575500e+02, 2.60354889e+02, 2.94720856e+02,
    2.48795517e+02, 2.98206451e+02, 2.37410019e+02, 3.01648682e+02,
    2.79538727e+02, 2.79511505e+02, 2.67561401e+02, 2.83369446e+02,
    2.55673248e+02, 2.86741760e+02, 2.43943924e+02, 2.90278412e+02,
    2.32408951e+02, 2.93939667e+02, 2.75065277e+02, 2.70920837e+02,
    2.62906219e+02, 2.74913940e+02, 2.50835434e+02, 2.78499237e+02,
    2.38910950e+02, 2.82113129e+02, 2.27173904e+02, 2.85879608e+02,
    2.70405365e+02, 2.62004913e+02, 2.58082703e+02, 2.66178284e+02,
    2.45770966e+02, 2.69888794e+02, 2.33685715e+02, 2.73753754e+02,
    2.21788528e+02, 2.77707184e+02 ]
