%YAML:1.0
points: [ 3.13576599e+02, 2.31253113e+02, 3.02949768e+02, 2.31473923e+02,
    2.92373840e+02, 2.31898010e+02, 2.81589569e+02, 2.32096390e+02,
    2.70801117e+02, 2.32434509e+02, 3.15983429e+02, 2.24598511e+02,
    3.05184387e+02, 2.24837692e+02, 2.94409821e+02, 2.25268646e+02,
    2.83356354e+02, 2.25448761e+02, 2.72321411e+02, 2.25695190e+02,
    3.18573059e+02, 2.17581436e+02, 3.07586365e+02, 2.18023285e+02,
    2.96423096e+02, 2.18155350e+02, 2.85260406e+02, 2.18443192e+02,
    2.73907776e+02, 2.18666946e+02, 3.21277863e+02, 2.10275452e+02,
    3.10084076e+02, 2.10825058e+02, 2.98608612e+02, 2.10781342e+02,
    2.87177734e+02, 2.11100861e+02, 2.75614838e+02, 2.11314240e+02,
    3.24196747e+02, 2.02642975e+02, 3.12722961e+02, 2.03148483e+02,
    3.00946686e+02, 2.03197220e+02, 2.89207428e+02, 2.03408951e+02,
    2.77377563e+02, 2.03712418e+02, 3.27270020e+02, 1.94673096e+02,
    3.15499573e+02, 1.95095383e+02, 3.03470490e+02, 1.95182114e+02,
    2.91391907e+02, 1.95310745e+02, 2.79257507e+02, 1.95606689e+02,
    3.30497467e+02, 1.86269150e+02, 3.18375031e+02, 1.86683670e+02,
    3.06056396e+02, 1.86712921e+02, 2.93704712e+02, 1.86871246e+02,
    2.81266541e+02, 1.87231308e+02 ]
