%YAML:1.0
points: [ 2.66769012e+02, 2.12514114e+02, 2.57583130e+02, 2.10593002e+02,
    2.48477112e+02, 2.08759720e+02, 2.39478775e+02, 2.06796341e+02,
    2.30541641e+02, 2.04944778e+02, 2.66521790e+02, 2.07057877e+02,
    2.57100739e+02, 2.05117798e+02, 2.47807281e+02, 2.03340576e+02,
    2.38627548e+02, 2.01373322e+02, 2.29591888e+02, 1.99508804e+02,
    2.66291016e+02, 2.01354324e+02, 2.56635620e+02, 1.99567902e+02,
    2.47168900e+02, 1.97558502e+02, 2.37776367e+02, 1.95705246e+02,
    2.28510971e+02, 1.93757492e+02, 2.66079712e+02, 1.95447205e+02,
    2.56125061e+02, 1.93738617e+02, 2.46506439e+02, 1.91584305e+02,
    2.36872192e+02, 1.89737991e+02, 2.27355225e+02, 1.87812927e+02,
    2.65786041e+02, 1.89274918e+02, 2.55661301e+02, 1.87530624e+02,
    2.45782043e+02, 1.85435577e+02, 2.35947098e+02, 1.83499969e+02,
    2.26155960e+02, 1.81696686e+02, 2.65494202e+02, 1.82785431e+02,
    2.55133942e+02, 1.81034348e+02, 2.45039566e+02, 1.79024994e+02,
    2.34963226e+02, 1.77042740e+02, 2.24977844e+02, 1.75207306e+02,
    2.65217010e+02, 1.75988663e+02, 2.54605820e+02, 1.74240219e+02,
    2.44225708e+02, 1.72198624e+02, 2.33886108e+02, 1.70280914e+02,
    2.23675858e+02, 1.68551620e+02 ]
