%YAML:1.0
points: [ 9.51392212e+02, 5.66931091e+02, 9.25069580e+02, 5.61409912e+02,
    8.98937805e+02, 5.56099731e+02, 8.73199890e+02, 5.50469238e+02,
    8.47697693e+02, 5.45153931e+02, 9.49724304e+02, 5.51211182e+02,
    9.22872803e+02, 5.45695923e+02, 8.96121582e+02, 5.40485657e+02,
    8.69963318e+02, 5.34833496e+02, 8.44067505e+02, 5.29385498e+02,
    9.48203247e+02, 5.34850403e+02, 9.20538330e+02, 5.29611328e+02,
    8.93503540e+02, 5.23871765e+02, 8.66683716e+02, 5.18542786e+02,
    8.40220398e+02, 5.13010986e+02, 9.46561829e+02, 5.17831604e+02,
    9.18136658e+02, 5.12828003e+02, 8.90696411e+02, 5.06711548e+02,
    8.63144165e+02, 5.01394897e+02, 8.35971924e+02, 4.95937134e+02,
    9.44723022e+02, 4.99952209e+02, 9.15825928e+02, 4.94992554e+02,
    8.87562805e+02, 4.88916748e+02, 8.59507263e+02, 4.83438812e+02,
    8.31711182e+02, 4.78155945e+02, 9.42912598e+02, 4.81331543e+02,
    9.13349304e+02, 4.76249268e+02, 8.84395508e+02, 4.70429688e+02,
    8.55719299e+02, 4.64742340e+02, 8.27165039e+02, 4.59571503e+02,
    9.40936279e+02, 4.61703247e+02, 9.10722656e+02, 4.56745697e+02,
    8.80951416e+02, 4.50803192e+02, 8.51464478e+02, 4.45303528e+02,
    8.22393311e+02, 4.40267639e+02 ]
