%YAML:1.0
points: [ 2.96481049e+02, 3.20064423e+02, 2.85121246e+02, 3.22809906e+02,
    2.74037598e+02, 3.25711548e+02, 2.62992096e+02, 3.28394165e+02,
    2.52151031e+02, 3.31132385e+02, 2.93127533e+02, 3.13338562e+02,
    2.81627533e+02, 3.16241547e+02, 2.70382507e+02, 3.19242584e+02,
    2.59157654e+02, 3.21974274e+02, 2.48111465e+02, 3.24784973e+02,
    2.89645447e+02, 3.06320343e+02, 2.78024078e+02, 3.09523438e+02,
    2.66522430e+02, 3.12390533e+02, 2.55175735e+02, 3.15368317e+02,
    2.43920807e+02, 3.18291077e+02, 2.86096283e+02, 2.99075409e+02,
    2.74299561e+02, 3.02547729e+02, 2.62562531e+02, 3.05305634e+02,
    2.50980560e+02, 3.08457764e+02, 2.39548080e+02, 3.11551300e+02,
    2.82444122e+02, 2.91600037e+02, 2.70386169e+02, 2.95130981e+02,
    2.58468018e+02, 2.98071014e+02, 2.46708679e+02, 3.01259949e+02,
    2.35056244e+02, 3.04548798e+02, 2.78589203e+02, 2.83815216e+02,
    2.66333527e+02, 2.87393219e+02, 2.54213837e+02, 2.90588562e+02,
    2.42216843e+02, 2.93829529e+02, 2.30344940e+02, 2.97212280e+02,
    2.74554443e+02, 2.75674561e+02, 2.62146240e+02, 2.79433899e+02,
    2.49779251e+02, 2.82752197e+02, 2.37534958e+02, 2.86196655e+02,
    2.25506287e+02, 2.89812744e+02 ]
