%YAML:1.0
points: [ 9.99821899e+02, 4.69592133e+02, 9.63271851e+02, 4.62395691e+02,
    9.27390442e+02, 4.55421234e+02, 8.92445312e+02, 4.48386841e+02,
    8.58156250e+02, 4.41647888e+02, 1.00428168e+03, 4.31928650e+02,
    9.67069702e+02, 4.25011993e+02, 9.30699829e+02, 4.18425323e+02,
    8.95313049e+02, 4.11682983e+02, 8.60545227e+02, 4.05115784e+02,
    1.00884009e+03, 3.93182770e+02, 9.70956177e+02, 3.86690277e+02,
    9.34250000e+02, 3.80129791e+02, 8.98223694e+02, 3.73881592e+02,
    8.62931213e+02, 3.67693604e+02, 1.01349500e+03, 3.53321655e+02,
    9.74929626e+02, 3.47296600e+02, 9.37789062e+02, 3.41010559e+02,
    9.01203247e+02, 3.35059235e+02, 8.65297302e+02, 3.29136414e+02,
    1.01827606e+03, 3.12333313e+02, 9.79220459e+02, 3.06595490e+02,
    9.41397644e+02, 3.00677002e+02, 9.04242920e+02, 2.95063965e+02,
    8.67727600e+02, 2.89529236e+02, 1.02331073e+03, 2.70093475e+02,
    9.83626892e+02, 2.64662964e+02, 9.45138428e+02, 2.59202942e+02,
    9.07388916e+02, 2.53861862e+02, 8.70264221e+02, 2.48713547e+02,
    1.02846875e+03, 2.26406204e+02, 9.88095459e+02, 2.21408417e+02,
    9.48910400e+02, 2.16350189e+02, 9.10440613e+02, 2.11453033e+02,
    8.72712891e+02, 2.06595322e+02 ]
