%YAML:1.0
points: [ 2.63835114e+02, 1.85328232e+02, 2.54616058e+02, 1.82629257e+02,
    2.45492325e+02, 1.80066544e+02, 2.36503113e+02, 1.77335754e+02,
    2.27580658e+02, 1.74705124e+02, 2.64622864e+02, 1.77926239e+02,
    2.55202347e+02, 1.75219986e+02, 2.45845200e+02, 1.72614578e+02,
    2.36699310e+02, 1.69869308e+02, 2.27621780e+02, 1.67241379e+02,
    2.65442169e+02, 1.70098450e+02, 2.55763641e+02, 1.67475449e+02,
    2.46322342e+02, 1.64739609e+02, 2.36912628e+02, 1.62102478e+02,
    2.27648880e+02, 1.59461761e+02, 2.66265320e+02, 1.61979385e+02,
    2.56344543e+02, 1.59460434e+02, 2.46768005e+02, 1.56598114e+02,
    2.37149002e+02, 1.53940979e+02, 2.27669327e+02, 1.51276505e+02,
    2.67138977e+02, 1.53565048e+02, 2.57018677e+02, 1.50974518e+02,
    2.47185272e+02, 1.48166473e+02, 2.37400497e+02, 1.45503555e+02,
    2.27661880e+02, 1.42851212e+02, 2.68063629e+02, 1.44748047e+02,
    2.57705658e+02, 1.42159302e+02, 2.47640991e+02, 1.39388794e+02,
    2.37644913e+02, 1.36675293e+02, 2.27681931e+02, 1.34072006e+02,
    2.69018921e+02, 1.35573624e+02, 2.58403687e+02, 1.32966003e+02,
    2.48115601e+02, 1.30201797e+02, 2.37870468e+02, 1.27518036e+02,
    2.27662155e+02, 1.24934395e+02 ]
