%YAML:1.0
points: [ 9.41791443e+02, 4.88785095e+02, 9.15490417e+02, 4.80997284e+02,
    8.89318604e+02, 4.73458191e+02, 8.63712830e+02, 4.65694397e+02,
    8.38236755e+02, 4.58157990e+02, 9.43182312e+02, 4.67254578e+02,
    9.16298401e+02, 4.59446014e+02, 8.89572327e+02, 4.52006073e+02,
    8.63489319e+02, 4.44172058e+02, 8.37650024e+02, 4.36590210e+02,
    9.44700989e+02, 4.44833862e+02, 9.17110291e+02, 4.37293762e+02,
    8.90118042e+02, 4.29403137e+02, 8.63384521e+02, 4.21785126e+02,
    8.37025940e+02, 4.14239105e+02, 9.46209656e+02, 4.21553040e+02,
    9.17937561e+02, 4.14313629e+02, 8.90579468e+02, 4.06004761e+02,
    8.63221802e+02, 3.98537415e+02, 8.36199341e+02, 3.90905975e+02,
    9.47749634e+02, 3.97426849e+02, 9.18971375e+02, 3.90077148e+02,
    8.90992126e+02, 3.81956665e+02, 8.63075806e+02, 3.74246918e+02,
    8.35506042e+02, 3.66846161e+02, 9.49423523e+02, 3.72258728e+02,
    9.20056458e+02, 3.64832947e+02, 8.91381104e+02, 3.56864136e+02,
    8.62937744e+02, 3.49024841e+02, 8.34700012e+02, 3.41712280e+02,
    9.51100891e+02, 3.45959473e+02, 9.21166138e+02, 3.38599243e+02,
    8.91720398e+02, 3.30542206e+02, 8.62559082e+02, 3.22877747e+02,
    8.33746765e+02, 3.15596741e+02 ]
