%YAML:1.0
points: [ 1.10325977e+03, 6.24275146e+02, 1.06852087e+03, 6.05412354e+02,
    1.03369019e+03, 5.86711914e+02, 9.98833435e+02, 5.67475464e+02,
    9.63737671e+02, 5.48496704e+02, 1.12310535e+03, 5.98349609e+02,
    1.08766699e+03, 5.79113953e+02, 1.05191284e+03, 5.59968262e+02,
    1.01627643e+03, 5.40213379e+02, 9.80531433e+02, 5.20600769e+02,
    1.14400427e+03, 5.71221375e+02, 1.10763208e+03, 5.51744507e+02,
    1.07132178e+03, 5.31622009e+02, 1.03474768e+03, 5.11674438e+02,
    9.98097290e+02, 4.91501404e+02, 1.16595056e+03, 5.42822815e+02,
    1.12855273e+03, 5.23058350e+02, 1.09151721e+03, 5.02004303e+02,
    1.05409021e+03, 4.81613678e+02, 1.01642950e+03, 4.60959442e+02,
    1.18906384e+03, 5.13109680e+02, 1.15076538e+03, 4.92698975e+02,
    1.11269214e+03, 4.71173065e+02, 1.07441223e+03, 4.50002380e+02,
    1.03576819e+03, 4.28985840e+02, 1.21338513e+03, 4.81734344e+02,
    1.17424817e+03, 4.60691132e+02, 1.13506091e+03, 4.38745331e+02,
    1.09585986e+03, 4.16879211e+02, 1.05617151e+03, 3.95203766e+02,
    1.23919238e+03, 4.48594116e+02, 1.19895166e+03, 4.26984802e+02,
    1.15875867e+03, 4.04395203e+02, 1.11836011e+03, 3.82010864e+02,
    1.07770239e+03, 3.59889587e+02 ]
