%YAML:1.0
points: [ 4.25821381e+02, 3.46292480e+02, 4.10480286e+02, 3.53141968e+02,
    3.95285461e+02, 3.60075195e+02, 3.79703522e+02, 3.66697388e+02,
    3.64149170e+02, 3.73501892e+02, 4.23607086e+02, 3.34586517e+02,
    4.07988983e+02, 3.41503967e+02, 3.92385223e+02, 3.48617859e+02,
    3.76421600e+02, 3.55311829e+02, 3.60519104e+02, 3.62125793e+02,
    4.21226776e+02, 3.22312866e+02, 4.05415192e+02, 3.29548981e+02,
    3.89234619e+02, 3.36418396e+02, 3.73064453e+02, 3.43415253e+02,
    3.56825806e+02, 3.50416748e+02, 4.18695648e+02, 3.09574982e+02,
    4.02591583e+02, 3.17034760e+02, 3.85976471e+02, 3.23739075e+02,
    3.69399231e+02, 3.30925201e+02, 3.52850830e+02, 3.38056335e+02,
    4.16121338e+02, 2.96194183e+02, 3.99607849e+02, 3.03762421e+02,
    3.82532532e+02, 3.10700745e+02, 3.65617188e+02, 3.17862976e+02,
    3.48727081e+02, 3.25219482e+02, 4.13345673e+02, 2.82287354e+02,
    3.96432098e+02, 2.89899170e+02, 3.79098969e+02, 2.96997620e+02,
    3.61671417e+02, 3.04317047e+02, 3.44387115e+02, 3.11755371e+02,
    4.10405975e+02, 2.67675659e+02, 3.93088531e+02, 2.75468536e+02,
    3.75289642e+02, 2.82712524e+02, 3.57607819e+02, 2.90102142e+02,
    3.39977844e+02, 2.97832367e+02 ]
