%YAML:1.0
points: [ 1.11857483e+03, 3.84729706e+02, 1.08799036e+03, 3.56217224e+02,
    1.05733594e+03, 3.27815247e+02, 1.02692627e+03, 2.99320618e+02,
    9.96467773e+02, 2.70901367e+02, 1.14738928e+03, 3.53727478e+02,
    1.11619019e+03, 3.24712189e+02, 1.08493896e+03, 2.95902313e+02,
    1.05401208e+03, 2.66827576e+02, 1.02299799e+03, 2.37770660e+02,
    1.17739600e+03, 3.21482880e+02, 1.14549438e+03, 2.92039093e+02,
    1.11383240e+03, 2.62415497e+02, 1.08215784e+03, 2.32990524e+02,
    1.05055261e+03, 2.03379364e+02, 1.20857654e+03, 2.87966370e+02,
    1.17602625e+03, 2.58023346e+02, 1.14378870e+03, 2.27787506e+02,
    1.11143469e+03, 1.97711945e+02, 1.07916174e+03, 1.67515518e+02,
    1.24114319e+03, 2.53120163e+02, 1.20791699e+03, 2.22573273e+02,
    1.17495898e+03, 1.91724792e+02, 1.14197119e+03, 1.60988800e+02,
    1.10891943e+03, 1.30265976e+02, 1.27510706e+03, 2.16778244e+02,
    1.24125793e+03, 1.85509277e+02, 1.20746375e+03, 1.54156052e+02,
    1.17381970e+03, 1.22752434e+02, 1.14002612e+03, 9.13894958e+01,
    1.31055212e+03, 1.78807281e+02, 1.27594336e+03, 1.46906311e+02,
    1.24144824e+03, 1.14894775e+02, 1.20689307e+03, 8.28782578e+01,
    1.17245825e+03, 5.08414612e+01 ]
