%YAML:1.0
points: [ 2.75032532e+02, 1.89756516e+02, 2.65054504e+02, 1.87307312e+02,
    2.55100296e+02, 1.84984177e+02, 2.45243179e+02, 1.82492783e+02,
    2.35427307e+02, 1.80120789e+02, 2.76613617e+02, 1.81887573e+02,
    2.66389679e+02, 1.79448593e+02, 2.56255829e+02, 1.77099899e+02,
    2.46208679e+02, 1.74620193e+02, 2.36202225e+02, 1.72176147e+02,
    2.78259979e+02, 1.73688858e+02, 2.67828888e+02, 1.71336411e+02,
    2.57496216e+02, 1.68784882e+02, 2.47243118e+02, 1.66400711e+02,
    2.37026093e+02, 1.63897247e+02, 2.80007568e+02, 1.65171432e+02,
    2.69270172e+02, 1.62862381e+02, 2.58816010e+02, 1.60222809e+02,
    2.48260742e+02, 1.57763641e+02, 2.37838135e+02, 1.55287506e+02,
    2.81790497e+02, 1.56326889e+02, 2.70890656e+02, 1.53961990e+02,
    2.60134979e+02, 1.51307922e+02, 2.49376480e+02, 1.48803101e+02,
    2.38657272e+02, 1.46372375e+02, 2.83678680e+02, 1.47029221e+02,
    2.72511658e+02, 1.44656082e+02, 2.61496216e+02, 1.42036926e+02,
    2.50491791e+02, 1.39447067e+02, 2.39528961e+02, 1.36952011e+02,
    2.85661255e+02, 1.37339218e+02, 2.74233765e+02, 1.34936829e+02,
    2.62958679e+02, 1.32283569e+02, 2.51680054e+02, 1.29730652e+02,
    2.40440643e+02, 1.27266624e+02 ]
