%YAML:1.0
points: [ 3.82213654e+02, 3.41210846e+02, 3.66391968e+02, 3.46837433e+02,
    3.50802704e+02, 3.52487915e+02, 3.35141632e+02, 3.57897400e+02,
    3.19566742e+02, 3.63334137e+02, 3.78450134e+02, 3.29228210e+02,
    3.62360901e+02, 3.34871033e+02, 3.46487274e+02, 3.40781982e+02,
    3.30538788e+02, 3.46169373e+02, 3.14766388e+02, 3.51776367e+02,
    3.74582062e+02, 3.16653137e+02, 3.58246704e+02, 3.22654175e+02,
    3.42018127e+02, 3.28297546e+02, 3.25870270e+02, 3.34063629e+02,
    3.09811249e+02, 3.39830872e+02, 3.70460693e+02, 3.03614410e+02,
    3.54040619e+02, 3.09954590e+02, 3.37252502e+02, 3.15420685e+02,
    3.20937897e+02, 3.21376129e+02, 3.04568420e+02, 3.27256714e+02,
    3.66232056e+02, 2.90148987e+02, 3.49427521e+02, 2.96511353e+02,
    3.32472839e+02, 3.02300262e+02, 3.15825439e+02, 3.08225891e+02,
    2.99285706e+02, 3.14384979e+02, 3.61938568e+02, 2.76087769e+02,
    3.44735748e+02, 2.82609161e+02, 3.27549438e+02, 2.88670227e+02,
    3.10490448e+02, 2.94762177e+02, 2.93772888e+02, 3.01101074e+02,
    3.57300659e+02, 2.61669708e+02, 3.39880646e+02, 2.68277954e+02,
    3.22399567e+02, 2.74476318e+02, 3.05132507e+02, 2.80874054e+02,
    2.88083771e+02, 2.87342072e+02 ]
