%YAML:1.0
points: [ 9.72154724e+02, 5.01393555e+02, 9.43484741e+02, 4.94436829e+02,
    9.14925415e+02, 4.87627655e+02, 8.86655334e+02, 4.80459778e+02,
    8.58446594e+02, 4.73635712e+02, 9.75771179e+02, 4.78812256e+02,
    9.46576294e+02, 4.71763672e+02, 9.17323669e+02, 4.64903442e+02,
    8.88545410e+02, 4.57800842e+02, 8.59870605e+02, 4.50745392e+02,
    9.79717285e+02, 4.55272949e+02, 9.49684082e+02, 4.48363007e+02,
    9.20110657e+02, 4.41139069e+02, 8.90619141e+02, 4.34119476e+02,
    8.61305298e+02, 4.26968353e+02, 9.83705505e+02, 4.30829987e+02,
    9.52991943e+02, 4.24125702e+02, 9.22895508e+02, 4.16433075e+02,
    8.92701355e+02, 4.09464478e+02, 8.62782715e+02, 4.02323242e+02,
    9.87807739e+02, 4.05414825e+02, 9.56523499e+02, 3.98611206e+02,
    9.25739868e+02, 3.90967560e+02, 8.94979858e+02, 3.83774994e+02,
    8.64320374e+02, 3.76732849e+02, 9.92164185e+02, 3.78891937e+02,
    9.60236023e+02, 3.71986847e+02, 9.28661682e+02, 3.64448853e+02,
    8.97259277e+02, 3.57016846e+02, 8.65880310e+02, 3.49931610e+02,
    9.96725281e+02, 3.51176422e+02, 9.64088989e+02, 3.44290710e+02,
    9.31814636e+02, 3.36548004e+02, 8.99558655e+02, 3.29231415e+02,
    8.67542603e+02, 3.22248291e+02 ]
