%YAML:1.0
points: [ 1.31559656e+03, 3.92394653e+02, 1.28409229e+03, 3.62481628e+02,
    1.25236157e+03, 3.32398743e+02, 1.22016064e+03, 3.01751068e+02,
    1.18763928e+03, 2.70744293e+02, 1.35030334e+03, 3.59105713e+02,
    1.31863965e+03, 3.28639374e+02, 1.28666467e+03, 2.97804230e+02,
    1.25419653e+03, 2.66491760e+02, 1.22146118e+03, 2.34763184e+02,
    1.38619885e+03, 3.24758362e+02, 1.35441504e+03, 2.93689697e+02,
    1.32200623e+03, 2.62082428e+02, 1.28938672e+03, 2.30140030e+02,
    1.25629333e+03, 1.97694458e+02, 1.42313342e+03, 2.89510345e+02,
    1.39134766e+03, 2.57707581e+02, 1.35847253e+03, 2.25352585e+02,
    1.32560559e+03, 1.92649902e+02, 1.29234277e+03, 1.59430847e+02,
    1.46134338e+03, 2.53206818e+02, 1.42926477e+03, 2.20658203e+02,
    1.39614429e+03, 1.87562271e+02, 1.36297668e+03, 1.54069611e+02,
    1.32950439e+03, 1.20077698e+02, 1.50064197e+03, 2.15808807e+02,
    1.46835535e+03, 1.82469131e+02, 1.43509033e+03, 1.48642746e+02,
    1.40155237e+03, 1.14325401e+02, 1.36790173e+03, 7.94614639e+01,
    1.54101331e+03, 1.77339233e+02, 1.50866772e+03, 1.43116531e+02,
    1.47514917e+03, 1.08536873e+02, 1.44147974e+03, 7.34229660e+01,
    1.40758838e+03, 3.76282997e+01 ]
