%YAML:1.0
points: [ 9.74455750e+02, 4.09834625e+02, 9.46259766e+02, 3.99872559e+02,
    9.18148438e+02, 3.90137756e+02, 8.90458984e+02, 3.80186890e+02,
    8.62794128e+02, 3.70480011e+02, 9.81740784e+02, 3.83026703e+02,
    9.53073730e+02, 3.73035400e+02, 9.24457458e+02, 3.63265961e+02,
    8.96277344e+02, 3.53226929e+02, 8.68180603e+02, 3.43368683e+02,
    9.89334961e+02, 3.55286102e+02, 9.59974365e+02, 3.45370514e+02,
    9.31089905e+02, 3.35196167e+02, 9.02298950e+02, 3.25287994e+02,
    8.73739685e+02, 3.15339752e+02, 9.97110535e+02, 3.26615082e+02,
    9.67186157e+02, 3.16802246e+02, 9.37883179e+02, 3.06362610e+02,
    9.08564331e+02, 2.96427856e+02, 8.79438354e+02, 2.86402161e+02,
    1.00522803e+03, 2.96998474e+02, 9.74787415e+02, 2.87029510e+02,
    9.44835205e+02, 2.76571655e+02, 9.14987732e+02, 2.66450928e+02,
    8.85302307e+02, 2.56404419e+02, 1.01355023e+03, 2.66243256e+02,
    9.82615906e+02, 2.56123291e+02, 9.52084900e+02, 2.45728165e+02,
    9.21692688e+02, 2.35428726e+02, 8.91360718e+02, 2.25383942e+02,
    1.02231604e+03, 2.34280792e+02, 9.90732544e+02, 2.24165146e+02,
    9.59579895e+02, 2.13680695e+02, 9.28489441e+02, 2.03380615e+02,
    8.97566223e+02, 1.93262741e+02 ]
