%YAML:1.0
points: [ 3.13824585e+02, 3.27588135e+02, 2.98925140e+02, 3.31425964e+02,
    2.84494843e+02, 3.35403992e+02, 2.70188568e+02, 3.39047028e+02,
    2.56120300e+02, 3.42761322e+02, 3.08655518e+02, 3.15307007e+02,
    2.93587646e+02, 3.19374115e+02, 2.78879486e+02, 3.23482178e+02,
    2.64565918e+02, 3.27317902e+02, 2.50377838e+02, 3.31160583e+02,
    3.03238159e+02, 3.02662750e+02, 2.88036804e+02, 3.07103821e+02,
    2.73286072e+02, 3.11160858e+02, 2.58755157e+02, 3.15228271e+02,
    2.44518768e+02, 3.19317413e+02, 2.97708282e+02, 2.89773682e+02,
    2.82499146e+02, 2.94513519e+02, 2.67593231e+02, 2.98485229e+02,
    2.52780609e+02, 3.02813934e+02, 2.38459518e+02, 3.07046448e+02,
    2.92023590e+02, 2.76580170e+02, 2.76692352e+02, 2.81423676e+02,
    2.61664551e+02, 2.85691772e+02, 2.46763489e+02, 2.90051880e+02,
    2.32184525e+02, 2.94656128e+02, 2.86289337e+02, 2.62945831e+02,
    2.70718323e+02, 2.67921692e+02, 2.55588303e+02, 2.72588287e+02,
    2.40614136e+02, 2.77114166e+02, 2.25820206e+02, 2.81824249e+02,
    2.80301666e+02, 2.49077774e+02, 2.64646973e+02, 2.54225327e+02,
    2.49289398e+02, 2.59050262e+02, 2.34074524e+02, 2.63876434e+02,
    2.19263123e+02, 2.68842743e+02 ]
