%YAML:1.0
points: [ 2.76155792e+02, 1.57890137e+02, 2.66298401e+02, 1.54406570e+02,
    2.56478882e+02, 1.51001923e+02, 2.46802261e+02, 1.47556412e+02,
    2.37098389e+02, 1.44133881e+02, 2.78980530e+02, 1.48493439e+02,
    2.68934387e+02, 1.45003937e+02, 2.58918579e+02, 1.41617981e+02,
    2.49075424e+02, 1.38124268e+02, 2.39207184e+02, 1.34655655e+02,
    2.81892456e+02, 1.38779846e+02, 2.71578522e+02, 1.35318253e+02,
    2.61467468e+02, 1.31806091e+02, 2.51371567e+02, 1.28313843e+02,
    2.41350128e+02, 1.24836143e+02, 2.84892120e+02, 1.28720245e+02,
    2.74365448e+02, 1.25300674e+02, 2.64137756e+02, 1.21682640e+02,
    2.53838577e+02, 1.18187645e+02, 2.43597977e+02, 1.14691078e+02,
    2.88019623e+02, 1.18336456e+02, 2.77313538e+02, 1.14861557e+02,
    2.66861633e+02, 1.11231606e+02, 2.56345886e+02, 1.07683479e+02,
    2.45956528e+02, 1.04222122e+02, 2.91246399e+02, 1.07536308e+02,
    2.80335510e+02, 1.04031898e+02, 2.69625641e+02, 1.00415985e+02,
    2.59013306e+02, 9.68304367e+01, 2.48324219e+02, 9.33135910e+01,
    2.94592163e+02, 9.63660889e+01, 2.83483978e+02, 9.28012543e+01,
    2.72557465e+02, 8.91699371e+01, 2.61666962e+02, 8.56118240e+01,
    2.50807922e+02, 8.20502090e+01 ]
