%YAML:1.0
cameraMatrix: !!opencv-matrix
   rows: 3
   cols: 3
   dt: d
   data: [ 1.1206261789591799e+03, 0., 9.1847736863547868e+02, 0.,
       1.1229924026197946e+03, 6.4636246964757038e+02, 0., 0., 1. ]
distortionCoefficients: !!opencv-matrix
   rows: 1
   cols: 5
   dt: d
   data: [ 9.2308331592555984e-02, -9.2048866874209351e-02,
       2.4739441634734322e-02, -7.9744421782885870e-03,
       2.1190583312212470e-02 ]
rotation: !!opencv-matrix
   rows: 3
   cols: 3
   dt: d
   data: [ 1., 0., 0., 0., 1., 0., 0., 0., 1. ]
projection: !!opencv-matrix
   rows: 4
   cols: 4
   dt: d
   data: [ 1.1206261789591799e+03, 0., 9.1847736863547868e+02, 0., 0.,
       1.1229924026197946e+03, 6.4636246964757038e+02, 0., 0., 0., 1.,
       0., 0., 0., 0., 1. ]
