%YAML:1.0
rotation: !!opencv-matrix
   rows: 3
   cols: 3
   dt: d
   data: [ 9.9932676338420523e-01, 7.2858416612875503e-03,
       -3.5957426150037483e-02, -7.1186658470349471e-03,
       9.9996326078305431e-01, 4.7751105410763581e-03,
       3.5990895801674777e-02, -4.5159268603340991e-03,
       9.9934191437364683e-01 ]
translation: !!opencv-matrix
   rows: 3
   cols: 1
   dt: d
   data: [ -2.4811797699716798e-02, 3.1601136906040196e-02,
       -5.1551664861343327e-02 ]
essential: !!opencv-matrix
   rows: 3
   cols: 3
   dt: d
   data: [ 7.7037414959351563e-04, 5.1407062470572994e-02,
       3.1826505550355350e-02, -5.0623959567290752e-02,
       -4.8764553124083559e-04, 2.6649134594449869e-02,
       -3.1403234966685789e-02, -2.5041127013512375e-02,
       1.0178164698171925e-03 ]
fundamental: !!opencv-matrix
   rows: 3
   cols: 3
   dt: d
   data: [ 4.4733096028797332e-07, 3.0231216458028401e-05,
       3.4183757956947732e-04, -2.9564214769858782e-05,
       -2.8841647573280315e-07, 1.3464649551052097e-02,
       -3.9197371230701994e-03, -4.3541405502478626e-02, 1. ]
