%YAML:1.0
rotation: !!opencv-matrix
   rows: 3
   cols: 3
   dt: d
   data: [ 9.9855249636015320e-01, -1.3140976403031089e-03,
       5.3769742051621272e-02, 6.6128383047115904e-03,
       9.9511642923281429e-01, -9.8486357636421024e-02,
       -5.3377733021006790e-02, 9.8699368885140470e-02,
       9.9368468449464042e-01 ]
translation: !!opencv-matrix
   rows: 3
   cols: 1
   dt: d
   data: [ -5.9820116133440834e-02, -8.4399077700924082e-03,
       7.9063723424446786e-02 ]
essential: !!opencv-matrix
   rows: 3
   cols: 3
   dt: d
   data: [ -7.2332475100391413e-05, -7.9510623706343209e-02,
       -5.9990894844099557e-04, 7.5756216208753641e-02,
       5.8003102566207762e-03, 6.3693569240664133e-02,
       8.0321102175157141e-03, -5.9539071225886961e-02,
       6.3452770151076364e-03 ]
fundamental: !!opencv-matrix
   rows: 3
   cols: 3
   dt: d
   data: [ 3.5816470589904647e-08, 3.8088012822069820e-05,
       -7.5099340545232984e-03, -3.7432745529032467e-05,
       -2.7726709011389570e-06, -8.9226662036025368e-04,
       1.9705253446501130e-02, -1.2294141719738272e-03, 1. ]
