%YAML:1.0
depthShift: -5.9130405121463838e+01
