%YAML:1.0
cameraMatrix: !!opencv-matrix
   rows: 3
   cols: 3
   dt: d
   data: [ 3.3061806665937786e+02, 0., 2.5346106202128530e+02, 0.,
       3.3271652487397444e+02, 2.0801585961502298e+02, 0., 0., 1. ]
distortionCoefficients: !!opencv-matrix
   rows: 1
   cols: 5
   dt: d
   data: [ 5.0888931505896989e-02, -1.9862106645787231e-01,
       -1.3626667566959637e-03, -3.3376621006891362e-03,
       7.3213057886870353e-02 ]
rotation: !!opencv-matrix
   rows: 3
   cols: 3
   dt: d
   data: [ 1., 0., 0., 0., 1., 0., 0., 0., 1. ]
projection: !!opencv-matrix
   rows: 4
   cols: 4
   dt: d
   data: [ 3.3061806665937786e+02, 0., 2.5346106202128530e+02, 0., 0.,
       3.3271652487397444e+02, 2.0801585961502298e+02, 0., 0., 0., 1.,
       0., 0., 0., 0., 1. ]
