%YAML:1.0
depthShift: -3.0198673485600231e+00
