%YAML:1.0
cameraMatrix: !!opencv-matrix
   rows: 3
   cols: 3
   dt: d
   data: [ 1.3780330198221525e+03, 0., 8.6965389210789147e+02, 0.,
       1.4547428920671814e+03, 5.8419086285125013e+02, 0., 0., 1. ]
distortionCoefficients: !!opencv-matrix
   rows: 1
   cols: 5
   dt: d
   data: [ -8.7220835884583570e-01, 5.8525949197545501e+01,
       1.1771023379609767e-02, 5.6985207886700324e-03,
       -1.1760993363880602e+03 ]
rotation: !!opencv-matrix
   rows: 3
   cols: 3
   dt: d
   data: [ 1., 0., 0., 0., 1., 0., 0., 0., 1. ]
projection: !!opencv-matrix
   rows: 4
   cols: 4
   dt: d
   data: [ 1.3780330198221525e+03, 0., 8.6965389210789147e+02, 0., 0.,
       1.4547428920671814e+03, 5.8419086285125013e+02, 0., 0., 0., 1.,
       0., 0., 0., 0., 1. ]
