%YAML:1.0
rotation: !!opencv-matrix
   rows: 3
   cols: 3
   dt: d
   data: [ -2.3176584833496727e-01, 1.0725801819822106e-01,
       9.6684037414547552e-01, 4.5376070078301628e-01,
       -8.6722790507044867e-01, 2.0498045539032977e-01,
       8.6045674962224517e-01, 4.8622163485319231e-01,
       1.5232433761618713e-01 ]
translation: !!opencv-matrix
   rows: 3
   cols: 1
   dt: d
   data: [ -9.2933102362839515e-01, -6.2434658074599830e-02,
       7.5797145371175800e-01 ]
essential: !!opencv-matrix
   rows: 3
   cols: 3
   dt: d
   data: [ -3.9765998096041533e-01, 6.2697691438511849e-01,
       -1.6487965169021299e-01, 6.2397725493120881e-01,
       5.3315936560433674e-01, 8.7439713649863460e-01,
       -4.3616411803518174e-01, 8.1263841443019391e-01,
       -1.3013034825921882e-01 ]
fundamental: !!opencv-matrix
   rows: 3
   cols: 3
   dt: d
   data: [ 4.0735850988000838e-06, -6.3824059736067065e-06,
       9.6823541396120615e-04, -6.0549009810527789e-06,
       -5.1411857837896496e-06, -4.4388658666329807e-04,
       6.1516839868521987e-03, -2.8456882077430266e-03, 1. ]
