%YAML:1.0
points: [ 4.44624146e+02, 7.50038147e+01, 4.49803070e+02, 8.51067734e+01,
    4.54938293e+02, 9.50733337e+01, 4.60129303e+02, 1.04672218e+02,
    4.64579376e+02, 1.13903503e+02, 4.69271393e+02, 1.22793571e+02,
    4.73546783e+02, 1.31406967e+02, 4.77922516e+02, 1.39776611e+02,
    4.81813049e+02, 1.47798615e+02, 4.33221832e+02, 8.43676834e+01,
    4.39077545e+02, 9.45155716e+01, 4.44161621e+02, 1.04186134e+02,
    4.49641998e+02, 1.13655632e+02, 4.54118469e+02, 1.22540337e+02,
    4.59424927e+02, 1.31432556e+02, 4.63440643e+02, 1.39762131e+02,
    4.67888550e+02, 1.47917221e+02, 4.71962006e+02, 1.55731293e+02,
    4.22247620e+02, 9.39671936e+01, 4.27772095e+02, 1.03766624e+02,
    4.33325073e+02, 1.13277603e+02, 4.38869751e+02, 1.22547684e+02,
    4.43720612e+02, 1.31303619e+02, 4.49159241e+02, 1.40054520e+02,
    4.53690063e+02, 1.48250351e+02, 4.58170044e+02, 1.56159439e+02,
    4.62315186e+02, 1.63708023e+02, 4.10726318e+02, 1.02571899e+02,
    4.17087769e+02, 1.13206642e+02, 4.22349365e+02, 1.22332512e+02,
    4.28212708e+02, 1.31476532e+02, 4.33263733e+02, 1.40019363e+02,
    4.38867706e+02, 1.48560959e+02, 4.43720306e+02, 1.56676300e+02,
    4.48267761e+02, 1.64342285e+02, 4.52287384e+02, 1.71502014e+02,
    3.99652283e+02, 1.12975502e+02, 4.06127655e+02, 1.22594604e+02,
    4.11629486e+02, 1.31486450e+02, 4.17260468e+02, 1.40204407e+02,
    4.22787445e+02, 1.48669739e+02, 4.28433838e+02, 1.57043579e+02,
    4.33691833e+02, 1.64985931e+02, 4.38059448e+02, 1.72212143e+02,
    4.42547394e+02, 1.79448853e+02, 3.88787445e+02, 1.22597832e+02,
    3.95343658e+02, 1.31951645e+02, 4.01130188e+02, 1.40542297e+02,
    4.06724884e+02, 1.48912064e+02, 4.12324188e+02, 1.57190033e+02,
    4.18302002e+02, 1.65394348e+02, 4.23324982e+02, 1.73107529e+02,
    4.28048859e+02, 1.80253143e+02, 4.32756714e+02, 1.87244568e+02,
    3.77839172e+02, 1.32052872e+02, 3.84405853e+02, 1.41099487e+02,
    3.90724091e+02, 1.49725357e+02, 3.96289429e+02, 1.57788071e+02,
    4.02034393e+02, 1.65779266e+02, 4.07887421e+02, 1.73719086e+02,
    4.13278625e+02, 1.81140015e+02, 4.17963928e+02, 1.88009552e+02,
    4.23004852e+02, 1.95012085e+02, 3.67032837e+02, 1.41327087e+02,
    3.73795013e+02, 1.50054337e+02, 3.80135284e+02, 1.58441483e+02,
    3.86268402e+02, 1.66456619e+02, 3.91903290e+02, 1.74166885e+02,
    3.97870148e+02, 1.81869263e+02, 4.03235657e+02, 1.89117371e+02,
    4.08274048e+02, 1.95945267e+02, 4.13464569e+02, 2.02759476e+02,
    3.56369263e+02, 1.50318649e+02, 3.63217499e+02, 1.58914520e+02,
    3.69608337e+02, 1.67057251e+02, 3.75908966e+02, 1.74985443e+02,
    3.81821777e+02, 1.82378250e+02, 3.87779602e+02, 1.89921143e+02,
    3.93495941e+02, 1.97028839e+02, 3.98651886e+02, 2.03605286e+02,
    4.03975433e+02, 2.10273834e+02, 3.45923859e+02, 1.59397308e+02,
    3.52733978e+02, 1.67478714e+02, 3.59263458e+02, 1.75432816e+02,
    3.65594727e+02, 1.82988785e+02, 3.71821167e+02, 1.90532913e+02,
    3.77794800e+02, 1.97632904e+02, 3.83466187e+02, 2.04417725e+02,
    3.89195312e+02, 2.11264893e+02, 3.94343292e+02, 2.17506683e+02,
    3.35495758e+02, 1.68008026e+02, 3.42348022e+02, 1.75967651e+02,
    3.49130432e+02, 1.83647995e+02, 3.55428864e+02, 1.90935837e+02,
    3.61796844e+02, 1.98205154e+02, 3.67807831e+02, 2.05168076e+02,
    3.73587280e+02, 2.11756866e+02, 3.79385956e+02, 2.18422668e+02,
    3.84726471e+02, 2.24602783e+02 ]
