%YAML:1.0
points: [ 1.30383044e+03, 8.78405762e+02, 1.25744092e+03, 8.92551514e+02,
    1.21117944e+03, 9.07069763e+02, 1.16436060e+03, 9.21031860e+02,
    1.11757654e+03, 9.35568420e+02, 1.29832141e+03, 8.40251465e+02,
    1.25130371e+03, 8.54493835e+02, 1.20397705e+03, 8.69406494e+02,
    1.15632080e+03, 8.83490723e+02, 1.10876672e+03, 8.98010132e+02,
    1.29279065e+03, 8.00609680e+02, 1.24501147e+03, 8.15584839e+02,
    1.19666479e+03, 8.29805420e+02, 1.14820837e+03, 8.44525024e+02,
    1.09975708e+03, 8.59338562e+02, 1.28713428e+03, 7.59590576e+02,
    1.23853101e+03, 7.75219177e+02, 1.18908374e+03, 7.89029785e+02,
    1.13976831e+03, 8.04065247e+02, 1.09033569e+03, 8.19211792e+02,
    1.28139990e+03, 7.17161743e+02, 1.23183899e+03, 7.32859314e+02,
    1.18138037e+03, 7.47148926e+02, 1.13112817e+03, 7.62151550e+02,
    1.08082214e+03, 7.77764526e+02, 1.27543237e+03, 6.72962891e+02,
    1.22488647e+03, 6.88756348e+02, 1.17350232e+03, 7.03622437e+02,
    1.12224927e+03, 7.18765991e+02, 1.07079419e+03, 7.34537537e+02,
    1.26925134e+03, 6.27067139e+02, 1.21773547e+03, 6.43140991e+02,
    1.16534021e+03, 6.58177368e+02, 1.11306042e+03, 6.73795837e+02,
    1.06072827e+03, 6.90026001e+02 ]
