%YAML:1.0
points: [ 1.40317542e+03, 1.67955627e+02, 1.42016663e+03, 1.97753540e+02,
    1.43661328e+03, 2.26463654e+02, 1.45405542e+03, 2.54714615e+02,
    1.46876257e+03, 2.81161285e+02, 1.48463684e+03, 3.07223083e+02,
    1.49857446e+03, 3.31937256e+02, 1.51355017e+03, 3.56452606e+02,
    1.52672083e+03, 3.79434937e+02, 1.36882336e+03, 1.97189087e+02,
    1.38692358e+03, 2.26504639e+02, 1.40387524e+03, 2.54362076e+02,
    1.42158862e+03, 2.81906738e+02, 1.43678979e+03, 3.07496033e+02,
    1.45356665e+03, 3.33289581e+02, 1.46779858e+03, 3.57262085e+02,
    1.48230078e+03, 3.80606506e+02, 1.49650940e+03, 4.03353210e+02,
    1.33583215e+03, 2.26053406e+02, 1.35390210e+03, 2.54231079e+02,
    1.37174365e+03, 2.81574860e+02, 1.38968604e+03, 3.08425720e+02,
    1.40559875e+03, 3.33476105e+02, 1.42289746e+03, 3.58596405e+02,
    1.43803723e+03, 3.82214325e+02, 1.45305652e+03, 4.05117920e+02,
    1.46675940e+03, 4.26740997e+02, 1.30359314e+03, 2.54593399e+02,
    1.32238281e+03, 2.82287415e+02, 1.33988391e+03, 3.08548004e+02,
    1.35813647e+03, 3.34523438e+02, 1.37488428e+03, 3.59149689e+02,
    1.39245862e+03, 3.83766785e+02, 1.40849670e+03, 4.06966797e+02,
    1.42346167e+03, 4.29022858e+02, 1.43729504e+03, 4.49828033e+02,
    1.27127124e+03, 2.82491455e+02, 1.29129431e+03, 3.09616577e+02,
    1.30895276e+03, 3.35049622e+02, 1.32704028e+03, 3.60024200e+02,
    1.34444031e+03, 3.84271210e+02, 1.36250989e+03, 4.08436798e+02,
    1.37918298e+03, 4.31166840e+02, 1.39366516e+03, 4.52132202e+02,
    1.40841467e+03, 4.72662170e+02, 1.23997510e+03, 3.09938629e+02,
    1.26045459e+03, 3.36557800e+02, 1.27896838e+03, 3.61420013e+02,
    1.29679834e+03, 3.85427277e+02, 1.31460767e+03, 4.09026184e+02,
    1.33316492e+03, 4.32608917e+02, 1.34975134e+03, 4.54559601e+02,
    1.36474524e+03, 4.74954956e+02, 1.38003784e+03, 4.95194458e+02,
    1.20927332e+03, 3.36894012e+02, 1.22994666e+03, 3.62789612e+02,
    1.24945801e+03, 3.87518616e+02, 1.26756482e+03, 4.10664154e+02,
    1.28553210e+03, 4.33443146e+02, 1.30406702e+03, 4.56392059e+02,
    1.32076465e+03, 4.77649323e+02, 1.33626477e+03, 4.97490845e+02,
    1.35215344e+03, 5.17427795e+02, 1.17922253e+03, 3.63391479e+02,
    1.20003650e+03, 3.88623871e+02, 1.21992737e+03, 4.12561676e+02,
    1.23909839e+03, 4.35697510e+02, 1.25708118e+03, 4.57525604e+02,
    1.27562964e+03, 4.79766235e+02, 1.29281567e+03, 5.00569702e+02,
    1.30865100e+03, 5.19872070e+02, 1.32529785e+03, 5.39673889e+02,
    1.14958752e+03, 3.89414337e+02, 1.17074219e+03, 4.13823486e+02,
    1.19080579e+03, 4.37008667e+02, 1.21050488e+03, 4.59727356e+02,
    1.22899243e+03, 4.81191956e+02, 1.24758801e+03, 5.02694122e+02,
    1.26531287e+03, 5.23104797e+02, 1.28160059e+03, 5.41983398e+02,
    1.29826123e+03, 5.61092957e+02, 1.12059302e+03, 4.14991333e+02,
    1.14178979e+03, 4.38555969e+02, 1.16222681e+03, 4.61070312e+02,
    1.18180322e+03, 4.82764862e+02, 1.20126685e+03, 5.04421936e+02,
    1.21965173e+03, 5.24875977e+02, 1.23737683e+03, 5.44406799e+02,
    1.25498499e+03, 5.63787048e+02, 1.27140649e+03, 5.81957458e+02,
    1.09164148e+03, 4.39572540e+02, 1.11316345e+03, 4.62476105e+02,
    1.13383667e+03, 4.84509003e+02, 1.15359387e+03, 5.05436035e+02,
    1.17325000e+03, 5.26515381e+02, 1.19199402e+03, 5.46458557e+02,
    1.20999170e+03, 5.65324219e+02, 1.22785889e+03, 5.84392517e+02,
    1.24468457e+03, 6.02037354e+02 ]
