%YAML:1.0
points: [ 1.30502356e+03, 3.70313293e+02, 1.27002917e+03, 3.81953217e+02,
    1.23624463e+03, 3.93284180e+02, 1.20395898e+03, 4.03948547e+02,
    1.17285388e+03, 4.14363861e+02, 1.29296924e+03, 3.36361328e+02,
    1.25779834e+03, 3.48788483e+02, 1.22408850e+03, 3.60912506e+02,
    1.19187537e+03, 3.72226685e+02, 1.16073523e+03, 3.83223785e+02,
    1.28066504e+03, 3.01832184e+02, 1.24546875e+03, 3.15282654e+02,
    1.21190430e+03, 3.27868927e+02, 1.17965308e+03, 3.40063751e+02,
    1.14854480e+03, 3.51745758e+02, 1.26822681e+03, 2.66980347e+02,
    1.23294702e+03, 2.81188629e+02, 1.19955212e+03, 2.94513153e+02,
    1.16724744e+03, 3.07450287e+02, 1.13612207e+03, 3.19877075e+02,
    1.25566418e+03, 2.31500717e+02, 1.22042102e+03, 2.46558578e+02,
    1.18695996e+03, 2.60665894e+02, 1.15466052e+03, 2.74374146e+02,
    1.12349963e+03, 2.87544647e+02, 1.24291162e+03, 1.95451538e+02,
    1.20771802e+03, 2.11288391e+02, 1.17422839e+03, 2.26350021e+02,
    1.14197913e+03, 2.40757019e+02, 1.11083789e+03, 2.54677444e+02,
    1.23001135e+03, 1.58787781e+02, 1.19478931e+03, 1.75522263e+02,
    1.16128784e+03, 1.91404175e+02, 1.12895203e+03, 2.06712234e+02,
    1.09775171e+03, 2.21437790e+02 ]
