%YAML:1.0
points: [ 9.65813599e+02, 1.61252853e+02, 9.59373962e+02, 1.96815933e+02,
    9.52978027e+02, 2.31353989e+02, 9.47585266e+02, 2.65432648e+02,
    9.41189026e+02, 2.97814484e+02, 9.35661438e+02, 3.30087128e+02,
    9.29592468e+02, 3.60919037e+02, 9.24496460e+02, 3.91750336e+02,
    9.18882568e+02, 4.21306519e+02, 9.33667297e+02, 1.55477539e+02,
    9.27866638e+02, 1.91632980e+02, 9.21827148e+02, 2.26729385e+02,
    9.16682617e+02, 2.61282562e+02, 9.10581482e+02, 2.94169800e+02,
    9.05806702e+02, 3.27165955e+02, 9.00146851e+02, 3.58424042e+02,
    8.94802124e+02, 3.89144623e+02, 8.89769226e+02, 4.19139435e+02,
    9.01390625e+02, 1.49684555e+02, 8.95532532e+02, 1.86306061e+02,
    8.89956360e+02, 2.21909866e+02, 8.85259094e+02, 2.56879303e+02,
    8.79596130e+02, 2.90544983e+02, 8.75202393e+02, 3.23843048e+02,
    8.69845032e+02, 3.55698059e+02, 8.65007263e+02, 3.87032837e+02,
    8.59722534e+02, 4.17291870e+02, 8.67925781e+02, 1.43728317e+02,
    8.62663025e+02, 1.80952316e+02, 8.57248657e+02, 2.17040527e+02,
    8.52662048e+02, 2.52437485e+02, 8.47590088e+02, 2.86655334e+02,
    8.43425842e+02, 3.20412415e+02, 8.38677856e+02, 3.53155731e+02,
    8.33884766e+02, 3.84570557e+02, 8.29124878e+02, 4.14926056e+02,
    8.33270081e+02, 1.37373108e+02, 8.28736511e+02, 1.75374832e+02,
    8.23555847e+02, 2.11915695e+02, 8.18926270e+02, 2.47720642e+02,
    8.14585266e+02, 2.82572083e+02, 8.10886963e+02, 3.17136414e+02,
    8.06659302e+02, 3.50310547e+02, 8.02077759e+02, 3.81807831e+02,
    7.97600708e+02, 4.12676544e+02, 7.97754761e+02, 1.30792542e+02,
    7.93829224e+02, 1.69610504e+02, 7.89386353e+02, 2.07017761e+02,
    7.84935791e+02, 2.43156418e+02, 7.80866272e+02, 2.78459625e+02,
    7.77420227e+02, 3.13404968e+02, 7.73587891e+02, 3.46889191e+02,
    7.69342529e+02, 3.78989655e+02, 7.65371948e+02, 4.10540527e+02,
    7.61280334e+02, 1.24272568e+02, 7.57680908e+02, 1.63640991e+02,
    7.53930176e+02, 2.01731781e+02, 7.49803772e+02, 2.38568314e+02,
    7.46121033e+02, 2.74403748e+02, 7.43171082e+02, 3.09649658e+02,
    7.39346436e+02, 3.43641083e+02, 7.35631714e+02, 3.76210510e+02,
    7.32388977e+02, 4.08312897e+02, 7.23689453e+02, 1.17539635e+02,
    7.20654297e+02, 1.57350739e+02, 7.17405823e+02, 1.96194412e+02,
    7.13890747e+02, 2.33783630e+02, 7.10595215e+02, 2.70142853e+02,
    7.07679871e+02, 3.05911011e+02, 7.04664307e+02, 3.40373383e+02,
    7.01315796e+02, 3.73417633e+02, 6.98448120e+02, 4.06338013e+02,
    6.85157288e+02, 1.10344231e+02, 6.82366760e+02, 1.50813751e+02,
    6.79572388e+02, 1.90391418e+02, 6.76586182e+02, 2.28617981e+02,
    6.73996094e+02, 2.65548401e+02, 6.71412109e+02, 3.01984558e+02,
    6.68813843e+02, 3.37006042e+02, 6.65818054e+02, 3.70613586e+02,
    6.63664734e+02, 4.03715668e+02, 6.45284485e+02, 1.03133537e+02,
    6.42984619e+02, 1.44397919e+02, 6.40501343e+02, 1.84231140e+02,
    6.38323486e+02, 2.23125519e+02, 6.36208130e+02, 2.60951538e+02,
    6.33944824e+02, 2.97586823e+02, 6.31757446e+02, 3.33136169e+02,
    6.29634644e+02, 3.67652496e+02, 6.27520203e+02, 4.01262299e+02,
    6.03952393e+02, 9.55347061e+01, 6.02291138e+02, 1.37440140e+02,
    6.00515442e+02, 1.77945465e+02, 5.98585693e+02, 2.17340179e+02,
    5.96947266e+02, 2.55699585e+02, 5.95415100e+02, 2.92814667e+02,
    5.93628967e+02, 3.28879333e+02, 5.91954163e+02, 3.64363617e+02,
    5.90496216e+02, 3.98141968e+02 ]
