%YAML:1.0
points: [ 1.79563828e+02, 5.11601219e+01, 1.85293549e+02, 6.51406708e+01,
    1.91023224e+02, 7.90878754e+01, 1.96074539e+02, 9.31166611e+01,
    2.01845657e+02, 1.06667572e+02, 2.07038132e+02, 1.20339462e+02,
    2.12474838e+02, 1.33546768e+02, 2.17399841e+02, 1.46902069e+02,
    2.22742554e+02, 1.59789581e+02, 1.69689316e+02, 5.74088249e+01,
    1.75015961e+02, 7.12789230e+01, 1.80670074e+02, 8.49023895e+01,
    1.85724899e+02, 9.85336380e+01, 1.91471664e+02, 1.11861130e+02,
    1.96367661e+02, 1.25192024e+02, 2.01962112e+02, 1.38184189e+02,
    2.07194733e+02, 1.51134979e+02, 2.12220215e+02, 1.63757538e+02,
    1.59835220e+02, 6.35956268e+01, 1.65382599e+02, 7.70546722e+01,
    1.70909363e+02, 9.03895950e+01, 1.75882797e+02, 1.03789520e+02,
    1.81546173e+02, 1.16767914e+02, 1.86311584e+02, 1.29875610e+02,
    1.91679520e+02, 1.42578171e+02, 1.96876907e+02, 1.55270584e+02,
    2.02237640e+02, 1.67545395e+02, 1.50358414e+02, 6.94602737e+01,
    1.55687714e+02, 8.26727219e+01, 1.61291229e+02, 9.57231445e+01,
    1.66323746e+02, 1.08729393e+02, 1.71834854e+02, 1.21545029e+02,
    1.76576721e+02, 1.34372253e+02, 1.81742249e+02, 1.46918198e+02,
    1.87054977e+02, 1.59206207e+02, 1.92537354e+02, 1.71283524e+02,
    1.41322205e+02, 7.51977158e+01, 1.46301788e+02, 8.81259079e+01,
    1.52126312e+02, 1.00882324e+02, 1.57307892e+02, 1.13535995e+02,
    1.62577286e+02, 1.26150948e+02, 1.67189194e+02, 1.38716888e+02,
    1.72190720e+02, 1.51034973e+02, 1.77802719e+02, 1.62940979e+02,
    1.83061417e+02, 1.74885910e+02, 1.32622208e+02, 8.06624832e+01,
    1.37353668e+02, 9.32592010e+01, 1.43012085e+02, 1.05850212e+02,
    1.48411346e+02, 1.18246880e+02, 1.53622253e+02, 1.30520737e+02,
    1.58110474e+02, 1.42871979e+02, 1.63237228e+02, 1.54929138e+02,
    1.68812241e+02, 1.66641525e+02, 1.73880600e+02, 1.78302078e+02,
    1.24192291e+02, 8.59288635e+01, 1.28927124e+02, 9.83383942e+01,
    1.34070129e+02, 1.10637672e+02, 1.39561020e+02, 1.22858093e+02,
    1.44808823e+02, 1.34837936e+02, 1.49348663e+02, 1.46920898e+02,
    1.54537491e+02, 1.58682587e+02, 1.60082565e+02, 1.70192276e+02,
    1.65078888e+02, 1.81723755e+02, 1.15927666e+02, 9.11432800e+01,
    1.20759506e+02, 1.03169678e+02, 1.25870300e+02, 1.15277161e+02,
    1.30997009e+02, 1.27222847e+02, 1.36320221e+02, 1.39061523e+02,
    1.40973953e+02, 1.50812408e+02, 1.46123901e+02, 1.62371811e+02,
    1.51563568e+02, 1.73630035e+02, 1.56303574e+02, 1.85060486e+02,
    1.08132568e+02, 9.60082550e+01, 1.12856071e+02, 1.07893379e+02,
    1.18072220e+02, 1.19671669e+02, 1.22918297e+02, 1.31473358e+02,
    1.28206070e+02, 1.42990051e+02, 1.32867737e+02, 1.54566727e+02,
    1.37816223e+02, 1.65936737e+02, 1.43200607e+02, 1.77044037e+02,
    1.47962601e+02, 1.88183258e+02, 1.00479240e+02, 1.00770317e+02,
    1.05373795e+02, 1.12312904e+02, 1.10460442e+02, 1.24049561e+02,
    1.15626884e+02, 1.35343781e+02, 1.20317207e+02, 1.46891510e+02,
    1.25285995e+02, 1.58133530e+02, 1.30395660e+02, 1.69231049e+02,
    1.35107346e+02, 1.80257355e+02, 1.40150452e+02, 1.91257553e+02,
    9.34269333e+01, 1.05322144e+02, 9.83357162e+01, 1.16805580e+02,
    1.03240028e+02, 1.28110245e+02, 1.08417267e+02, 1.39311661e+02,
    1.13134056e+02, 1.50426849e+02, 1.18143051e+02, 1.61562424e+02,
    1.23223671e+02, 1.72357391e+02, 1.27785912e+02, 1.83402863e+02,
    1.32788315e+02, 1.93942764e+02 ]
