%YAML:1.0
points: [ 1.44777344e+03, 2.87117805e+01, 1.46860706e+03, 6.22484894e+01,
    1.48873401e+03, 9.43383179e+01, 1.50991772e+03, 1.25518822e+02,
    1.52801123e+03, 1.55380463e+02, 1.54736658e+03, 1.84506760e+02,
    1.56449268e+03, 2.12532501e+02, 1.58279688e+03, 2.39780319e+02,
    1.59900073e+03, 2.65888336e+02, 1.41336621e+03, 6.36660767e+01,
    1.43530042e+03, 9.62160034e+01, 1.45570972e+03, 1.27479996e+02,
    1.47727563e+03, 1.57884079e+02, 1.49575525e+03, 1.86938034e+02,
    1.51614600e+03, 2.15428223e+02, 1.53343213e+03, 2.42620316e+02,
    1.55111768e+03, 2.69067078e+02, 1.56840247e+03, 2.94635986e+02,
    1.38024438e+03, 9.77234039e+01, 1.40189612e+03, 1.29431442e+02,
    1.42330737e+03, 1.59928955e+02, 1.44492407e+03, 1.89593979e+02,
    1.46421008e+03, 2.17910507e+02, 1.48503760e+03, 2.45745270e+02,
    1.50330005e+03, 2.72416962e+02, 1.52153247e+03, 2.98260956e+02,
    1.53814465e+03, 3.22897186e+02, 1.34771350e+03, 1.31645538e+02,
    1.37018604e+03, 1.62578384e+02, 1.39116895e+03, 1.92079041e+02,
    1.41291309e+03, 2.20983215e+02, 1.43287524e+03, 2.48620895e+02,
    1.45412183e+03, 2.75847229e+02, 1.47342065e+03, 3.01940918e+02,
    1.49144751e+03, 3.26964478e+02, 1.50814014e+03, 3.50919739e+02,
    1.31493030e+03, 1.65000549e+02, 1.33868103e+03, 1.95012955e+02,
    1.35972876e+03, 2.23737686e+02, 1.38120813e+03, 2.51763077e+02,
    1.40204492e+03, 2.78870209e+02, 1.42378320e+03, 3.05520142e+02,
    1.44356848e+03, 3.30999054e+02, 1.46105591e+03, 3.54934570e+02,
    1.47862610e+03, 3.78506134e+02, 1.28338232e+03, 1.97773514e+02,
    1.30753296e+03, 2.27268585e+02, 1.32943884e+03, 2.55232315e+02,
    1.35052026e+03, 2.82292999e+02, 1.37172046e+03, 3.08642731e+02,
    1.39363013e+03, 3.34624512e+02, 1.41350195e+03, 3.59417145e+02,
    1.43133765e+03, 3.82662994e+02, 1.44966589e+03, 4.05662720e+02,
    1.25208044e+03, 2.30284332e+02, 1.27646875e+03, 2.58743835e+02,
    1.29940979e+03, 2.86249969e+02, 1.32071924e+03, 3.12506134e+02,
    1.34188867e+03, 3.38077515e+02, 1.36381470e+03, 3.63407532e+02,
    1.38378833e+03, 3.87400452e+02, 1.40222583e+03, 4.10067780e+02,
    1.42096814e+03, 4.32525635e+02, 1.22154590e+03, 2.61863647e+02,
    1.24605945e+03, 2.89683533e+02, 1.26926440e+03, 3.16429962e+02,
    1.29175842e+03, 3.42357086e+02, 1.31283887e+03, 3.67026093e+02,
    1.33474548e+03, 3.91638062e+02, 1.35511182e+03, 4.15134216e+02,
    1.37370276e+03, 4.37085175e+02, 1.39346875e+03, 4.59372498e+02,
    1.19148926e+03, 2.92996918e+02, 1.21619324e+03, 3.20159180e+02,
    1.23954370e+03, 3.46025055e+02, 1.26253552e+03, 3.71406189e+02,
    1.28403882e+03, 3.95465546e+02, 1.30596130e+03, 4.19414093e+02,
    1.32669128e+03, 4.42270294e+02, 1.34598450e+03, 4.63787323e+02,
    1.36574573e+03, 4.85359619e+02, 1.16211377e+03, 3.23684174e+02,
    1.18664880e+03, 3.49832123e+02, 1.21029150e+03, 3.74996521e+02,
    1.23315356e+03, 3.99478607e+02, 1.25574109e+03, 4.23457123e+02,
    1.27738477e+03, 4.46442413e+02, 1.29804150e+03, 4.68415710e+02,
    1.31863770e+03, 4.90240662e+02, 1.33804053e+03, 5.10757324e+02,
    1.13246985e+03, 3.53461731e+02, 1.15728015e+03, 3.78880371e+02,
    1.18138123e+03, 4.03495148e+02, 1.20426086e+03, 4.26951141e+02,
    1.22718494e+03, 4.50441223e+02, 1.24891345e+03, 4.72689362e+02,
    1.26977185e+03, 4.94002686e+02, 1.29063147e+03, 5.15468811e+02,
    1.31029248e+03, 5.35441711e+02 ]
