%YAML:1.0
points: [ 4.58768005e+02, 3.05418968e+01, 4.65230927e+02, 4.13542862e+01,
    4.71661957e+02, 5.23150711e+01, 4.78160553e+02, 6.26267853e+01,
    4.83795898e+02, 7.28815155e+01, 4.89455811e+02, 8.26561127e+01,
    4.94809448e+02, 9.23189774e+01, 5.00153534e+02, 1.01446922e+02,
    5.05061737e+02, 1.10440224e+02, 4.48311432e+02, 4.07012596e+01,
    4.55481354e+02, 5.18180542e+01, 4.61705414e+02, 6.22270660e+01,
    4.68548279e+02, 7.26818237e+01, 4.74081512e+02, 8.25059891e+01,
    4.80544098e+02, 9.23590546e+01, 4.85524963e+02, 1.01552589e+02,
    4.91011810e+02, 1.10738464e+02, 4.95943390e+02, 1.19504318e+02,
    4.38189545e+02, 5.14101143e+01, 4.44956787e+02, 6.20395355e+01,
    4.51755554e+02, 7.26305008e+01, 4.58320129e+02, 8.26483765e+01,
    4.64440247e+02, 9.25186234e+01, 4.70813995e+02, 1.02041351e+02,
    4.76521881e+02, 1.11299461e+02, 4.81875580e+02, 1.20100739e+02,
    4.86966370e+02, 1.28703262e+02, 4.27588867e+02, 6.21016846e+01,
    4.34805725e+02, 7.27925415e+01, 4.41318634e+02, 8.28635635e+01,
    4.48288422e+02, 9.29410477e+01, 4.54427612e+02, 1.02379974e+02,
    4.61217560e+02, 1.11900131e+02, 4.67018219e+02, 1.20950653e+02,
    4.72573456e+02, 1.29629211e+02, 4.77342194e+02, 1.37842163e+02,
    4.16832397e+02, 7.30742645e+01, 4.24322876e+02, 8.33438263e+01,
    4.30999054e+02, 9.33592606e+01, 4.37682129e+02, 1.03081932e+02,
    4.44334442e+02, 1.12556313e+02, 4.51190247e+02, 1.21761269e+02,
    4.57410278e+02, 1.30688522e+02, 4.62536835e+02, 1.38869705e+02,
    4.68087036e+02, 1.47171509e+02, 4.05945435e+02, 8.40348282e+01,
    4.13841980e+02, 9.42063370e+01, 4.20697235e+02, 1.04021141e+02,
    4.27357605e+02, 1.13392296e+02, 4.34148743e+02, 1.22516220e+02,
    4.41224945e+02, 1.31661774e+02, 4.47324280e+02, 1.40227936e+02,
    4.52827057e+02, 1.48408173e+02, 4.58294586e+02, 1.56326706e+02,
    3.95183105e+02, 9.50584793e+01, 4.03051758e+02, 1.04936989e+02,
    4.10449463e+02, 1.14570389e+02, 4.17223083e+02, 1.23671356e+02,
    4.23956635e+02, 1.32662781e+02, 4.30978302e+02, 1.41421249e+02,
    4.37250305e+02, 1.49811844e+02, 4.42873138e+02, 1.57736801e+02,
    4.48807526e+02, 1.65496475e+02, 3.84440582e+02, 1.05901688e+02,
    3.92444305e+02, 1.15547836e+02, 3.99886841e+02, 1.24925049e+02,
    4.07175629e+02, 1.34015305e+02, 4.13825195e+02, 1.42567917e+02,
    4.20943359e+02, 1.51160706e+02, 4.27284851e+02, 1.59332489e+02,
    4.33206696e+02, 1.67087219e+02, 4.39313446e+02, 1.74860535e+02,
    3.73744995e+02, 1.16712997e+02, 3.81803711e+02, 1.26142159e+02,
    3.89318054e+02, 1.35194473e+02, 3.96756317e+02, 1.44121490e+02,
    4.03715851e+02, 1.52418488e+02, 4.10756409e+02, 1.60816574e+02,
    4.17479248e+02, 1.68787888e+02, 4.23500183e+02, 1.76315384e+02,
    4.29801575e+02, 1.83830902e+02, 3.63199219e+02, 1.27399696e+02,
    3.71206360e+02, 1.36521057e+02, 3.78824341e+02, 1.45337006e+02,
    3.86258453e+02, 1.53831802e+02, 3.93549866e+02, 1.62201706e+02,
    4.00619263e+02, 1.70207047e+02, 4.07232269e+02, 1.77904556e+02,
    4.13964172e+02, 1.85503433e+02, 4.20085571e+02, 1.92680832e+02,
    3.52572601e+02, 1.37833679e+02, 3.60548798e+02, 1.46718033e+02,
    3.68461914e+02, 1.55258118e+02, 3.75887512e+02, 1.63467987e+02,
    3.83338470e+02, 1.71549377e+02, 3.90347076e+02, 1.79400757e+02,
    3.97117950e+02, 1.86860962e+02, 4.03920898e+02, 1.94304794e+02,
    4.10262512e+02, 2.01283966e+02 ]
