%YAML:1.0
points: [ 1.35378882e+03, 3.50930817e+02, 1.31563318e+03, 3.53491486e+02,
    1.27865662e+03, 3.56068024e+02, 1.24325476e+03, 3.58433289e+02,
    1.20889148e+03, 3.60753784e+02, 1.35334802e+03, 3.13637299e+02,
    1.31482397e+03, 3.16898987e+02, 1.27760938e+03, 3.20148499e+02,
    1.24193152e+03, 3.23128235e+02, 1.20732056e+03, 3.26009186e+02,
    1.35292212e+03, 2.75555206e+02, 1.31403320e+03, 2.79597076e+02,
    1.27664514e+03, 2.83453766e+02, 1.24060901e+03, 2.87176392e+02,
    1.20573218e+03, 2.90731537e+02, 1.35248022e+03, 2.36860977e+02,
    1.31326794e+03, 2.41692352e+02, 1.27564600e+03, 2.46251083e+02,
    1.23928625e+03, 2.50643295e+02, 1.20410828e+03, 2.54813812e+02,
    1.35211902e+03, 1.97541885e+02, 1.31255872e+03, 2.02993942e+02,
    1.27464148e+03, 2.08298676e+02, 1.23797351e+03, 2.13418854e+02,
    1.20244189e+03, 2.18266098e+02, 1.35177124e+03, 1.57378891e+02,
    1.31185486e+03, 1.63576080e+02, 1.27359143e+03, 1.69637695e+02,
    1.23661621e+03, 1.75437256e+02, 1.20088953e+03, 1.81001419e+02,
    1.35136230e+03, 1.16480911e+02, 1.31111597e+03, 1.23441132e+02,
    1.27255872e+03, 1.30328979e+02, 1.23523132e+03, 1.36846115e+02,
    1.19912341e+03, 1.43074677e+02 ]
