%YAML:1.0
points: [ 2.39510010e+02, 2.31072083e+02, 2.31979141e+02, 2.24073029e+02,
    2.24123367e+02, 2.17020782e+02, 2.16080368e+02, 2.09433258e+02,
    2.07544968e+02, 2.01624237e+02, 2.48183792e+02, 2.29736237e+02,
    2.40666794e+02, 2.22612854e+02, 2.32713913e+02, 2.15408218e+02,
    2.24590851e+02, 2.07592972e+02, 2.16161835e+02, 1.99532761e+02,
    2.57340637e+02, 2.28358215e+02, 2.49705811e+02, 2.21242996e+02,
    2.41884048e+02, 2.13478088e+02, 2.33726517e+02, 2.05707962e+02,
    2.25255005e+02, 1.97394073e+02, 2.66940704e+02, 2.26938141e+02,
    2.59226013e+02, 2.19824219e+02, 2.51443481e+02, 2.11626404e+02,
    2.43251068e+02, 2.03586105e+02, 2.34773560e+02, 1.95110596e+02,
    2.76789642e+02, 2.25476303e+02, 2.69209106e+02, 2.18102600e+02,
    2.61449890e+02, 2.09812729e+02, 2.53279785e+02, 2.01435120e+02,
    2.44701477e+02, 1.92793335e+02, 2.87308624e+02, 2.23979187e+02,
    2.79678589e+02, 2.16319824e+02, 2.71903625e+02, 2.07888199e+02,
    2.63799896e+02, 1.99226776e+02, 2.55199844e+02, 1.90298691e+02,
    2.98356415e+02, 2.22405533e+02, 2.90712860e+02, 2.14516144e+02,
    2.82958405e+02, 2.05813370e+02, 2.74836365e+02, 1.96955627e+02,
    2.66192810e+02, 1.87861267e+02 ]
