%YAML:1.0
points: [ 1.30104626e+03, 9.05731079e+02, 1.25618982e+03, 9.18722229e+02,
    1.21144580e+03, 9.32187378e+02, 1.16606543e+03, 9.45000122e+02,
    1.12067590e+03, 9.58430176e+02, 1.29856897e+03, 8.71105103e+02,
    1.25311719e+03, 8.84211609e+02, 1.20716541e+03, 8.98030640e+02,
    1.16087891e+03, 9.10913757e+02, 1.11460498e+03, 9.24318420e+02,
    1.29623425e+03, 8.34985168e+02, 1.24992310e+03, 8.48777893e+02,
    1.20278113e+03, 8.61807190e+02, 1.15568835e+03, 8.75366150e+02,
    1.10837036e+03, 8.89127197e+02, 1.29383899e+03, 7.97435974e+02,
    1.24661487e+03, 8.11875916e+02, 1.19843323e+03, 8.24476379e+02,
    1.15027930e+03, 8.38329224e+02, 1.10193604e+03, 8.52309753e+02,
    1.29150684e+03, 7.58368530e+02, 1.24319751e+03, 7.72976624e+02,
    1.19392896e+03, 7.85962402e+02, 1.14474011e+03, 7.99795227e+02,
    1.09542700e+03, 8.14315674e+02, 1.28901172e+03, 7.17596741e+02,
    1.23963660e+03, 7.32258057e+02, 1.18932788e+03, 7.45781982e+02,
    1.13903076e+03, 7.59664795e+02, 1.08843091e+03, 7.74345093e+02,
    1.28642981e+03, 6.74989929e+02, 1.23595886e+03, 6.89932739e+02,
    1.18452747e+03, 7.03558044e+02, 1.13314209e+03, 7.17959351e+02,
    1.08158862e+03, 7.33078247e+02 ]
