%YAML:1.0
points: [ 3.98492249e+02, 3.29932129e+02, 3.83032501e+02, 3.34602386e+02,
    3.67705811e+02, 3.39395111e+02, 3.52004944e+02, 3.43941589e+02,
    3.36275238e+02, 3.48680481e+02, 3.98265015e+02, 3.18067688e+02,
    3.82623108e+02, 3.22760620e+02, 3.66863770e+02, 3.27699066e+02,
    3.50798248e+02, 3.32211914e+02, 3.34728790e+02, 3.36924072e+02,
    3.98116669e+02, 3.05601257e+02, 3.82168304e+02, 3.10528900e+02,
    3.65916443e+02, 3.15165558e+02, 3.49534149e+02, 3.19969116e+02,
    3.33144012e+02, 3.24734711e+02, 3.97937683e+02, 2.92625580e+02,
    3.81687897e+02, 2.97781677e+02, 3.64931305e+02, 3.02210175e+02,
    3.48231232e+02, 3.07073212e+02, 3.31435699e+02, 3.11939789e+02,
    3.97762848e+02, 2.79102112e+02, 3.81132202e+02, 2.84244812e+02,
    3.63977264e+02, 2.88801392e+02, 3.46872559e+02, 2.93632568e+02,
    3.29752441e+02, 2.98699982e+02, 3.97550507e+02, 2.64923065e+02,
    3.80501343e+02, 2.70087341e+02, 3.63031982e+02, 2.74822693e+02,
    3.45446106e+02, 2.79677368e+02, 3.27908905e+02, 2.84741058e+02,
    3.97338684e+02, 2.50080200e+02, 3.79859863e+02, 2.55330078e+02,
    3.61983856e+02, 2.60098541e+02, 3.44040070e+02, 2.65102631e+02,
    3.26140503e+02, 2.70370178e+02 ]
