%YAML:1.0
points: [ 3.57013184e+02, 5.48247375e+02, 3.43572083e+02, 5.13507019e+02,
    3.31540131e+02, 4.77414825e+02, 3.17538849e+02, 4.40951935e+02,
    3.03975189e+02, 4.03314667e+02, 2.91301483e+02, 3.64596191e+02,
    2.76435394e+02, 3.25275116e+02, 2.62256287e+02, 2.84863983e+02,
    2.47730453e+02, 2.43509720e+02, 3.80274689e+02, 5.49370483e+02,
    3.67219147e+02, 5.14094421e+02, 3.54859436e+02, 4.77534515e+02,
    3.41152161e+02, 4.40385590e+02, 3.27750336e+02, 4.02263641e+02,
    3.15170929e+02, 3.62577789e+02, 3.00714294e+02, 3.22561676e+02,
    2.86136444e+02, 2.81424347e+02, 2.71715332e+02, 2.39145920e+02,
    4.05203522e+02, 5.50227173e+02, 3.93426483e+02, 5.14045105e+02,
    3.79260864e+02, 4.77611206e+02, 3.66068573e+02, 4.39717834e+02,
    3.54107056e+02, 4.00469696e+02, 3.39516541e+02, 3.60680206e+02,
    3.26319092e+02, 3.19454437e+02, 3.11686310e+02, 2.77556396e+02,
    2.98590576e+02, 2.34370544e+02, 4.31912750e+02, 5.50838013e+02,
    4.20634430e+02, 5.13984619e+02, 4.05903229e+02, 4.77231903e+02,
    3.92975708e+02, 4.38705170e+02, 3.81257355e+02, 3.98605042e+02,
    3.66875702e+02, 3.58407806e+02, 3.52884186e+02, 3.16541046e+02,
    3.38914185e+02, 2.73635895e+02, 3.25720703e+02, 2.29507248e+02,
    4.60377136e+02, 5.51032715e+02, 4.48146606e+02, 5.14045471e+02,
    4.33948303e+02, 4.76667358e+02, 4.20818054e+02, 4.37627899e+02,
    4.09789612e+02, 3.96773926e+02, 3.95977966e+02, 3.55575378e+02,
    3.81123566e+02, 3.13324066e+02, 3.67112183e+02, 2.69682678e+02,
    3.54339569e+02, 2.24521820e+02, 4.88696594e+02, 5.51762146e+02,
    4.76404999e+02, 5.14281860e+02, 4.62200409e+02, 4.76458740e+02,
    4.49602203e+02, 4.36446686e+02, 4.39006836e+02, 3.94824951e+02,
    4.26092804e+02, 3.52658173e+02, 4.11415100e+02, 3.09626251e+02,
    3.96459320e+02, 2.65444366e+02, 3.83843475e+02, 2.19432663e+02,
    5.17995056e+02, 5.52579346e+02, 5.05438965e+02, 5.14568787e+02,
    4.91598083e+02, 4.76084259e+02, 4.79502258e+02, 4.35230408e+02,
    4.69248688e+02, 3.92893005e+02, 4.55997620e+02, 3.50266846e+02,
    4.42770874e+02, 3.06143494e+02, 4.27292786e+02, 2.61048279e+02,
    4.14345886e+02, 2.14180206e+02, 5.48290527e+02, 5.53492493e+02,
    5.35148010e+02, 5.15168030e+02, 5.22524658e+02, 4.75483032e+02,
    5.10504669e+02, 4.34027313e+02, 4.99927795e+02, 3.91214905e+02,
    4.86464996e+02, 3.47604950e+02, 4.74286011e+02, 3.02481476e+02,
    4.59518066e+02, 2.56405518e+02, 4.45271912e+02, 2.08765503e+02,
    5.79324402e+02, 5.54260559e+02, 5.66792297e+02, 5.15303101e+02,
    5.55324219e+02, 4.74614990e+02, 5.42721680e+02, 4.32862061e+02,
    5.32362122e+02, 3.88972473e+02, 5.18372070e+02, 3.44952637e+02,
    5.06706696e+02, 2.98663788e+02, 4.93155487e+02, 2.51589981e+02,
    4.78727875e+02, 2.03153122e+02, 6.11263062e+02, 5.55234802e+02,
    6.00300415e+02, 5.14874939e+02, 5.88654907e+02, 4.73675873e+02,
    5.75897461e+02, 4.31426849e+02, 5.65378906e+02, 3.86900482e+02,
    5.51473816e+02, 3.42145966e+02, 5.40117981e+02, 2.95165344e+02,
    5.26073975e+02, 2.46956757e+02, 5.12806213e+02, 1.97493240e+02,
    6.44355408e+02, 5.55949219e+02, 6.32941284e+02, 5.15660217e+02,
    6.22936890e+02, 4.72883118e+02, 6.10690857e+02, 4.29839569e+02,
    5.99649963e+02, 3.84840454e+02, 5.86087891e+02, 3.39276093e+02,
    5.75256592e+02, 2.91237549e+02, 5.61436157e+02, 2.42158752e+02,
    5.47508606e+02, 1.91442871e+02 ]
