%YAML:1.0
points: [ 3.91954254e+02, 3.43616241e+02, 3.77734222e+02, 3.47642059e+02,
    3.63462158e+02, 3.51896057e+02, 3.48836945e+02, 3.55845520e+02,
    3.34107758e+02, 3.59989716e+02, 3.93609131e+02, 3.34189148e+02,
    3.79028290e+02, 3.38271576e+02, 3.64476593e+02, 3.42645630e+02,
    3.49560791e+02, 3.46476624e+02, 3.34389954e+02, 3.50680878e+02,
    3.95358124e+02, 3.24174286e+02, 3.80579437e+02, 3.28554932e+02,
    3.65440979e+02, 3.32514069e+02, 3.50235443e+02, 3.36778748e+02,
    3.34685883e+02, 3.41006958e+02, 3.97188873e+02, 3.13703217e+02,
    3.82258667e+02, 3.18303558e+02, 3.66488525e+02, 3.22052277e+02,
    3.50859100e+02, 3.26333740e+02, 3.34997955e+02, 3.30680725e+02,
    3.99235779e+02, 3.02777802e+02, 3.83765320e+02, 3.07328430e+02,
    3.67657288e+02, 3.11212463e+02, 3.51568878e+02, 3.15449310e+02,
    3.35369171e+02, 3.19930450e+02, 4.01279785e+02, 2.91192535e+02,
    3.85369354e+02, 2.95737213e+02, 3.68940277e+02, 2.99795990e+02,
    3.52397278e+02, 3.03997009e+02, 3.35674835e+02, 3.08523254e+02,
    4.03446320e+02, 2.78965088e+02, 3.87127716e+02, 2.83551605e+02,
    3.70231293e+02, 2.87644745e+02, 3.53250092e+02, 2.92026123e+02,
    3.36213257e+02, 2.96679016e+02 ]
