%YAML:1.0
points: [ 1.56959442e+02, 8.17256546e+01, 1.61080109e+02, 9.93000793e+01,
    1.65139908e+02, 1.16376541e+02, 1.68340897e+02, 1.33158661e+02,
    1.72428024e+02, 1.49071320e+02, 1.75722443e+02, 1.64792709e+02,
    1.79422760e+02, 1.79691071e+02, 1.82356201e+02, 1.94653091e+02,
    1.85760086e+02, 2.08752716e+02, 1.44039581e+02, 8.38845444e+01,
    1.48007141e+02, 1.01154137e+02, 1.52116440e+02, 1.17776466e+02,
    1.55492386e+02, 1.34253998e+02, 1.59764511e+02, 1.49791779e+02,
    1.62912308e+02, 1.65326279e+02, 1.66739670e+02, 1.79860489e+02,
    1.70229996e+02, 1.94445221e+02, 1.73516190e+02, 2.08468399e+02,
    1.31434784e+02, 8.60384827e+01, 1.35681732e+02, 1.02689255e+02,
    1.39747147e+02, 1.19154594e+02, 1.43234421e+02, 1.35195312e+02,
    1.47500610e+02, 1.50537170e+02, 1.50662231e+02, 1.65778580e+02,
    1.54427658e+02, 1.80291718e+02, 1.58041565e+02, 1.94589600e+02,
    1.61767365e+02, 2.08028275e+02, 1.19171295e+02, 8.80560226e+01,
    1.23304756e+02, 1.04311584e+02, 1.27666229e+02, 1.20409966e+02,
    1.31425980e+02, 1.36119125e+02, 1.35550003e+02, 1.51251129e+02,
    1.38788437e+02, 1.66171753e+02, 1.42468292e+02, 1.80678925e+02,
    1.46363235e+02, 1.94534637e+02, 1.50359787e+02, 2.07733612e+02,
    1.07690765e+02, 8.99155655e+01, 1.11367790e+02, 1.06085571e+02,
    1.16131279e+02, 1.21694458e+02, 1.20135651e+02, 1.36919388e+02,
    1.24149643e+02, 1.51878357e+02, 1.27235878e+02, 1.66694107e+02,
    1.30990433e+02, 1.80757584e+02, 1.35319733e+02, 1.94256439e+02,
    1.39237473e+02, 2.07505707e+02, 9.64652557e+01, 9.19472809e+01,
    1.00094124e+02, 1.07728096e+02, 1.04626389e+02, 1.23014267e+02,
    1.09088005e+02, 1.37926208e+02, 1.13054161e+02, 1.52647552e+02,
    1.16269897e+02, 1.66946411e+02, 1.20128349e+02, 1.80806824e+02,
    1.24626480e+02, 1.94049088e+02, 1.28303497e+02, 2.07081589e+02,
    8.57559509e+01, 9.38191147e+01, 8.93386993e+01, 1.09249084e+02,
    9.35165100e+01, 1.24309189e+02, 9.80974274e+01, 1.38916687e+02,
    1.02299095e+02, 1.53267822e+02, 1.05615677e+02, 1.67555710e+02,
    1.09703056e+02, 1.80862122e+02, 1.14206924e+02, 1.93958954e+02,
    1.17946411e+02, 2.06797745e+02, 7.53782730e+01, 9.57982407e+01,
    7.91843033e+01, 1.10832634e+02, 8.32630615e+01, 1.25591965e+02,
    8.73990479e+01, 1.39954544e+02, 9.19593506e+01, 1.53973068e+02,
    9.54187088e+01, 1.67764542e+02, 9.94792328e+01, 1.81246597e+02,
    1.04032486e+02, 1.93961868e+02, 1.07592224e+02, 2.06795868e+02,
    6.55722885e+01, 9.74995804e+01, 6.93129578e+01, 1.12330193e+02,
    7.36013641e+01, 1.26604622e+02, 7.74691238e+01, 1.40855698e+02,
    8.19594193e+01, 1.54653076e+02, 8.55892792e+01, 1.68227798e+02,
    8.96969452e+01, 1.81425064e+02, 9.41684265e+01, 1.93998032e+02,
    9.78555984e+01, 2.06649841e+02, 5.61109200e+01, 9.94961319e+01,
    6.00890694e+01, 1.13700630e+02, 6.42595596e+01, 1.27831841e+02,
    6.86002960e+01, 1.41554520e+02, 7.24287109e+01, 1.55344315e+02,
    7.65070496e+01, 1.68579666e+02, 8.07498703e+01, 1.81428436e+02,
    8.44906387e+01, 1.93966446e+02, 8.86497955e+01, 2.06461685e+02,
    4.73607750e+01, 1.01043915e+02, 5.14763298e+01, 1.15165337e+02,
    5.55495949e+01, 1.28902618e+02, 5.99983559e+01, 1.42522537e+02,
    6.37059669e+01, 1.55720245e+02, 6.78830719e+01, 1.68798157e+02,
    7.22056274e+01, 1.81382706e+02, 7.58645401e+01, 1.93882614e+02,
    8.01135330e+01, 2.05826096e+02 ]
