%YAML:1.0
points: [ 4.03697205e+02, 3.20689514e+02, 3.86071808e+02, 3.18488068e+02,
    3.68905243e+02, 3.16434570e+02, 3.52107666e+02, 3.14098389e+02,
    3.35692505e+02, 3.11956238e+02, 4.05210571e+02, 3.10450806e+02,
    3.87046265e+02, 3.08329651e+02, 3.69327484e+02, 3.06382172e+02,
    3.52123322e+02, 3.04158661e+02, 3.35280365e+02, 3.02000946e+02,
    4.06924500e+02, 2.99582275e+02, 3.88137177e+02, 2.97781708e+02,
    3.69858917e+02, 2.95566437e+02, 3.52125000e+02, 2.93609528e+02,
    3.34879974e+02, 2.91583099e+02, 4.08581268e+02, 2.88119995e+02,
    3.89263367e+02, 2.86612152e+02, 3.70542297e+02, 2.84282410e+02,
    3.52135773e+02, 2.82418671e+02, 3.34336792e+02, 2.80522644e+02,
    4.10434326e+02, 2.76009979e+02, 3.90448273e+02, 2.74584320e+02,
    3.71052002e+02, 2.72428223e+02, 3.52156982e+02, 2.70652679e+02,
    3.33927063e+02, 2.69016907e+02, 4.12355438e+02, 2.63174438e+02,
    3.91786224e+02, 2.61824432e+02, 3.71713135e+02, 2.59932678e+02,
    3.52217590e+02, 2.58177948e+02, 3.33403076e+02, 2.56742218e+02,
    4.14424438e+02, 2.49397217e+02, 3.93119019e+02, 2.48272049e+02,
    3.72351654e+02, 2.46516510e+02, 3.52246826e+02, 2.45081619e+02,
    3.32844604e+02, 2.43879776e+02 ]
