%YAML:1.0
points: [ 1.00394287e+03, 2.59250580e+02, 1.01423004e+03, 2.94634277e+02,
    1.02379083e+03, 3.28507782e+02, 1.03371021e+03, 3.61753693e+02,
    1.04253040e+03, 3.92137482e+02, 1.05149475e+03, 4.22294464e+02,
    1.05947485e+03, 4.50373871e+02, 1.06779077e+03, 4.78254791e+02,
    1.07517517e+03, 5.03862122e+02, 9.65695190e+02, 2.73790588e+02,
    9.77120117e+02, 3.09394257e+02, 9.87665100e+02, 3.42667908e+02,
    9.98432861e+02, 3.75633698e+02, 1.00773315e+03, 4.05612671e+02,
    1.01778839e+03, 4.35888580e+02, 1.02646118e+03, 4.63477234e+02,
    1.03505627e+03, 4.90422180e+02, 1.04344019e+03, 5.16376892e+02,
    9.28117859e+02, 2.88607330e+02, 9.40149841e+02, 3.23406067e+02,
    9.51638855e+02, 3.56755676e+02, 9.63266541e+02, 3.89323395e+02,
    9.73500610e+02, 4.19245605e+02, 9.84247131e+02, 4.49340210e+02,
    9.93661255e+02, 4.76971313e+02, 1.00303271e+03, 5.03725189e+02,
    1.01164453e+03, 5.28716003e+02, 8.90353882e+02, 3.03775269e+02,
    9.03409058e+02, 3.38378204e+02, 9.15591248e+02, 3.70853577e+02,
    9.27643921e+02, 4.03007019e+02, 9.38945618e+02, 4.32830078e+02,
    9.50383179e+02, 4.62694031e+02, 9.60756836e+02, 4.90571320e+02,
    9.70670105e+02, 5.16619141e+02, 9.79789307e+02, 5.41169922e+02,
    8.52425964e+02, 3.18442780e+02, 8.66662659e+02, 3.53301483e+02,
    8.79509338e+02, 3.85157471e+02, 8.92346069e+02, 4.16441345e+02,
    9.04483582e+02, 4.46392273e+02, 9.16591125e+02, 4.76253143e+02,
    9.27734802e+02, 5.03839600e+02, 9.38141113e+02, 5.28925232e+02,
    9.48150513e+02, 5.53463440e+02, 8.14712769e+02, 3.33359955e+02,
    8.29740906e+02, 3.68102905e+02, 8.43734863e+02, 3.99977020e+02,
    8.57070679e+02, 4.30365784e+02, 8.69984619e+02, 4.59991638e+02,
    8.82781494e+02, 4.89544220e+02, 8.94605530e+02, 5.16641113e+02,
    9.05551575e+02, 5.41463806e+02, 9.16427795e+02, 5.66089294e+02,
    7.76953735e+02, 3.48288391e+02, 7.92770813e+02, 3.82597351e+02,
    8.07754944e+02, 4.14681885e+02, 8.21932922e+02, 4.44700165e+02,
    8.35566895e+02, 4.73729797e+02, 8.48970703e+02, 5.02856323e+02,
    8.61466064e+02, 5.29440796e+02, 8.73191345e+02, 5.53924011e+02,
    8.84592529e+02, 5.78484985e+02, 7.39193787e+02, 3.63255951e+02,
    7.55882874e+02, 3.97087341e+02, 7.71754578e+02, 4.28972321e+02,
    7.86968811e+02, 4.59258026e+02, 8.01291077e+02, 4.87621674e+02,
    8.15275513e+02, 5.16215088e+02, 8.28491943e+02, 5.42598022e+02,
    8.40964111e+02, 5.66800720e+02, 8.53271118e+02, 5.91627563e+02,
    7.01440430e+02, 3.78131134e+02, 7.18953918e+02, 4.11446289e+02,
    7.35668945e+02, 4.42728424e+02, 7.51670898e+02, 4.73238129e+02,
    7.66885803e+02, 5.01302338e+02, 7.81546753e+02, 5.29403137e+02,
    7.95499146e+02, 5.55521912e+02, 8.08668274e+02, 5.79703125e+02,
    8.21582458e+02, 6.04160400e+02, 6.63538452e+02, 3.93103760e+02,
    6.82065735e+02, 4.25717621e+02, 6.99611694e+02, 4.56669220e+02,
    7.16443176e+02, 4.86033447e+02, 7.32434998e+02, 5.14974731e+02,
    7.47834045e+02, 5.42093445e+02, 7.62403015e+02, 5.67619751e+02,
    7.76580200e+02, 5.92806030e+02, 7.89891357e+02, 6.16290649e+02,
    6.25667236e+02, 4.07286987e+02, 6.45023315e+02, 4.39516357e+02,
    6.63557251e+02, 4.70266876e+02, 6.81143982e+02, 4.99183228e+02,
    6.97871521e+02, 5.27580261e+02, 7.13919922e+02, 5.54396423e+02,
    7.29419006e+02, 5.79528503e+02, 7.44054016e+02, 6.04554626e+02,
    7.58277710e+02, 6.27703003e+02 ]
