%YAML:1.0
points: [ 3.48477936e+02, 2.80028038e+01, 3.52189911e+02, 4.18295784e+01,
    3.55598236e+02, 5.56139984e+01, 3.59324463e+02, 6.88930283e+01,
    3.62495819e+02, 8.22236328e+01, 3.65947388e+02, 9.51512527e+01,
    3.68952362e+02, 1.07835686e+02, 3.72256561e+02, 1.20218842e+02,
    3.75180908e+02, 1.32342377e+02, 3.35822937e+02, 3.26348763e+01,
    3.39618256e+02, 4.66613655e+01, 3.43228363e+02, 6.02767715e+01,
    3.47056366e+02, 7.37622528e+01, 3.50308960e+02, 8.70181351e+01,
    3.53978912e+02, 9.99837112e+01, 3.57143280e+02, 1.12466850e+02,
    3.60343842e+02, 1.24958008e+02, 3.63444122e+02, 1.37012146e+02,
    3.23105835e+02, 3.73402634e+01, 3.27056976e+02, 5.13508644e+01,
    3.30750122e+02, 6.51512833e+01, 3.34687836e+02, 7.84888458e+01,
    3.38164886e+02, 9.17919083e+01, 3.41971619e+02, 1.04674255e+02,
    3.45297821e+02, 1.17301620e+02, 3.48703094e+02, 1.29650009e+02,
    3.51806274e+02, 1.41620941e+02, 3.10355347e+02, 4.21056213e+01,
    3.14437469e+02, 5.62392159e+01, 3.18270844e+02, 6.99817657e+01,
    3.22278656e+02, 8.34553604e+01, 3.25942352e+02, 9.66579056e+01,
    3.29928101e+02, 1.09477295e+02, 3.33465454e+02, 1.22125229e+02,
    3.36850647e+02, 1.34297714e+02, 3.40032928e+02, 1.46277695e+02,
    2.97393555e+02, 4.71364059e+01, 3.01816711e+02, 6.10784454e+01,
    3.05674561e+02, 7.49572525e+01, 3.09754211e+02, 8.83066788e+01,
    3.13658661e+02, 1.01441269e+02, 3.17708649e+02, 1.14250160e+02,
    3.21496704e+02, 1.27023621e+02, 3.24845184e+02, 1.39076584e+02,
    3.28265015e+02, 1.51047607e+02, 2.84589844e+02, 5.20572052e+01,
    2.89129913e+02, 6.59884109e+01, 2.93287933e+02, 7.97528229e+01,
    2.97284424e+02, 9.32313538e+01, 3.01338989e+02, 1.06323303e+02,
    3.05589081e+02, 1.19134735e+02, 3.09381927e+02, 1.31668365e+02,
    3.12918732e+02, 1.43823746e+02, 3.16541809e+02, 1.55705399e+02,
    2.71665466e+02, 5.70793495e+01, 2.76278900e+02, 7.09504929e+01,
    2.80755310e+02, 8.47028198e+01, 2.84963501e+02, 9.81303558e+01,
    2.89082825e+02, 1.11215065e+02, 2.93304932e+02, 1.24065292e+02,
    2.97306732e+02, 1.36408005e+02, 3.01052032e+02, 1.48447418e+02,
    3.04824127e+02, 1.60330994e+02, 2.58798065e+02, 6.19717636e+01,
    2.63524963e+02, 7.59982071e+01, 2.68188293e+02, 8.96180801e+01,
    2.72584778e+02, 1.03052704e+02, 2.76831055e+02, 1.16100555e+02,
    2.81218140e+02, 1.28854721e+02, 2.85284821e+02, 1.41258362e+02,
    2.89189240e+02, 1.53279984e+02, 2.93165527e+02, 1.65158661e+02,
    2.45862061e+02, 6.70618439e+01, 2.50679626e+02, 8.09193115e+01,
    2.55418015e+02, 9.46291962e+01, 2.60112427e+02, 1.07960342e+02,
    2.64514984e+02, 1.20974281e+02, 2.69036011e+02, 1.33698364e+02,
    2.73303436e+02, 1.46097305e+02, 2.77335876e+02, 1.58068771e+02,
    2.81492249e+02, 1.69857498e+02, 2.32856384e+02, 7.20593491e+01,
    2.37983505e+02, 8.60743561e+01, 2.42781326e+02, 9.94982986e+01,
    2.47455276e+02, 1.12830750e+02, 2.52209671e+02, 1.25851906e+02,
    2.56793732e+02, 1.38477295e+02, 2.61189636e+02, 1.50755676e+02,
    2.65536652e+02, 1.62839783e+02, 2.69693542e+02, 1.74418716e+02,
    2.19875671e+02, 7.72079849e+01, 2.24966461e+02, 9.10813446e+01,
    2.30131622e+02, 1.04522881e+02, 2.35008667e+02, 1.17728447e+02,
    2.39845718e+02, 1.30693466e+02, 2.44444962e+02, 1.43230164e+02,
    2.49050064e+02, 1.55432892e+02, 2.53542740e+02, 1.67419785e+02,
    2.57835541e+02, 1.79048309e+02 ]
