%YAML:1.0
points: [ 4.01062988e+02, 3.14097198e+02, 3.84683411e+02, 3.19463867e+02,
    3.68425018e+02, 3.24888672e+02, 3.51913452e+02, 3.30114258e+02,
    3.35326111e+02, 3.35456085e+02, 3.99097809e+02, 3.00200653e+02,
    3.82398193e+02, 3.05617432e+02, 3.65902740e+02, 3.11260254e+02,
    3.49073090e+02, 3.16400146e+02, 3.32129974e+02, 3.21762543e+02,
    3.97033539e+02, 2.85782623e+02, 3.80171326e+02, 2.91415253e+02,
    3.63054718e+02, 2.96728699e+02, 3.46037537e+02, 3.02178650e+02,
    3.28868378e+02, 3.07598572e+02, 3.94844482e+02, 2.70931274e+02,
    3.77779449e+02, 2.76777588e+02, 3.60164948e+02, 2.81873993e+02,
    3.42778778e+02, 2.87344208e+02, 3.25354218e+02, 2.92891174e+02,
    3.92620911e+02, 2.55449509e+02, 3.75200195e+02, 2.61274872e+02,
    3.57252014e+02, 2.66626251e+02, 3.39520111e+02, 2.72066742e+02,
    3.21896179e+02, 2.77800293e+02, 3.90335815e+02, 2.39465683e+02,
    3.72555756e+02, 2.45250412e+02, 3.54330750e+02, 2.50767838e+02,
    3.36212646e+02, 2.56358734e+02, 3.18228607e+02, 2.62016357e+02,
    3.87870850e+02, 2.22780014e+02, 3.69791443e+02, 2.28727173e+02,
    3.51294525e+02, 2.34237579e+02, 3.32756226e+02, 2.40106827e+02,
    3.14563049e+02, 2.45939316e+02 ]
