%YAML:1.0
points: [ 3.30385712e+02, 3.08870728e+02, 3.15240356e+02, 3.05564545e+02,
    3.00626068e+02, 3.02467987e+02, 2.86729553e+02, 2.99276825e+02,
    2.73268860e+02, 2.96354645e+02, 3.28585693e+02, 2.98500549e+02,
    3.13026886e+02, 2.95294952e+02, 2.98158936e+02, 2.92431335e+02,
    2.84009766e+02, 2.89397705e+02, 2.70364441e+02, 2.86550354e+02,
    3.26713898e+02, 2.87590088e+02, 3.10760864e+02, 2.84749420e+02,
    2.95674622e+02, 2.81731232e+02, 2.81172546e+02, 2.79018372e+02,
    2.67277496e+02, 2.76312988e+02, 3.24723236e+02, 2.76184570e+02,
    3.08378876e+02, 2.73695374e+02, 2.93015747e+02, 2.70622589e+02,
    2.78213562e+02, 2.68130341e+02, 2.63977509e+02, 2.65621704e+02,
    3.22601776e+02, 2.64249146e+02, 3.05945862e+02, 2.61925476e+02,
    2.90245056e+02, 2.59143097e+02, 2.75122925e+02, 2.56718170e+02,
    2.60605316e+02, 2.54519897e+02, 3.20390533e+02, 2.51675400e+02,
    3.03386017e+02, 2.49546112e+02, 2.87293732e+02, 2.47085785e+02,
    2.71852264e+02, 2.44792526e+02, 2.57035736e+02, 2.42836807e+02,
    3.18099854e+02, 2.38408737e+02, 3.00655945e+02, 2.36532852e+02,
    2.84167938e+02, 2.34298401e+02, 2.68364899e+02, 2.32355270e+02,
    2.53245316e+02, 2.30694351e+02 ]
