%YAML:1.0
points: [ 1.16865417e+03, 3.31595184e+02, 1.14512463e+03, 3.54214874e+02,
    1.12249097e+03, 3.75941925e+02, 1.10125562e+03, 3.96517395e+02,
    1.08072083e+03, 4.16311493e+02, 1.14743127e+03, 3.03875488e+02,
    1.12434717e+03, 3.27119293e+02, 1.10234741e+03, 3.49293701e+02,
    1.08168274e+03, 3.70372864e+02, 1.06165930e+03, 3.90590637e+02,
    1.12634863e+03, 2.76406891e+02, 1.10364929e+03, 3.00235870e+02,
    1.08255554e+03, 3.22839447e+02, 1.06222437e+03, 3.44422516e+02,
    1.04266614e+03, 3.65099701e+02, 1.10543799e+03, 2.49297104e+02,
    1.08319214e+03, 2.73602081e+02, 1.06286987e+03, 2.96654236e+02,
    1.04295557e+03, 3.18715790e+02, 1.02388806e+03, 3.39867371e+02,
    1.08469189e+03, 2.22346786e+02, 1.06306567e+03, 2.47104767e+02,
    1.04323035e+03, 2.70692627e+02, 1.02392175e+03, 2.93251801e+02,
    1.00509625e+03, 3.14828400e+02, 1.06420850e+03, 1.95570160e+02,
    1.04314136e+03, 2.20810730e+02, 1.02369446e+03, 2.44936737e+02,
    1.00486475e+03, 2.67939575e+02, 9.86670532e+02, 2.89987518e+02,
    1.04386145e+03, 1.69037201e+02, 1.02331702e+03, 1.94742996e+02,
    1.00436993e+03, 2.19347839e+02, 9.85935974e+02, 2.42939331e+02,
    9.67937866e+02, 2.65406708e+02 ]
