%YAML:1.0
points: [ 1.30395935e+03, 8.59366089e+02, 1.25666003e+03, 8.74255310e+02,
    1.20951099e+03, 8.89666504e+02, 1.16195337e+03, 9.04410583e+02,
    1.11444653e+03, 9.19687561e+02, 1.29645776e+03, 8.19151550e+02,
    1.24860510e+03, 8.34251709e+02, 1.20052734e+03, 8.49952515e+02,
    1.15214099e+03, 8.64855286e+02, 1.10390637e+03, 8.80150635e+02,
    1.28895422e+03, 7.77491333e+02, 1.24039417e+03, 7.93288513e+02,
    1.19130383e+03, 8.08387939e+02, 1.14217212e+03, 8.23927368e+02,
    1.09308167e+03, 8.39567078e+02, 1.28120129e+03, 7.34543640e+02,
    1.23186963e+03, 7.50930115e+02, 1.18179187e+03, 7.65737915e+02,
    1.13187390e+03, 7.81588013e+02, 1.08190247e+03, 7.97523682e+02,
    1.27335706e+03, 6.90231323e+02, 1.22313391e+03, 7.06749329e+02,
    1.17209460e+03, 7.21981323e+02, 1.12131311e+03, 7.37875549e+02,
    1.07051575e+03, 7.54273438e+02, 1.26520190e+03, 6.44259277e+02,
    1.21406580e+03, 6.60890808e+02, 1.16217761e+03, 6.76653137e+02,
    1.11046094e+03, 6.92645264e+02, 1.05857397e+03, 7.09226318e+02,
    1.25678052e+03, 5.96535217e+02, 1.20472803e+03, 6.13471375e+02,
    1.15191650e+03, 6.29466858e+02, 1.09926746e+03, 6.45950684e+02,
    1.04657275e+03, 6.62976074e+02 ]
