%YAML:1.0
points: [ 1.03107068e+03, 2.76600983e+02, 1.01957214e+03, 3.08497223e+02,
    1.00838165e+03, 3.39138184e+02, 9.98603760e+02, 3.69869843e+02,
    9.87884827e+02, 3.98016968e+02, 9.78480591e+02, 4.26597687e+02,
    9.68434692e+02, 4.53353210e+02, 9.59588440e+02, 4.80144440e+02,
    9.50410889e+02, 5.05161224e+02, 1.00036206e+03, 2.71203979e+02,
    9.89682678e+02, 3.03885925e+02, 9.78830627e+02, 3.35007690e+02,
    9.69412598e+02, 3.66307281e+02, 9.58909973e+02, 3.95142273e+02,
    9.50084534e+02, 4.24387604e+02, 9.40507263e+02, 4.51156555e+02,
    9.31478088e+02, 4.77704803e+02, 9.22783447e+02, 5.03655457e+02,
    9.69438843e+02, 2.65762085e+02, 9.58717651e+02, 2.98698608e+02,
    9.48546997e+02, 3.30834137e+02, 9.39457642e+02, 3.62557312e+02,
    9.29429443e+02, 3.91977356e+02, 9.21132507e+02, 4.21921844e+02,
    9.11909912e+02, 4.49566071e+02, 9.03314453e+02, 4.76767426e+02,
    8.94545837e+02, 5.02309570e+02, 9.37455688e+02, 2.60619293e+02,
    9.27376526e+02, 2.94501068e+02, 9.17218323e+02, 3.26604279e+02,
    9.08171997e+02, 3.58685852e+02, 8.99012085e+02, 3.88724731e+02,
    8.90898010e+02, 4.19340210e+02, 8.82391357e+02, 4.47942108e+02,
    8.73892334e+02, 4.75094910e+02, 8.65416016e+02, 5.00837524e+02,
    9.03882263e+02, 2.54645905e+02, 8.94974548e+02, 2.89763611e+02,
    8.85025635e+02, 3.22382385e+02, 8.76151367e+02, 3.54553772e+02,
    8.67459167e+02, 3.85557953e+02, 8.59803772e+02, 4.16734772e+02,
    8.51857178e+02, 4.45663574e+02, 8.43442017e+02, 4.72682007e+02,
    8.35513611e+02, 4.99198761e+02, 8.69647095e+02, 2.48967316e+02,
    8.61067505e+02, 2.84796753e+02, 8.52000122e+02, 3.18299744e+02,
    8.43318237e+02, 3.50530945e+02, 8.35036865e+02, 3.82248169e+02,
    8.27895813e+02, 4.13687744e+02, 8.20157349e+02, 4.43381592e+02,
    8.12112915e+02, 4.70595520e+02, 8.04738098e+02, 4.97762238e+02,
    8.34213684e+02, 2.42782257e+02, 8.26266235e+02, 2.79487579e+02,
    8.17787842e+02, 3.14019745e+02, 8.09538452e+02, 3.46840668e+02,
    8.01681335e+02, 3.78813202e+02, 7.94788086e+02, 4.10892090e+02,
    7.87348022e+02, 4.40480347e+02, 7.79877136e+02, 4.68455658e+02,
    7.73094238e+02, 4.96363495e+02, 7.97594788e+02, 2.36599564e+02,
    7.90126160e+02, 2.73786102e+02, 7.82316345e+02, 3.09216003e+02,
    7.74853271e+02, 3.43439117e+02, 7.67247131e+02, 3.75563507e+02,
    7.60551819e+02, 4.07747742e+02, 7.53801575e+02, 4.38229614e+02,
    7.46834595e+02, 4.66466522e+02, 7.40627563e+02, 4.95381897e+02,
    7.59591614e+02, 2.30051666e+02, 7.52637817e+02, 2.67971344e+02,
    7.45276123e+02, 3.03784424e+02, 7.38478699e+02, 3.39012512e+02,
    7.31704285e+02, 3.71781677e+02, 7.25492371e+02, 4.04562988e+02,
    7.19123413e+02, 4.35500793e+02, 7.12622131e+02, 4.64640625e+02,
    7.07194946e+02, 4.93557129e+02, 7.20377014e+02, 2.23517670e+02,
    7.13513367e+02, 2.61651093e+02, 7.07192871e+02, 2.98395172e+02,
    7.00734253e+02, 3.33680267e+02, 6.94780396e+02, 3.68047760e+02,
    6.88807617e+02, 4.00843414e+02, 6.83100769e+02, 4.32041107e+02,
    6.77566406e+02, 4.62593719e+02, 6.72256714e+02, 4.91699646e+02,
    6.79295227e+02, 2.15816208e+02, 6.73290100e+02, 2.55087570e+02,
    6.67324829e+02, 2.92493439e+02, 6.61486450e+02, 3.28274292e+02,
    6.56211121e+02, 3.63240753e+02, 6.50882812e+02, 3.96610077e+02,
    6.45654419e+02, 4.28357117e+02, 6.40907104e+02, 4.59599213e+02,
    6.36096252e+02, 4.88917542e+02 ]
