%YAML:1.0
points: [ 4.16689178e+02, 6.88328705e+01, 4.17441193e+02, 8.42623291e+01,
    4.17961548e+02, 9.93421478e+01, 4.18913879e+02, 1.14034622e+02,
    4.19538635e+02, 1.28032425e+02, 4.20201599e+02, 1.41471878e+02,
    4.20603668e+02, 1.54404526e+02, 4.21248627e+02, 1.66950912e+02,
    4.21680450e+02, 1.78954086e+02, 4.00848663e+02, 7.28847656e+01,
    4.01934875e+02, 8.84922180e+01, 4.02927948e+02, 1.03440369e+02,
    4.04218018e+02, 1.18082336e+02, 4.04829926e+02, 1.31743149e+02,
    4.05996521e+02, 1.45378586e+02, 4.06642395e+02, 1.58078491e+02,
    4.07322876e+02, 1.70461273e+02, 4.07973755e+02, 1.82392654e+02,
    3.85292084e+02, 7.71119080e+01, 3.86587860e+02, 9.25933838e+01,
    3.87876587e+02, 1.07613808e+02, 3.89317261e+02, 1.22076134e+02,
    3.90251678e+02, 1.35714462e+02, 3.91701080e+02, 1.49232117e+02,
    3.92639709e+02, 1.61968414e+02, 3.93672607e+02, 1.74265640e+02,
    3.94562378e+02, 1.85928024e+02, 3.69659943e+02, 8.14627380e+01,
    3.71298431e+02, 9.70159988e+01, 3.72754242e+02, 1.11612732e+02,
    3.74376312e+02, 1.26076096e+02, 3.75736694e+02, 1.39665085e+02,
    3.77412811e+02, 1.53151016e+02, 3.78730713e+02, 1.65823288e+02,
    3.79883484e+02, 1.77884369e+02, 3.80877716e+02, 1.89343765e+02,
    3.54020813e+02, 8.58775482e+01, 3.56117676e+02, 1.01320465e+02,
    3.57706665e+02, 1.15835075e+02, 3.59409637e+02, 1.30081085e+02,
    3.61204102e+02, 1.43611633e+02, 3.63092590e+02, 1.57002884e+02,
    3.64780060e+02, 1.69633377e+02, 3.66046478e+02, 1.81305817e+02,
    3.67374512e+02, 1.92824554e+02, 3.38411224e+02, 9.03060226e+01,
    3.40865021e+02, 1.05687668e+02, 3.42885193e+02, 1.20229958e+02,
    3.44765747e+02, 1.34071243e+02, 3.46752930e+02, 1.47539124e+02,
    3.48993256e+02, 1.60840317e+02, 3.50788849e+02, 1.73254044e+02,
    3.52302856e+02, 1.84881912e+02, 3.53940491e+02, 1.96261658e+02,
    3.23061096e+02, 9.47701874e+01, 3.25649963e+02, 1.10016685e+02,
    3.28104828e+02, 1.24479668e+02, 3.30274048e+02, 1.38287949e+02,
    3.32461151e+02, 1.51495850e+02, 3.34771851e+02, 1.64624756e+02,
    3.36864471e+02, 1.76844177e+02, 3.38742889e+02, 1.88350876e+02,
    3.40672516e+02, 1.99667145e+02, 3.07718933e+02, 9.91875687e+01,
    3.10632751e+02, 1.14241943e+02, 3.13354004e+02, 1.28637268e+02,
    3.15994995e+02, 1.42376892e+02, 3.18393280e+02, 1.55448563e+02,
    3.20953308e+02, 1.68345764e+02, 3.23154175e+02, 1.80477020e+02,
    3.25299133e+02, 1.91914551e+02, 3.27603699e+02, 2.03304001e+02,
    2.92508179e+02, 1.03571259e+02, 2.95738525e+02, 1.18478279e+02,
    2.98714020e+02, 1.32639328e+02, 3.01654877e+02, 1.46370529e+02,
    3.04381866e+02, 1.59292877e+02, 3.07120728e+02, 1.72076889e+02,
    3.09711884e+02, 1.84195877e+02, 3.12145264e+02, 1.95434814e+02,
    3.14617340e+02, 2.06589066e+02, 2.77489777e+02, 1.07942909e+02,
    2.80966370e+02, 1.22615616e+02, 2.84255646e+02, 1.36643524e+02,
    2.87397858e+02, 1.50049866e+02, 2.90466553e+02, 1.63130814e+02,
    2.93432373e+02, 1.75536331e+02, 2.96211151e+02, 1.87345322e+02,
    2.98970001e+02, 1.99062531e+02, 3.01537903e+02, 2.09913040e+02,
    2.62581055e+02, 1.12078667e+02, 2.66295990e+02, 1.26592796e+02,
    2.69924957e+02, 1.40553955e+02, 2.73274384e+02, 1.53711136e+02,
    2.76625549e+02, 1.66657410e+02, 2.79798950e+02, 1.78945862e+02,
    2.82834625e+02, 1.90590424e+02, 2.85803070e+02, 2.02097260e+02,
    2.88656464e+02, 2.12872665e+02 ]
