%YAML:1.0
points: [ 1.42383447e+03, 8.72528564e+02, 1.37797302e+03, 8.90158569e+02,
    1.33206506e+03, 9.08384094e+02, 1.28515369e+03, 9.26051514e+02,
    1.23804224e+03, 9.44449768e+02, 1.41953455e+03, 8.32300659e+02,
    1.37313904e+03, 8.50006897e+02, 1.32607617e+03, 8.68506836e+02,
    1.27819006e+03, 8.86260681e+02, 1.23023450e+03, 9.04544861e+02,
    1.41530444e+03, 7.90582092e+02, 1.36824780e+03, 8.08796082e+02,
    1.31988049e+03, 8.26546814e+02, 1.27124329e+03, 8.44860657e+02,
    1.22232166e+03, 8.63420410e+02, 1.41101404e+03, 7.47288208e+02,
    1.36308875e+03, 7.66099915e+02, 1.31353943e+03, 7.83295044e+02,
    1.26402747e+03, 8.01862793e+02, 1.21414612e+03, 8.20611938e+02,
    1.40667871e+03, 7.02480347e+02, 1.35770557e+03, 7.21306396e+02,
    1.30712524e+03, 7.38850403e+02, 1.25666113e+03, 7.57281494e+02,
    1.20583472e+03, 7.76422668e+02, 1.40212012e+03, 6.55834778e+02,
    1.35209387e+03, 6.74677795e+02, 1.30069153e+03, 6.92654419e+02,
    1.24915918e+03, 7.11060120e+02, 1.19716748e+03, 7.30251465e+02,
    1.39752051e+03, 6.07257996e+02, 1.34648535e+03, 6.26314819e+02,
    1.29403674e+03, 6.44320435e+02, 1.24149939e+03, 6.63069397e+02,
    1.18859973e+03, 6.82669067e+02 ]
