%YAML:1.0
points: [ 4.31663727e+02, 3.17016785e+02, 4.15986786e+02, 3.23179657e+02,
    4.00298615e+02, 3.29480988e+02, 3.84139435e+02, 3.35519470e+02,
    3.67757477e+02, 3.41834839e+02, 4.30648163e+02, 3.03357056e+02,
    4.14743561e+02, 3.09520508e+02, 3.98629120e+02, 3.15907074e+02,
    3.82133026e+02, 3.21995575e+02, 3.65377869e+02, 3.28284332e+02,
    4.29581909e+02, 2.89016846e+02, 4.13483978e+02, 2.95374756e+02,
    3.96831024e+02, 3.01493195e+02, 3.80008850e+02, 3.07798401e+02,
    3.63049988e+02, 3.14113373e+02, 4.28428650e+02, 2.74173187e+02,
    4.12171417e+02, 2.80617096e+02, 3.95028137e+02, 2.86547424e+02,
    3.77715454e+02, 2.92950592e+02, 3.60416138e+02, 2.99258240e+02,
    4.27352356e+02, 2.58629517e+02, 4.10601044e+02, 2.65214600e+02,
    3.93126831e+02, 2.71216949e+02, 3.75397186e+02, 2.77493042e+02,
    3.57775757e+02, 2.83904266e+02, 4.26178955e+02, 2.42530090e+02,
    4.08960114e+02, 2.49107391e+02, 3.91174286e+02, 2.55219940e+02,
    3.73122528e+02, 2.61441650e+02, 3.55083160e+02, 2.67880768e+02,
    4.24890167e+02, 2.25715576e+02, 4.07396118e+02, 2.32263702e+02,
    3.89134827e+02, 2.38422867e+02, 3.70654846e+02, 2.44811127e+02,
    3.52315674e+02, 2.51487076e+02 ]
