%YAML:1.0
points: [ 1.47181995e+03, 4.88717690e+01, 1.48596179e+03, 8.85031967e+01,
    1.49969165e+03, 1.26457268e+02, 1.51450781e+03, 1.63437714e+02,
    1.52653467e+03, 1.98298386e+02, 1.53991528e+03, 2.32392868e+02,
    1.55117285e+03, 2.64890259e+02, 1.56375696e+03, 2.96602997e+02,
    1.57449243e+03, 3.26721619e+02, 1.43029468e+03, 7.77992783e+01,
    1.44595032e+03, 1.16641800e+02, 1.46019434e+03, 1.53731812e+02,
    1.47554822e+03, 1.89873642e+02, 1.48821155e+03, 2.23950394e+02,
    1.50261292e+03, 2.57633392e+02, 1.51442749e+03, 2.89248016e+02,
    1.52652002e+03, 3.20032288e+02, 1.53854895e+03, 3.49751251e+02,
    1.39031775e+03, 1.06270432e+02, 1.40582520e+03, 1.44091232e+02,
    1.42133728e+03, 1.80480469e+02, 1.43712793e+03, 2.15797928e+02,
    1.45079907e+03, 2.49334793e+02, 1.46579297e+03, 2.82297089e+02,
    1.47859729e+03, 3.13460052e+02, 1.49155933e+03, 3.43583466e+02,
    1.50306274e+03, 3.72335388e+02, 1.35099426e+03, 1.34577744e+02,
    1.36755542e+03, 1.71548767e+02, 1.38289624e+03, 2.06903641e+02,
    1.39899915e+03, 2.41459305e+02, 1.41359631e+03, 2.74365875e+02,
    1.42930530e+03, 3.06721741e+02, 1.44324622e+03, 3.37465973e+02,
    1.45615417e+03, 3.66658722e+02, 1.46786230e+03, 3.94537964e+02,
    1.31168750e+03, 1.62268661e+02, 1.32975330e+03, 1.98608444e+02,
    1.34544275e+03, 2.33117645e+02, 1.36137903e+03, 2.66580658e+02,
    1.37691980e+03, 2.98915436e+02, 1.39322656e+03, 3.30794312e+02,
    1.40788538e+03, 3.61003296e+02, 1.42058960e+03, 3.88990906e+02,
    1.43346399e+03, 4.16514374e+02, 1.27345264e+03, 1.89573486e+02,
    1.29214868e+03, 2.25385162e+02, 1.30889893e+03, 2.59154694e+02,
    1.32489075e+03, 2.91551025e+02, 1.34089062e+03, 3.23206207e+02,
    1.35762061e+03, 3.54470093e+02, 1.37259705e+03, 3.83777405e+02,
    1.38582849e+03, 4.11191254e+02, 1.39951917e+03, 4.38227142e+02,
    1.23575122e+03, 2.16570618e+02, 1.25494543e+03, 2.51500336e+02,
    1.27274194e+03, 2.84800964e+02, 1.28932617e+03, 3.16456482e+02,
    1.30563550e+03, 3.47300995e+02, 1.32254492e+03, 3.77706177e+02,
    1.33774658e+03, 4.06265503e+02, 1.35169458e+03, 4.33046967e+02,
    1.36609094e+03, 4.59616760e+02, 1.19908008e+03, 2.42896591e+02,
    1.21849927e+03, 2.77129242e+02, 1.23679956e+03, 3.09658539e+02,
    1.25457617e+03, 3.41097961e+02, 1.27114355e+03, 3.70803070e+02,
    1.28826965e+03, 4.00536560e+02, 1.30407092e+03, 4.28518188e+02,
    1.31844934e+03, 4.54775909e+02, 1.33367810e+03, 4.81266724e+02,
    1.16273535e+03, 2.68846771e+02, 1.18271130e+03, 3.02241913e+02,
    1.20142676e+03, 3.33917786e+02, 1.21977258e+03, 3.64712219e+02,
    1.23695679e+03, 3.93963013e+02, 1.25444189e+03, 4.22925507e+02,
    1.27070007e+03, 4.50390106e+02, 1.28576404e+03, 4.76270081e+02,
    1.30137451e+03, 5.02052612e+02, 1.12728149e+03, 2.94420105e+02,
    1.14734705e+03, 3.26724640e+02, 1.16659534e+03, 3.57675537e+02,
    1.18516724e+03, 3.87435150e+02, 1.20344153e+03, 4.16702728e+02,
    1.22076257e+03, 4.44611969e+02, 1.23735681e+03, 4.71153503e+02,
    1.25378442e+03, 4.97461884e+02, 1.26929785e+03, 5.22166992e+02,
    1.09183362e+03, 3.19061676e+02, 1.11242395e+03, 3.50537811e+02,
    1.13230713e+03, 3.80876129e+02, 1.15101562e+03, 4.09771698e+02,
    1.16969470e+03, 4.38455414e+02, 1.18756250e+03, 4.65619537e+02,
    1.20453735e+03, 4.91527222e+02, 1.22138818e+03, 5.17391357e+02,
    1.23727478e+03, 5.41543213e+02 ]
