%YAML:1.0
points: [ 4.67940186e+02, 3.74899445e+01, 4.72332275e+02, 5.02155342e+01,
    4.76730225e+02, 6.30377464e+01, 4.81321808e+02, 7.51039505e+01,
    4.85073364e+02, 8.70179367e+01, 4.89005188e+02, 9.82762146e+01,
    4.92403931e+02, 1.09491547e+02, 4.96073792e+02, 1.20124245e+02,
    4.99155212e+02, 1.30455948e+02, 4.55340271e+02, 4.55780373e+01,
    4.60373657e+02, 5.88108406e+01, 4.64724274e+02, 7.09856949e+01,
    4.69585175e+02, 8.33072586e+01, 4.73196228e+02, 9.47626572e+01,
    4.77781403e+02, 1.06290329e+02, 4.81094391e+02, 1.17013329e+02,
    4.84718750e+02, 1.27637772e+02, 4.88121826e+02, 1.37668915e+02,
    4.42904114e+02, 5.43795586e+01, 4.47717499e+02, 6.68690109e+01,
    4.52525482e+02, 7.94259872e+01, 4.57258484e+02, 9.12996674e+01,
    4.61387451e+02, 1.02994469e+02, 4.65969788e+02, 1.14147316e+02,
    4.69855347e+02, 1.25065208e+02, 4.73507721e+02, 1.35173676e+02,
    4.76964020e+02, 1.45263229e+02, 4.30146362e+02, 6.31202087e+01,
    4.35333649e+02, 7.58128204e+01, 4.39895782e+02, 8.78149109e+01,
    4.44985840e+02, 9.97540131e+01, 4.49254272e+02, 1.11007423e+02,
    4.54230621e+02, 1.22214256e+02, 4.58206299e+02, 1.32785141e+02,
    4.62120941e+02, 1.43072311e+02, 4.65333862e+02, 1.52554993e+02,
    4.17028107e+02, 7.20908432e+01, 4.22589386e+02, 8.44799805e+01,
    4.27334564e+02, 9.64735031e+01, 4.32281494e+02, 1.08046768e+02,
    4.37075897e+02, 1.19245743e+02, 4.42077148e+02, 1.30271820e+02,
    4.46497986e+02, 1.40753952e+02, 4.50193604e+02, 1.50431808e+02,
    4.54039825e+02, 1.60132874e+02, 4.03918945e+02, 8.10508957e+01,
    4.09876526e+02, 9.34994125e+01, 4.14944244e+02, 1.05216980e+02,
    4.19763611e+02, 1.16476707e+02, 4.24743988e+02, 1.27425400e+02,
    4.30011902e+02, 1.38376923e+02, 4.34475861e+02, 1.48475067e+02,
    4.38324310e+02, 1.58151825e+02, 4.42349640e+02, 1.67465485e+02,
    3.90855530e+02, 9.02438202e+01, 3.96881195e+02, 1.02297707e+02,
    4.02483734e+02, 1.13928772e+02, 4.07413666e+02, 1.24973190e+02,
    4.12457031e+02, 1.35639099e+02, 4.17808411e+02, 1.46286682e+02,
    4.22454102e+02, 1.56212479e+02, 4.26536194e+02, 1.65584259e+02,
    4.30930359e+02, 1.74866516e+02, 3.78036346e+02, 9.92846909e+01,
    3.84122406e+02, 1.11097542e+02, 3.89755371e+02, 1.22472694e+02,
    3.95341156e+02, 1.33438950e+02, 4.00300629e+02, 1.43825500e+02,
    4.05784180e+02, 1.54244812e+02, 4.10579376e+02, 1.64013412e+02,
    4.14956604e+02, 1.73207199e+02, 4.19614380e+02, 1.82343491e+02,
    3.65106995e+02, 1.08170837e+02, 3.71221924e+02, 1.19836380e+02,
    3.77153717e+02, 1.30969437e+02, 3.82955902e+02, 1.41749344e+02,
    3.88249451e+02, 1.52004196e+02, 3.93734009e+02, 1.62046982e+02,
    3.98880798e+02, 1.71636505e+02, 4.03442017e+02, 1.80614365e+02,
    4.08286865e+02, 1.89602859e+02, 3.52340424e+02, 1.17208481e+02,
    3.58671997e+02, 1.28376831e+02, 3.64681427e+02, 1.39308548e+02,
    3.70443146e+02, 1.49672455e+02, 3.76158844e+02, 1.59845703e+02,
    3.81730957e+02, 1.69563599e+02, 3.86860687e+02, 1.78863434e+02,
    3.92096100e+02, 1.88094025e+02, 3.96844208e+02, 1.96633621e+02,
    3.39655731e+02, 1.25802467e+02, 3.45995850e+02, 1.36846100e+02,
    3.52355255e+02, 1.47417023e+02, 3.58255981e+02, 1.57505341e+02,
    3.64181427e+02, 1.67453064e+02, 3.69715424e+02, 1.76981186e+02,
    3.75071747e+02, 1.86007278e+02, 3.80436737e+02, 1.95018250e+02,
    3.85351898e+02, 2.03364197e+02 ]
