%YAML:1.0
points: [ 2.12807571e+02, 1.00201820e+02, 2.18419296e+02, 1.16798485e+02,
    2.23928833e+02, 1.32692596e+02, 2.28591202e+02, 1.48320663e+02,
    2.33829117e+02, 1.62735046e+02, 2.38316605e+02, 1.77127594e+02,
    2.43055252e+02, 1.90504700e+02, 2.47166199e+02, 2.03830475e+02,
    2.51443588e+02, 2.16297668e+02, 1.98949661e+02, 1.03201675e+02,
    2.04519409e+02, 1.19536346e+02, 2.10186646e+02, 1.35024841e+02,
    2.15081604e+02, 1.50310196e+02, 2.20476578e+02, 1.64370590e+02,
    2.24975922e+02, 1.78587921e+02, 2.29896530e+02, 1.91619339e+02,
    2.34370865e+02, 2.04439529e+02, 2.38794434e+02, 2.16872147e+02,
    1.85498383e+02, 1.06164436e+02, 1.91468094e+02, 1.21893059e+02,
    1.97095047e+02, 1.37230194e+02, 2.02142624e+02, 1.52167023e+02,
    2.07637878e+02, 1.65931503e+02, 2.12206741e+02, 1.80028305e+02,
    2.17132370e+02, 1.92876556e+02, 2.21801147e+02, 2.05565674e+02,
    2.26514893e+02, 2.17464951e+02, 1.72338791e+02, 1.09101540e+02,
    1.78380096e+02, 1.24620750e+02, 1.84393280e+02, 1.39322678e+02,
    1.89718262e+02, 1.53858032e+02, 1.95222641e+02, 1.67613190e+02,
    1.99919312e+02, 1.81284531e+02, 2.04843140e+02, 1.94215332e+02,
    2.09815582e+02, 2.06339249e+02, 2.14740540e+02, 2.17911285e+02,
    1.60112717e+02, 1.11779556e+02, 1.65843826e+02, 1.27121124e+02,
    1.72183594e+02, 1.41383255e+02, 1.77774597e+02, 1.55488083e+02,
    1.83208725e+02, 1.69135422e+02, 1.87898361e+02, 1.82577194e+02,
    1.92957230e+02, 1.95201309e+02, 1.98266037e+02, 2.06885284e+02,
    2.03152573e+02, 2.18475052e+02, 1.48062134e+02, 1.14400833e+02,
    1.53849518e+02, 1.29427505e+02, 1.60104736e+02, 1.43587936e+02,
    1.66120575e+02, 1.57184418e+02, 1.71725891e+02, 1.70539795e+02,
    1.76472778e+02, 1.83720093e+02, 1.81636398e+02, 1.96118103e+02,
    1.87106873e+02, 2.07616318e+02, 1.91967682e+02, 2.18951447e+02,
    1.36535904e+02, 1.16936295e+02, 1.42337616e+02, 1.31689392e+02,
    1.48407227e+02, 1.45655396e+02, 1.54588806e+02, 1.59050339e+02,
    1.60336777e+02, 1.71986053e+02, 1.65277832e+02, 1.84873123e+02,
    1.70720993e+02, 1.96929474e+02, 1.76293335e+02, 2.08309601e+02,
    1.81233734e+02, 2.19617645e+02, 1.25338303e+02, 1.19572182e+02,
    1.31332367e+02, 1.33824463e+02, 1.37440033e+02, 1.47535187e+02,
    1.43373306e+02, 1.60806320e+02, 1.49429535e+02, 1.73356979e+02,
    1.54606674e+02, 1.85955566e+02, 1.60024307e+02, 1.97816284e+02,
    1.65701111e+02, 2.08995956e+02, 1.70568771e+02, 2.20366821e+02,
    1.14723740e+02, 1.21898102e+02, 1.20734749e+02, 1.35953568e+02,
    1.27018623e+02, 1.49268661e+02, 1.32873367e+02, 1.62376282e+02,
    1.38900726e+02, 1.74690948e+02, 1.44161209e+02, 1.86940308e+02,
    1.49737686e+02, 1.98737915e+02, 1.55407303e+02, 2.09726456e+02,
    1.60341660e+02, 2.20735703e+02, 1.04353645e+02, 1.24304276e+02,
    1.10624413e+02, 1.37813110e+02, 1.16996941e+02, 1.50968842e+02,
    1.23142746e+02, 1.63491425e+02, 1.28733795e+02, 1.76012451e+02,
    1.34395889e+02, 1.87848099e+02, 1.40214050e+02, 1.99283279e+02,
    1.45386383e+02, 2.10572235e+02, 1.50714569e+02, 2.21213837e+02,
    9.47634048e+01, 1.26336288e+02, 1.01202332e+02, 1.39647415e+02,
    1.07330208e+02, 1.52319992e+02, 1.13713684e+02, 1.64763107e+02,
    1.19272789e+02, 1.76900558e+02, 1.25094292e+02, 1.88669083e+02,
    1.30930328e+02, 1.99768723e+02, 1.36029282e+02, 2.10803223e+02,
    1.41503616e+02, 2.21376373e+02 ]
