%YAML:1.0
points: [ 3.44280762e+02, 1.94542068e+02, 3.33013733e+02, 1.94317581e+02,
    3.22212708e+02, 1.94191925e+02, 3.12035217e+02, 1.93917328e+02,
    3.02244385e+02, 1.93773865e+02, 3.40442719e+02, 1.84789001e+02,
    3.29023865e+02, 1.84811325e+02, 3.18173401e+02, 1.84960648e+02,
    3.07903595e+02, 1.84912903e+02, 2.98080902e+02, 1.84899704e+02,
    3.36479340e+02, 1.74671829e+02, 3.24889740e+02, 1.75091537e+02,
    3.14040192e+02, 1.75278992e+02, 3.03633148e+02, 1.75585526e+02,
    2.93726166e+02, 1.75760834e+02, 3.32346405e+02, 1.64196533e+02,
    3.20627533e+02, 1.65008606e+02, 3.09739899e+02, 1.65290222e+02,
    2.99231842e+02, 1.65850876e+02, 2.89200439e+02, 1.66290329e+02,
    3.28069916e+02, 1.53351028e+02, 3.16256409e+02, 1.54394531e+02,
    3.05251190e+02, 1.55034882e+02, 2.94653351e+02, 1.55777191e+02,
    2.84499878e+02, 1.56535049e+02, 3.23653137e+02, 1.42086197e+02,
    3.11742645e+02, 1.43406967e+02, 3.00599243e+02, 1.44369186e+02,
    2.89927155e+02, 1.45331650e+02, 2.79710968e+02, 1.46385483e+02,
    3.19020813e+02, 1.30336655e+02, 3.06993164e+02, 1.31992966e+02,
    2.95742676e+02, 1.33271118e+02, 2.84929016e+02, 1.34555313e+02,
    2.74643860e+02, 1.35925354e+02 ]
