%YAML:1.0
points: [ 1.02757507e+03, 4.46121765e+02, 1.01250159e+03, 4.47054535e+02,
    9.97786865e+02, 4.48038727e+02, 9.84297974e+02, 4.48885101e+02,
    9.71030579e+02, 4.49778442e+02, 1.01669312e+03, 4.19154053e+02,
    1.00154504e+03, 4.20796509e+02, 9.87139587e+02, 4.22549408e+02,
    9.73898865e+02, 4.23970093e+02, 9.60727417e+02, 4.25240875e+02,
    1.00563641e+03, 3.91730499e+02, 9.90419373e+02, 3.94298035e+02,
    9.76419373e+02, 3.96211212e+02, 9.63218201e+02, 3.98489685e+02,
    9.50164856e+02, 4.00367493e+02, 9.94236145e+02, 3.63885223e+02,
    9.79167542e+02, 3.67478485e+02, 9.65526367e+02, 3.69761322e+02,
    9.52342224e+02, 3.72770630e+02, 9.39424377e+02, 3.75384399e+02,
    9.82656738e+02, 3.35756409e+02, 9.67850708e+02, 3.39835052e+02,
    9.54411865e+02, 3.43121460e+02, 9.41275757e+02, 3.46658905e+02,
    9.28448242e+02, 3.49876526e+02, 9.70982910e+02, 3.07094116e+02,
    9.56297424e+02, 3.11834320e+02, 9.43019714e+02, 3.16039429e+02,
    9.29976318e+02, 3.20032318e+02, 9.17488525e+02, 3.24169647e+02,
    9.59139221e+02, 2.77941498e+02, 9.44545044e+02, 2.83481689e+02,
    9.31381287e+02, 2.88551788e+02, 9.18368225e+02, 2.93387115e+02,
    9.05979187e+02, 2.98096771e+02 ]
