%YAML:1.0
points: [ 7.07678589e+02, 2.44873734e+02, 7.26447388e+02, 2.92374786e+02,
    7.44632751e+02, 3.37841827e+02, 7.60351746e+02, 3.82550568e+02,
    7.77747681e+02, 4.24049408e+02, 7.92716003e+02, 4.65238251e+02,
    8.08387756e+02, 5.03560303e+02, 8.22216431e+02, 5.42184326e+02,
    8.36546326e+02, 5.77890259e+02, 6.70556885e+02, 2.53528091e+02,
    6.88995789e+02, 3.00246155e+02, 7.07684021e+02, 3.44544739e+02,
    7.23831787e+02, 3.88236328e+02, 7.41555420e+02, 4.28765564e+02,
    7.56453369e+02, 4.69585846e+02, 7.72601013e+02, 5.07225189e+02,
    7.87652222e+02, 5.43991638e+02, 8.02076355e+02, 5.79697876e+02,
    6.34548767e+02, 2.61850586e+02, 6.54204529e+02, 3.07284576e+02,
    6.72488647e+02, 3.50686462e+02, 6.88858337e+02, 3.93540344e+02,
    7.06883911e+02, 4.33476044e+02, 7.21708618e+02, 4.73518005e+02,
    7.37970154e+02, 5.10721802e+02, 7.53356018e+02, 5.47058838e+02,
    7.68684998e+02, 5.81259521e+02, 5.99334717e+02, 2.70382446e+02,
    6.18717163e+02, 3.14586273e+02, 6.38194031e+02, 3.56847748e+02,
    6.55426697e+02, 3.98573029e+02, 6.73172546e+02, 4.38102173e+02,
    6.88323486e+02, 4.77352722e+02, 7.04316711e+02, 5.14333191e+02,
    7.20363708e+02, 5.49512207e+02, 7.36399231e+02, 5.82713989e+02,
    5.66369507e+02, 2.77723999e+02, 5.84943726e+02, 3.21927795e+02,
    6.05216064e+02, 3.62865082e+02, 6.23323425e+02, 4.03383331e+02,
    6.40872009e+02, 4.42167145e+02, 6.55953796e+02, 4.80937714e+02,
    6.72123596e+02, 5.17529358e+02, 6.89220947e+02, 5.51117859e+02,
    7.05119019e+02, 5.84289429e+02, 5.33970764e+02, 2.85544189e+02,
    5.52441467e+02, 3.28633911e+02, 5.72586914e+02, 3.69278229e+02,
    5.91847412e+02, 4.08226990e+02, 6.09450806e+02, 4.46362732e+02,
    6.24876770e+02, 4.84450958e+02, 6.41397400e+02, 5.19869812e+02,
    6.58945068e+02, 5.53120605e+02, 6.74734497e+02, 5.85952148e+02,
    5.02815369e+02, 2.92667358e+02, 5.21469849e+02, 3.34889374e+02,
    5.41028015e+02, 3.75395813e+02, 5.60571899e+02, 4.13422424e+02,
    5.78942688e+02, 4.50568237e+02, 5.94607117e+02, 4.87649841e+02,
    6.11901855e+02, 5.22440002e+02, 6.29524963e+02, 5.54859253e+02,
    6.45351013e+02, 5.87444336e+02, 4.72614563e+02, 2.99966309e+02,
    4.91859619e+02, 3.41077545e+02, 5.11355072e+02, 3.80633514e+02,
    5.30231201e+02, 4.18517578e+02, 5.49269409e+02, 4.54662842e+02,
    5.65654846e+02, 4.90945465e+02, 5.82813843e+02, 5.25087036e+02,
    6.00804443e+02, 5.57014648e+02, 6.16196472e+02, 5.89588623e+02,
    4.44032806e+02, 3.06700623e+02, 4.63129089e+02, 3.47032501e+02,
    4.83379852e+02, 3.85477081e+02, 5.01710846e+02, 4.23101746e+02,
    5.20855408e+02, 4.58537201e+02, 5.37604370e+02, 4.93826294e+02,
    5.55137268e+02, 5.27610596e+02, 5.72860657e+02, 5.59317932e+02,
    5.88555054e+02, 5.91026550e+02, 4.15802063e+02, 3.13419708e+02,
    4.36045654e+02, 3.52520203e+02, 4.56169739e+02, 3.90221680e+02,
    4.75611298e+02, 4.26481934e+02, 4.93328033e+02, 4.62200684e+02,
    5.11331665e+02, 4.96514496e+02, 5.29288025e+02, 5.29086670e+02,
    5.45572937e+02, 5.61390076e+02, 5.62449280e+02, 5.92082275e+02,
    3.90135010e+02, 3.19214630e+02, 4.10472626e+02, 3.57517120e+02,
    4.30335815e+02, 3.94464417e+02, 4.50136169e+02, 4.29861206e+02,
    4.68080017e+02, 4.65044769e+02, 4.86143219e+02, 4.98528870e+02,
    5.04356293e+02, 5.30469604e+02, 5.20539612e+02, 5.62405762e+02,
    5.37602966e+02, 5.92469666e+02 ]
