%YAML:1.0
points: [ 9.96705933e+02, 2.20442841e+02, 1.00931830e+03, 2.58746765e+02,
    1.02138275e+03, 2.95796387e+02, 1.03327808e+03, 3.32404694e+02,
    1.04455054e+03, 3.66896088e+02, 1.05576172e+03, 4.01277191e+02,
    1.06653662e+03, 4.33897095e+02, 1.07704614e+03, 4.66469666e+02,
    1.08733496e+03, 4.97384613e+02, 9.59218201e+02, 2.33862213e+02,
    9.72175720e+02, 2.71962341e+02, 9.84795288e+02, 3.08557648e+02,
    9.97010742e+02, 3.44644775e+02, 1.00881348e+03, 3.78801392e+02,
    1.02049927e+03, 4.12887543e+02, 1.03164722e+03, 4.45244263e+02,
    1.04261682e+03, 4.76809265e+02, 1.05332959e+03, 5.07720520e+02,
    9.22385010e+02, 2.47296799e+02, 9.35741333e+02, 2.84596771e+02,
    9.48778992e+02, 3.20931122e+02, 9.61479248e+02, 3.56653564e+02,
    9.73830017e+02, 3.90490051e+02, 9.85727600e+02, 4.24465851e+02,
    9.97495667e+02, 4.56489166e+02, 1.00880695e+03, 4.88086823e+02,
    1.01993292e+03, 5.18093445e+02, 8.85623596e+02, 2.60658051e+02,
    8.99572998e+02, 2.97663422e+02, 9.13225464e+02, 3.33303101e+02,
    9.26226562e+02, 3.68494598e+02, 9.39089722e+02, 4.02197632e+02,
    9.51313599e+02, 4.35608826e+02, 9.63451965e+02, 4.67750488e+02,
    9.75187012e+02, 4.98608826e+02, 9.86566345e+02, 5.28206787e+02,
    8.49682373e+02, 2.73538696e+02, 8.63882507e+02, 3.10482819e+02,
    8.78035583e+02, 3.45499939e+02, 8.91498718e+02, 3.80139069e+02,
    9.04625244e+02, 4.13526031e+02, 9.17316650e+02, 4.46860626e+02,
    9.29669678e+02, 4.78761078e+02, 9.41910400e+02, 5.08719910e+02,
    9.53739441e+02, 5.38375183e+02, 8.14048828e+02, 2.86426636e+02,
    8.28636902e+02, 3.23089203e+02, 8.43172852e+02, 3.57876373e+02,
    8.57202759e+02, 3.91586670e+02, 8.70656494e+02, 4.24922546e+02,
    8.83588562e+02, 4.57945129e+02, 8.96499817e+02, 4.89359772e+02,
    9.09207581e+02, 5.18845520e+02, 9.21366760e+02, 5.48372559e+02,
    7.78672913e+02, 2.99259979e+02, 7.93613525e+02, 3.35443634e+02,
    8.08576172e+02, 3.70249756e+02, 8.23078247e+02, 4.03627869e+02,
    8.37072449e+02, 4.36161346e+02, 8.50424744e+02, 4.68781555e+02,
    8.63533875e+02, 4.99678101e+02, 8.76669983e+02, 5.29095337e+02,
    8.89230835e+02, 5.58276306e+02, 7.43837708e+02, 3.11700073e+02,
    7.59291382e+02, 3.47471222e+02, 7.74527527e+02, 3.81908875e+02,
    7.89307068e+02, 4.15401642e+02, 8.03845581e+02, 4.47519653e+02,
    8.17524353e+02, 4.79561401e+02, 8.31109558e+02, 5.10251587e+02,
    8.44685608e+02, 5.39291504e+02, 8.57372131e+02, 5.68555908e+02,
    7.09545288e+02, 3.24173584e+02, 7.25347229e+02, 3.59379700e+02,
    7.41104614e+02, 3.93318542e+02, 7.56102356e+02, 4.26643280e+02,
    7.71142822e+02, 4.58430969e+02, 7.85141357e+02, 4.90165680e+02,
    7.99042969e+02, 5.20465881e+02, 8.12943787e+02, 5.49385498e+02,
    8.26116211e+02, 5.78244324e+02, 6.75404541e+02, 3.36421021e+02,
    6.91862305e+02, 3.71131073e+02, 7.08009705e+02, 4.04665131e+02,
    7.23747559e+02, 4.37209839e+02, 7.38498230e+02, 4.69312866e+02,
    7.53354553e+02, 5.00305023e+02, 7.67627380e+02, 5.29937256e+02,
    7.81640442e+02, 5.59474060e+02, 7.95175537e+02, 5.87602539e+02,
    6.42145874e+02, 3.48129547e+02, 6.59079346e+02, 3.82405396e+02,
    6.75467285e+02, 4.15598419e+02, 6.91559570e+02, 4.47636627e+02,
    7.06839111e+02, 4.79422150e+02, 7.21848206e+02, 5.09871338e+02,
    7.36731445e+02, 5.39387817e+02, 7.50779053e+02, 5.68609558e+02,
    7.64935181e+02, 5.96430542e+02 ]
