%YAML:1.0
points: [ 3.81928986e+02, 1.50169479e+02, 3.74660187e+02, 1.61198380e+02,
    3.67454987e+02, 1.72193588e+02, 3.61083893e+02, 1.83221024e+02,
    3.53903046e+02, 1.93643097e+02, 3.47533081e+02, 2.04198807e+02,
    3.40638062e+02, 2.14325623e+02, 3.34654968e+02, 2.24477646e+02,
    3.28245239e+02, 2.34191803e+02, 3.74176086e+02, 1.45345734e+02,
    3.67017212e+02, 1.57052460e+02, 3.59733246e+02, 1.68068695e+02,
    3.53180267e+02, 1.79485214e+02, 3.46015747e+02, 1.90080795e+02,
    3.39779999e+02, 2.01095810e+02, 3.32957672e+02, 2.11299500e+02,
    3.26484833e+02, 2.21443405e+02, 3.20241150e+02, 2.31595627e+02,
    3.66299347e+02, 1.40768387e+02, 3.58891907e+02, 1.52429459e+02,
    3.51725433e+02, 1.64043655e+02, 3.45060791e+02, 1.75512543e+02,
    3.37906677e+02, 1.86444138e+02, 3.31640350e+02, 1.97676498e+02,
    3.24893646e+02, 2.08266373e+02, 3.18447235e+02, 2.18787506e+02,
    3.11856903e+02, 2.28827545e+02, 3.58178253e+02, 1.35801468e+02,
    3.50834900e+02, 1.47998123e+02, 3.43347809e+02, 1.59556870e+02,
    3.36533844e+02, 1.71417068e+02, 3.29454559e+02, 1.82638916e+02,
    3.23171082e+02, 1.94188980e+02, 3.16585632e+02, 2.05147400e+02,
    3.09838074e+02, 2.15792358e+02, 3.03153839e+02, 2.25926636e+02,
    3.49434082e+02, 1.30665298e+02, 3.42376617e+02, 1.43186798e+02,
    3.34703217e+02, 1.55161316e+02, 3.27632538e+02, 1.67043167e+02,
    3.20640228e+02, 1.78754150e+02, 3.14375153e+02, 1.90491974e+02,
    3.07703857e+02, 2.01820908e+02, 3.00760803e+02, 2.12348282e+02,
    2.94162994e+02, 2.22998978e+02, 3.40549835e+02, 1.25293808e+02,
    3.33472931e+02, 1.38257202e+02, 3.25857635e+02, 1.50579727e+02,
    3.18485413e+02, 1.62637650e+02, 3.11516968e+02, 1.74620911e+02,
    3.05145172e+02, 1.86712189e+02, 2.98415802e+02, 1.98171295e+02,
    2.91388855e+02, 2.09053619e+02, 2.84862946e+02, 2.19954315e+02,
    3.31164734e+02, 1.19712296e+02, 3.24108765e+02, 1.32974716e+02,
    3.16707092e+02, 1.45851562e+02, 3.09202271e+02, 1.58158859e+02,
    3.01975189e+02, 1.70382004e+02, 2.95522247e+02, 1.82681229e+02,
    2.88671173e+02, 1.94344711e+02, 2.81652405e+02, 2.05507507e+02,
    2.75164276e+02, 2.16726257e+02, 3.21603363e+02, 1.13878380e+02,
    3.14292145e+02, 1.27495605e+02, 3.06832428e+02, 1.40582321e+02,
    2.99562134e+02, 1.53638626e+02, 2.92184326e+02, 1.65962891e+02,
    2.85568115e+02, 1.78497238e+02, 2.78661652e+02, 1.90501236e+02,
    2.71611328e+02, 2.01960358e+02, 2.65217468e+02, 2.13618484e+02,
    3.11411224e+02, 1.07728180e+02, 3.04014221e+02, 1.21624283e+02,
    2.96407227e+02, 1.35193176e+02, 2.89221741e+02, 1.48488052e+02,
    2.81864594e+02, 1.61282242e+02, 2.75124847e+02, 1.74135071e+02,
    2.68224945e+02, 1.86485260e+02, 2.61213806e+02, 1.98255630e+02,
    2.54769135e+02, 2.10175568e+02, 3.00807465e+02, 1.01271591e+02,
    2.93143005e+02, 1.15618042e+02, 2.85547302e+02, 1.29443497e+02,
    2.78055969e+02, 1.43035156e+02, 2.71023193e+02, 1.56334457e+02,
    2.63921021e+02, 1.69456940e+02, 2.56932526e+02, 1.81925873e+02,
    2.50294968e+02, 1.94485504e+02, 2.43562912e+02, 2.06515778e+02,
    2.89310577e+02, 9.43889160e+01, 2.81562134e+02, 1.09067497e+02,
    2.74064056e+02, 1.23392097e+02, 2.66414185e+02, 1.37264618e+02,
    2.59332581e+02, 1.51087250e+02, 2.52244446e+02, 1.64318085e+02,
    2.45178070e+02, 1.77256027e+02, 2.38592407e+02, 1.90086334e+02,
    2.31856049e+02, 2.02285385e+02 ]
