%YAML:1.0
points: [ 3.76347015e+02, 1.97174805e+02, 3.63271576e+02, 1.97168671e+02,
    3.50673553e+02, 1.97278625e+02, 3.38654297e+02, 1.97202087e+02,
    3.27061615e+02, 1.97247574e+02, 3.73936768e+02, 1.87294388e+02,
    3.60616516e+02, 1.87548126e+02, 3.47838196e+02, 1.87864365e+02,
    3.35623840e+02, 1.87970734e+02, 3.23874908e+02, 1.88131470e+02,
    3.71411469e+02, 1.77001556e+02, 3.57816040e+02, 1.77580933e+02,
    3.44913757e+02, 1.77935791e+02, 3.32510864e+02, 1.78406998e+02,
    3.20618500e+02, 1.78761459e+02, 3.68795563e+02, 1.66268509e+02,
    3.54958801e+02, 1.67234406e+02, 3.41886200e+02, 1.67675034e+02,
    3.29258942e+02, 1.68387192e+02, 3.17120148e+02, 1.68969711e+02,
    3.66065460e+02, 1.55148758e+02, 3.52038666e+02, 1.56323669e+02,
    3.38713928e+02, 1.57084885e+02, 3.25889771e+02, 1.57958847e+02,
    3.13591248e+02, 1.58868759e+02, 3.63237488e+02, 1.43484268e+02,
    3.48973328e+02, 1.44905991e+02, 3.35377289e+02, 1.46009842e+02,
    3.22388306e+02, 1.47100082e+02, 3.09859772e+02, 1.48250122e+02,
    3.60280426e+02, 1.31249252e+02, 3.45720978e+02, 1.32992966e+02,
    3.31940887e+02, 1.34381790e+02, 3.18662872e+02, 1.35777527e+02,
    3.05964600e+02, 1.37270721e+02 ]
