%YAML:1.0
points: [ 2.70426483e+02, 1.17696198e+02, 2.75675598e+02, 1.31295456e+02,
    2.80669739e+02, 1.44214615e+02, 2.85209534e+02, 1.57097412e+02,
    2.89811523e+02, 1.68545502e+02, 2.94067932e+02, 1.80159424e+02,
    2.98204590e+02, 1.90830551e+02, 3.02139221e+02, 2.01336578e+02,
    3.05974701e+02, 2.11177353e+02, 2.55842773e+02, 1.21663208e+02,
    2.61293732e+02, 1.35202591e+02, 2.66528320e+02, 1.47804459e+02,
    2.71416321e+02, 1.60301544e+02, 2.76273499e+02, 1.71619186e+02,
    2.80757202e+02, 1.83098831e+02, 2.85150665e+02, 1.93463486e+02,
    2.89260376e+02, 2.03616455e+02, 2.93288147e+02, 2.13412247e+02,
    2.41762497e+02, 1.25643227e+02, 2.47482010e+02, 1.38635925e+02,
    2.52986282e+02, 1.51150986e+02, 2.57942444e+02, 1.63469925e+02,
    2.63094421e+02, 1.74615967e+02, 2.67705505e+02, 1.85962921e+02,
    2.72322235e+02, 1.96296082e+02, 2.76695953e+02, 2.06263794e+02,
    2.80917480e+02, 2.15533966e+02, 2.27927719e+02, 1.29629562e+02,
    2.33915924e+02, 1.42460815e+02, 2.39675919e+02, 1.54521545e+02,
    2.45035507e+02, 1.66459503e+02, 2.50297241e+02, 1.77565994e+02,
    2.55080109e+02, 1.88653976e+02, 2.59838196e+02, 1.99001785e+02,
    2.64485474e+02, 2.08625259e+02, 2.68991119e+02, 2.17624222e+02,
    2.14659103e+02, 1.33249496e+02, 2.20604782e+02, 1.46140854e+02,
    2.26769943e+02, 1.57778381e+02, 2.32344620e+02, 1.69293243e+02,
    2.37753006e+02, 1.80302109e+02, 2.42676605e+02, 1.91348068e+02,
    2.47692978e+02, 2.01542603e+02, 2.52541595e+02, 2.10633392e+02,
    2.57175995e+02, 2.19732269e+02, 2.01630264e+02, 1.36884750e+02,
    2.07856461e+02, 1.49569656e+02, 2.14090240e+02, 1.61161530e+02,
    2.20049911e+02, 1.72210510e+02, 2.25647171e+02, 1.83067337e+02,
    2.30764420e+02, 1.93918335e+02, 2.35861511e+02, 2.03818451e+02,
    2.41021164e+02, 2.12815079e+02, 2.45744919e+02, 2.21817108e+02,
    1.88918808e+02, 1.40398849e+02, 1.95301636e+02, 1.52866684e+02,
    2.01659393e+02, 1.64489716e+02, 2.07856232e+02, 1.75317017e+02,
    2.13622101e+02, 1.85765610e+02, 2.18915436e+02, 1.96413528e+02,
    2.24332642e+02, 2.06061981e+02, 2.29640671e+02, 2.14915726e+02,
    2.34495361e+02, 2.23830490e+02, 1.76584274e+02, 1.43996338e+02,
    1.83225357e+02, 1.56077026e+02, 1.89733887e+02, 1.67463394e+02,
    1.95945084e+02, 1.78337402e+02, 2.02061600e+02, 1.88500122e+02,
    2.07599747e+02, 1.98790344e+02, 2.13053268e+02, 2.08323181e+02,
    2.18512238e+02, 2.17078659e+02, 2.23544968e+02, 2.26129837e+02,
    1.64604919e+02, 1.47248474e+02, 1.71346771e+02, 1.59133652e+02,
    1.78119415e+02, 1.70250198e+02, 1.84434494e+02, 1.81097855e+02,
    1.90661423e+02, 1.91118668e+02, 1.96301880e+02, 2.01132736e+02,
    2.02040024e+02, 2.10563904e+02, 2.07708740e+02, 2.19243927e+02,
    2.12783478e+02, 2.28019806e+02, 1.52848587e+02, 1.50603119e+02,
    1.59912125e+02, 1.62039963e+02, 1.66806381e+02, 1.72963058e+02,
    1.73407288e+02, 1.83275543e+02, 1.79610107e+02, 1.93618195e+02,
    1.85589645e+02, 2.03170441e+02, 1.91484650e+02, 2.12329254e+02,
    1.96974625e+02, 2.21334915e+02, 2.02474060e+02, 2.29784668e+02,
    1.41579483e+02, 1.53472321e+02, 1.48888062e+02, 1.64742416e+02,
    1.55856583e+02, 1.75440338e+02, 1.62648788e+02, 1.85593643e+02,
    1.68867737e+02, 1.95626312e+02, 1.75110535e+02, 2.05138840e+02,
    1.81209167e+02, 2.14094742e+02, 1.86718933e+02, 2.23011017e+02,
    1.92278000e+02, 2.31230133e+02 ]
