%YAML:1.0
points: [ 1.36138013e+03, 4.23914520e+02, 1.32439429e+03, 4.24091705e+02,
    1.28810071e+03, 4.24431305e+02, 1.25240906e+03, 4.24486328e+02,
    1.21732129e+03, 4.24720459e+02, 1.36481189e+03, 3.91052338e+02,
    1.32724719e+03, 3.91550415e+02, 1.29035657e+03, 3.92206390e+02,
    1.25402417e+03, 3.92469849e+02, 1.21844006e+03, 3.92868317e+02,
    1.36843372e+03, 3.56918732e+02, 1.33027795e+03, 3.57937012e+02,
    1.29277966e+03, 3.58558167e+02, 1.25584619e+03, 3.59345215e+02,
    1.21960510e+03, 3.60095215e+02, 1.37223157e+03, 3.21804993e+02,
    1.33347913e+03, 3.23230743e+02, 1.29523779e+03, 3.23956818e+02,
    1.25768823e+03, 3.25049286e+02, 1.22084534e+03, 3.26140930e+02,
    1.37630139e+03, 2.85409576e+02, 1.33680200e+03, 2.87122742e+02,
    1.29788440e+03, 2.88332458e+02, 1.25971704e+03, 2.89689514e+02,
    1.22218677e+03, 2.91190491e+02, 1.38046924e+03, 2.47745438e+02,
    1.34030688e+03, 2.49754974e+02, 1.30061768e+03, 2.51429489e+02,
    1.26180640e+03, 2.53032562e+02, 1.22363489e+03, 2.54789474e+02,
    1.38478101e+03, 2.08681732e+02, 1.34391199e+03, 2.11052490e+02,
    1.30358569e+03, 2.13020111e+02, 1.26400793e+03, 2.15185608e+02,
    1.22513586e+03, 2.17320053e+02 ]
