%YAML:1.0
points: [ 7.39231262e+02, 5.00887665e+02, 7.28118225e+02, 4.85885651e+02,
    7.16983826e+02, 4.71214691e+02, 7.06479187e+02, 4.56883118e+02,
    6.95944702e+02, 4.42813721e+02, 7.50339539e+02, 4.81848114e+02,
    7.38881470e+02, 4.66795715e+02, 7.27553345e+02, 4.52304840e+02,
    7.16875366e+02, 4.38031921e+02, 7.06220764e+02, 4.24085205e+02,
    7.61647888e+02, 4.62345642e+02, 7.49700195e+02, 4.47402100e+02,
    7.38550110e+02, 4.32870209e+02, 7.27486145e+02, 4.18856445e+02,
    7.16526794e+02, 4.04955536e+02, 7.73190552e+02, 4.42426605e+02,
    7.60731384e+02, 4.27710724e+02, 7.49632690e+02, 4.13274963e+02,
    7.38207886e+02, 3.99310547e+02, 7.27012390e+02, 3.85459991e+02,
    7.84780396e+02, 4.22206696e+02, 7.72168579e+02, 4.07649475e+02,
    7.60673828e+02, 3.93402039e+02, 7.49111755e+02, 3.79379242e+02,
    7.37597473e+02, 3.65717529e+02, 7.96602661e+02, 4.01654846e+02,
    7.83858093e+02, 3.87216095e+02, 7.71932739e+02, 3.73092651e+02,
    7.60144592e+02, 3.59101868e+02, 7.48368530e+02, 3.45672089e+02,
    8.08618713e+02, 3.80701202e+02, 7.95613159e+02, 3.66400146e+02,
    7.83372192e+02, 3.52305023e+02, 7.71140564e+02, 3.38449890e+02,
    7.59131042e+02, 3.25042694e+02 ]
