%YAML:1.0
points: [ 9.02564758e+02, 1.64045898e+02, 9.19450134e+02, 2.12146378e+02,
    9.35457642e+02, 2.57743317e+02, 9.50321167e+02, 3.02541229e+02,
    9.65252197e+02, 3.43644226e+02, 9.78838501e+02, 3.84212524e+02,
    9.92465759e+02, 4.22126740e+02, 1.00497186e+03, 4.59564789e+02,
    1.01740137e+03, 4.94298492e+02, 8.57471436e+02, 1.78258835e+02,
    8.74759094e+02, 2.25605637e+02, 8.91741821e+02, 2.70476440e+02,
    9.07339661e+02, 3.14233795e+02, 9.23019470e+02, 3.54622955e+02,
    9.37316650e+02, 3.94816956e+02, 9.51449524e+02, 4.31829071e+02,
    9.65023804e+02, 4.67808990e+02, 9.77850708e+02, 5.02765472e+02,
    8.13572144e+02, 1.92253128e+02, 8.32068542e+02, 2.38338623e+02,
    8.49548401e+02, 2.82516968e+02, 8.65670715e+02, 3.25521332e+02,
    8.82132996e+02, 3.65413422e+02, 8.96819580e+02, 4.05121185e+02,
    9.11572083e+02, 4.41767181e+02, 9.25660156e+02, 4.77397919e+02,
    9.39648682e+02, 5.10861603e+02, 7.70396545e+02, 2.06116043e+02,
    7.89343567e+02, 2.51521866e+02, 8.07945984e+02, 2.94498871e+02,
    8.24999451e+02, 3.36496857e+02, 8.41769958e+02, 3.75903381e+02,
    8.57076721e+02, 4.14841797e+02, 8.72437439e+02, 4.51642090e+02,
    8.87452881e+02, 4.86330505e+02, 9.01718140e+02, 5.18736633e+02,
    7.28770203e+02, 2.19178452e+02, 7.47951416e+02, 2.64336273e+02,
    7.67555298e+02, 3.06272125e+02, 7.85399536e+02, 3.47027405e+02,
    8.02837830e+02, 3.86139587e+02, 8.18443237e+02, 4.24682007e+02,
    8.34263916e+02, 4.60847992e+02, 8.50148499e+02, 4.94183441e+02,
    8.65012390e+02, 5.26631653e+02, 6.87815674e+02, 2.32240158e+02,
    7.07536194e+02, 2.76635712e+02, 7.27547485e+02, 3.18123291e+02,
    7.46567383e+02, 3.57554077e+02, 7.64418335e+02, 3.96095276e+02,
    7.80694092e+02, 4.34213562e+02, 7.97222168e+02, 4.69546295e+02,
    8.13675415e+02, 5.02281281e+02, 8.28868713e+02, 5.34391663e+02,
    6.47802673e+02, 2.44782181e+02, 6.68170776e+02, 2.88449707e+02,
    6.88337341e+02, 3.29633850e+02, 7.08232361e+02, 3.68521912e+02,
    7.26791504e+02, 4.06112549e+02, 7.43663025e+02, 4.43405090e+02,
    7.60820618e+02, 4.77747864e+02, 7.77752930e+02, 5.10048553e+02,
    7.93503113e+02, 5.41977417e+02, 6.08791504e+02, 2.57264496e+02,
    6.29776550e+02, 2.99920593e+02, 6.50568542e+02, 3.40455688e+02,
    6.70494263e+02, 3.79345581e+02, 6.89822754e+02, 4.15786469e+02,
    7.07560120e+02, 4.52331726e+02, 7.25268860e+02, 4.86440857e+02,
    7.42866821e+02, 5.18130859e+02, 7.58690491e+02, 5.50166626e+02,
    5.70776123e+02, 2.69232483e+02, 5.92423401e+02, 3.11124664e+02,
    6.13948792e+02, 3.50599762e+02, 6.34025757e+02, 3.89207977e+02,
    6.53984924e+02, 4.25195374e+02, 6.72251953e+02, 4.60830048e+02,
    6.90358459e+02, 4.94542755e+02, 7.08338684e+02, 5.25956299e+02,
    7.24801147e+02, 5.57416870e+02, 5.33424927e+02, 2.81068634e+02,
    5.56053650e+02, 3.21767639e+02, 5.78096008e+02, 3.60654663e+02,
    5.99298950e+02, 3.97889374e+02, 6.18748657e+02, 4.34398621e+02,
    6.38142334e+02, 4.68914124e+02, 6.57012207e+02, 5.01694305e+02,
    6.74599182e+02, 5.33878784e+02, 6.91960876e+02, 5.64198242e+02,
    4.97784119e+02, 2.91875763e+02, 5.20990540e+02, 3.31960388e+02,
    5.43338745e+02, 3.70360535e+02, 5.65183411e+02, 4.06603210e+02,
    5.85190674e+02, 4.42448822e+02, 6.04953369e+02, 4.76427795e+02,
    6.24355225e+02, 5.08426788e+02, 6.42143738e+02, 5.40412109e+02,
    6.60270142e+02, 5.70279846e+02 ]
