%YAML:1.0
cameraMatrix: !!opencv-matrix
   rows: 3
   cols: 3
   dt: d
   data: [ 1.0497227531625490e+03, 0., 9.5431047013183411e+02, 0.,
       1.0472225110287281e+03, 5.3330205439564327e+02, 0., 0., 1. ]
distortionCoefficients: !!opencv-matrix
   rows: 1
   cols: 5
   dt: d
   data: [ 3.7366002560571633e-02, -5.1080676045774591e-02,
       -8.4151450694262646e-04, -3.4202995782843053e-03,
       2.4696072685034621e-03 ]
rotation: !!opencv-matrix
   rows: 3
   cols: 3
   dt: d
   data: [ 1., 0., 0., 0., 1., 0., 0., 0., 1. ]
projection: !!opencv-matrix
   rows: 4
   cols: 4
   dt: d
   data: [ 1.0497227531625490e+03, 0., 9.5431047013183411e+02, 0., 0.,
       1.0472225110287281e+03, 5.3330205439564327e+02, 0., 0., 0., 1.,
       0., 0., 0., 0., 1. ]
