%YAML:1.0
rotation: !!opencv-matrix
   rows: 3
   cols: 3
   dt: d
   data: [ 9.9994477481378186e-01, 1.0281636479935671e-02,
       -2.1760684524181279e-03, -1.0252111645252516e-02,
       9.9986071244492092e-01, 1.3170038570499545e-02,
       2.3111749021723004e-03, -1.3147001955945089e-02,
       9.9991090343597211e-01 ]
translation: !!opencv-matrix
   rows: 3
   cols: 1
   dt: d
   data: [ -4.7549676057970267e-02, -6.3036155393948806e-03,
       6.1471375701921058e-02 ]
essential: !!opencv-matrix
   rows: 3
   cols: 3
   dt: d
   data: [ 6.1564264865576464e-04, -6.1379939858466237e-02,
       -7.1126342978853358e-03, 6.1577876551662435e-02,
       6.8906547500123018e-06, 4.7411673623821170e-02,
       6.7907520086947721e-03, -4.7478241496362018e-02,
       -6.3994816660967711e-04 ]
fundamental: !!opencv-matrix
   rows: 3
   cols: 3
   dt: d
   data: [ -4.1680080142965717e-07, 4.1293197809002982e-05,
       -6.8919465098614338e-03, -4.1788828620488394e-05,
       -4.6467380440281640e-09, -4.4883182332075122e-05,
       1.7857769834418856e-02, -5.8749993835317425e-03, 1. ]
