%YAML:1.0
points: [ 8.45167236e+02, 3.54187714e+02, 8.48462830e+02, 3.79812683e+02,
    8.51226807e+02, 4.05911743e+02, 8.54288330e+02, 4.32048859e+02,
    8.57232666e+02, 4.58447571e+02, 8.59908325e+02, 4.85157471e+02,
    8.63394958e+02, 5.11548309e+02, 8.66063538e+02, 5.38409485e+02,
    8.69151062e+02, 5.65248901e+02, 8.18947083e+02, 3.54495941e+02,
    8.22147217e+02, 3.80457397e+02, 8.24786499e+02, 4.06808655e+02,
    8.27905884e+02, 4.33209747e+02, 8.30645630e+02, 4.59811432e+02,
    8.33466309e+02, 4.86690857e+02, 8.36479431e+02, 5.13425232e+02,
    8.39385193e+02, 5.40341309e+02, 8.42525085e+02, 5.67496277e+02,
    7.92280762e+02, 3.54976227e+02, 7.95209106e+02, 3.81363647e+02,
    7.97940430e+02, 4.07621460e+02, 8.00983215e+02, 4.34495300e+02,
    8.03525696e+02, 4.61410492e+02, 8.06532776e+02, 4.88358124e+02,
    8.09251343e+02, 5.15546997e+02, 8.12408508e+02, 5.42570374e+02,
    8.15216309e+02, 5.70159241e+02, 7.64776428e+02, 3.55646759e+02,
    7.67639709e+02, 3.82297882e+02, 7.70500366e+02, 4.08671844e+02,
    7.73445862e+02, 4.35703491e+02, 7.76005066e+02, 4.63191956e+02,
    7.78865051e+02, 4.90406403e+02, 7.81578979e+02, 5.17716064e+02,
    7.84857300e+02, 5.44948669e+02, 7.87293335e+02, 5.72569885e+02,
    7.36974365e+02, 3.56470520e+02, 7.39557617e+02, 3.83082245e+02,
    7.42734436e+02, 4.09723877e+02, 7.45229431e+02, 4.37361328e+02,
    7.48084778e+02, 4.64828094e+02, 7.50718811e+02, 4.92256775e+02,
    7.53544922e+02, 5.19808228e+02, 7.56438293e+02, 5.47320923e+02,
    7.59141235e+02, 5.75200012e+02, 7.08437256e+02, 3.57176178e+02,
    7.11261841e+02, 3.83988708e+02, 7.13968506e+02, 4.11010071e+02,
    7.16745300e+02, 4.38613617e+02, 7.19265381e+02, 4.66468170e+02,
    7.22160583e+02, 4.93991302e+02, 7.24750854e+02, 5.22206421e+02,
    7.27809998e+02, 5.49777954e+02, 7.30276306e+02, 5.77741089e+02,
    6.79619263e+02, 3.57796692e+02, 6.82210083e+02, 3.85034637e+02,
    6.85196167e+02, 4.12151581e+02, 6.87517456e+02, 4.40033478e+02,
    6.90260193e+02, 4.68097351e+02, 6.92856018e+02, 4.96232941e+02,
    6.95670044e+02, 5.24063049e+02, 6.98298462e+02, 5.52182678e+02,
    7.01114990e+02, 5.80633728e+02, 6.49984741e+02, 3.58611816e+02,
    6.52795105e+02, 3.85757843e+02, 6.55329834e+02, 4.13378540e+02,
    6.58115845e+02, 4.41443939e+02, 6.60626892e+02, 4.69810516e+02,
    6.63310242e+02, 4.97812439e+02, 6.65806335e+02, 5.26385132e+02,
    6.68576538e+02, 5.54644348e+02, 6.71111450e+02, 5.83251770e+02,
    6.20010010e+02, 3.59257629e+02, 6.22595764e+02, 3.86688354e+02,
    6.25124817e+02, 4.14594727e+02, 6.27830872e+02, 4.43093597e+02,
    6.30394226e+02, 4.71485779e+02, 6.33032837e+02, 4.99635498e+02,
    6.35531128e+02, 5.28498169e+02, 6.38156677e+02, 5.57257568e+02,
    6.40666565e+02, 5.86061646e+02, 5.89708801e+02, 3.59814545e+02,
    5.91992554e+02, 3.87792572e+02, 5.94711975e+02, 4.16194244e+02,
    5.97190552e+02, 4.44481232e+02, 5.99738892e+02, 4.73188538e+02,
    6.02261108e+02, 5.01770020e+02, 6.04710449e+02, 5.30616394e+02,
    6.07342529e+02, 5.59683594e+02, 6.09760193e+02, 5.88811523e+02,
    5.58545471e+02, 3.60539429e+02, 5.60887939e+02, 3.88725464e+02,
    5.63532837e+02, 4.17395599e+02, 5.65717102e+02, 4.46077759e+02,
    5.68394653e+02, 4.75052734e+02, 5.70618103e+02, 5.03586639e+02,
    5.73297913e+02, 5.33155029e+02, 5.75591797e+02, 5.62372864e+02,
    5.77954590e+02, 5.91802551e+02 ]
