%YAML:1.0
points: [ 1.01577289e+03, 5.50445862e+02, 1.01557654e+03, 5.77058228e+02,
    1.01543494e+03, 6.04134827e+02, 1.01494873e+03, 6.31266724e+02,
    1.01475531e+03, 6.59525208e+02, 1.01451459e+03, 6.87837036e+02,
    1.01421765e+03, 7.16775208e+02, 1.01381329e+03, 7.46194275e+02,
    1.01367151e+03, 7.76309814e+02, 9.88043274e+02, 5.50809021e+02,
    9.87539062e+02, 5.77291321e+02, 9.87087830e+02, 6.04248047e+02,
    9.86513611e+02, 6.31437134e+02, 9.86110657e+02, 6.59483521e+02,
    9.85639526e+02, 6.87620972e+02, 9.85191772e+02, 7.16579834e+02,
    9.84665771e+02, 7.45877991e+02, 9.84142029e+02, 7.75901794e+02,
    9.60738708e+02, 5.51237427e+02, 9.60033081e+02, 5.77603027e+02,
    9.59380310e+02, 6.04377014e+02, 9.58535522e+02, 6.31578613e+02,
    9.57856323e+02, 6.59542053e+02, 9.57055603e+02, 6.87468567e+02,
    9.56128052e+02, 7.16292175e+02, 9.55423157e+02, 7.45487305e+02,
    9.54761292e+02, 7.75503845e+02, 9.33420166e+02, 5.51472717e+02,
    9.32526550e+02, 5.77718994e+02, 9.31616577e+02, 6.04569824e+02,
    9.30554443e+02, 6.31793396e+02, 9.29624451e+02, 6.59521301e+02,
    9.28411011e+02, 6.87337280e+02, 9.27390869e+02, 7.15923157e+02,
    9.26460693e+02, 7.45185303e+02, 9.25579712e+02, 7.75130493e+02,
    9.06403809e+02, 5.51894043e+02, 9.05213196e+02, 5.77950989e+02,
    9.04097778e+02, 6.04771851e+02, 9.02719360e+02, 6.32055725e+02,
    9.01669861e+02, 6.59572937e+02, 9.00293762e+02, 6.87187378e+02,
    8.98672363e+02, 7.15611450e+02, 8.97647278e+02, 7.44909180e+02,
    8.96601624e+02, 7.74655762e+02, 8.79507690e+02, 5.52337952e+02,
    8.77867737e+02, 5.78184021e+02, 8.76678955e+02, 6.04996460e+02,
    8.75284912e+02, 6.32150513e+02, 8.73935303e+02, 6.59540344e+02,
    8.72020020e+02, 6.87170044e+02, 8.70338562e+02, 7.15476440e+02,
    8.69084412e+02, 7.44553162e+02, 8.67633606e+02, 7.74313538e+02,
    8.52745056e+02, 5.52699707e+02, 8.50666504e+02, 5.78360413e+02,
    8.49445129e+02, 6.05083130e+02, 8.47698853e+02, 6.32079590e+02,
    8.46059082e+02, 6.59520142e+02, 8.44247498e+02, 6.87154968e+02,
    8.42237244e+02, 7.15306885e+02, 8.40549438e+02, 7.44356567e+02,
    8.38977905e+02, 7.73876465e+02, 8.26224304e+02, 5.53081970e+02,
    8.23835815e+02, 5.78549377e+02, 8.22549622e+02, 6.05351379e+02,
    8.20652344e+02, 6.32260498e+02, 8.18623962e+02, 6.59476868e+02,
    8.16553955e+02, 6.87034058e+02, 8.14322754e+02, 7.15141663e+02,
    8.12488342e+02, 7.44098083e+02, 8.10545410e+02, 7.73427063e+02,
    7.99812866e+02, 5.53432800e+02, 7.97331787e+02, 5.78829346e+02,
    7.95684082e+02, 6.05431091e+02, 7.93392639e+02, 6.32142761e+02,
    7.91301025e+02, 6.59420105e+02, 7.89186096e+02, 6.86956177e+02,
    7.86604004e+02, 7.15023438e+02, 7.84495789e+02, 7.43874756e+02,
    7.82068481e+02, 7.73079163e+02, 7.73536194e+02, 5.53634216e+02,
    7.70917175e+02, 5.79300537e+02, 7.68970032e+02, 6.05551758e+02,
    7.66601501e+02, 6.32355225e+02, 7.64304443e+02, 6.59407593e+02,
    7.61575012e+02, 6.86914612e+02, 7.59289612e+02, 7.15031799e+02,
    7.56590210e+02, 7.43670410e+02, 7.54327148e+02, 7.72773499e+02,
    7.47684448e+02, 5.54310425e+02, 7.45030579e+02, 5.79928650e+02,
    7.42438354e+02, 6.05730652e+02, 7.40201660e+02, 6.32647827e+02,
    7.37470093e+02, 6.59538574e+02, 7.34595154e+02, 6.87051941e+02,
    7.32222717e+02, 7.14997070e+02, 7.29257507e+02, 7.43615295e+02,
    7.26810547e+02, 7.72579407e+02 ]
