%YAML:1.0
points: [ 7.26788757e+02, 7.72332458e+02, 7.29217712e+02, 7.43372009e+02,
    7.32142151e+02, 7.14698242e+02, 7.34582092e+02, 6.86724121e+02,
    7.37449219e+02, 6.59296814e+02, 7.40154663e+02, 6.32380371e+02,
    7.42415833e+02, 6.05428711e+02, 7.44908447e+02, 5.79611816e+02,
    7.47598389e+02, 5.54023315e+02, 7.54274231e+02, 7.72503601e+02,
    7.56583374e+02, 7.43428162e+02, 7.59294189e+02, 7.14722717e+02,
    7.61569824e+02, 6.86649048e+02, 7.64270203e+02, 6.59144226e+02,
    7.66525818e+02, 6.32065247e+02, 7.68904419e+02, 6.05232849e+02,
    7.70911682e+02, 5.78920776e+02, 7.73464355e+02, 5.53359924e+02,
    7.82018250e+02, 7.72716492e+02, 7.84484863e+02, 7.43556885e+02,
    7.86560974e+02, 7.14752563e+02, 7.89149475e+02, 6.86710571e+02,
    7.91237183e+02, 6.59177612e+02, 7.93312134e+02, 6.31816528e+02,
    7.95641296e+02, 6.05114136e+02, 7.97294739e+02, 5.78524475e+02,
    7.99718689e+02, 5.53146057e+02, 8.10474243e+02, 7.73047058e+02,
    8.12424072e+02, 7.43805969e+02, 8.14295593e+02, 7.14943542e+02,
    8.16513672e+02, 6.86702209e+02, 8.18560425e+02, 6.59244629e+02,
    8.20505188e+02, 6.31871399e+02, 8.22525757e+02, 6.04952148e+02,
    8.23782043e+02, 5.78272766e+02, 8.26156067e+02, 5.52741577e+02,
    8.38935974e+02, 7.73549805e+02, 8.40509155e+02, 7.44052490e+02,
    8.42166565e+02, 7.14966003e+02, 8.44262268e+02, 6.86840454e+02,
    8.46034912e+02, 6.59291931e+02, 8.47645752e+02, 6.31701660e+02,
    8.49369263e+02, 6.04723328e+02, 8.50612671e+02, 5.78056702e+02,
    8.52678467e+02, 5.52454102e+02, 8.67560364e+02, 7.74020691e+02,
    8.69079895e+02, 7.44294067e+02, 8.70306763e+02, 7.15164490e+02,
    8.71967590e+02, 6.86867493e+02, 8.73836182e+02, 6.59276123e+02,
    8.75263062e+02, 6.31735840e+02, 8.76632935e+02, 6.04653503e+02,
    8.77797485e+02, 5.77795349e+02, 8.79436707e+02, 5.51960144e+02,
    8.96527466e+02, 7.74390991e+02, 8.97599792e+02, 7.44583130e+02,
    8.98612305e+02, 7.15338989e+02, 9.00235291e+02, 6.86876282e+02,
    9.01648010e+02, 6.59329651e+02, 9.02652649e+02, 6.31669739e+02,
    9.04042419e+02, 6.04534485e+02, 9.05163208e+02, 5.77674194e+02,
    9.06337830e+02, 5.51626038e+02, 9.25487610e+02, 7.74790222e+02,
    9.26437256e+02, 7.44890076e+02, 9.27349121e+02, 7.15572937e+02,
    9.28324097e+02, 6.87001953e+02, 9.29552551e+02, 6.59281067e+02,
    9.30545471e+02, 6.31513184e+02, 9.31562988e+02, 6.04314270e+02,
    9.32504089e+02, 5.77490906e+02, 9.33350586e+02, 5.51234131e+02,
    9.54711731e+02, 7.75257385e+02, 9.55358215e+02, 7.45213684e+02,
    9.56097595e+02, 7.16010742e+02, 9.56917297e+02, 6.87258423e+02,
    9.57871094e+02, 6.59297119e+02, 9.58502380e+02, 6.31332031e+02,
    9.59304321e+02, 6.04105957e+02, 9.60011719e+02, 5.77351746e+02,
    9.60653320e+02, 5.50817200e+02, 9.84068359e+02, 7.75588135e+02,
    9.84577271e+02, 7.45571533e+02, 9.85100525e+02, 7.16298096e+02,
    9.85555908e+02, 6.87415283e+02, 9.86055603e+02, 6.59202942e+02,
    9.86510620e+02, 6.31169495e+02, 9.87036865e+02, 6.03888367e+02,
    9.87493713e+02, 5.77002014e+02, 9.87937988e+02, 5.50568787e+02,
    1.01359711e+03, 7.75972534e+02, 1.01377362e+03, 7.45879395e+02,
    1.01408868e+03, 7.16490845e+02, 1.01443915e+03, 6.87575439e+02,
    1.01465570e+03, 6.59258423e+02, 1.01484760e+03, 6.30934937e+02,
    1.01532025e+03, 6.03739807e+02, 1.01552911e+03, 5.76720276e+02,
    1.01571533e+03, 5.50203430e+02 ]
