%YAML:1.0
points: [ 1.98190750e+02, 2.90146545e+02, 1.98942673e+02, 2.80128723e+02,
    1.99707092e+02, 2.70131561e+02, 2.00467712e+02, 2.60529999e+02,
    2.01312820e+02, 2.50873718e+02, 2.02072723e+02, 2.41602097e+02,
    2.02675217e+02, 2.32186111e+02, 2.03434616e+02, 2.23305893e+02,
    2.04239227e+02, 2.14385315e+02, 2.07804459e+02, 2.90331024e+02,
    2.08525314e+02, 2.80070587e+02, 2.09273804e+02, 2.70190765e+02,
    2.09934387e+02, 2.60478241e+02, 2.10632080e+02, 2.50916290e+02,
    2.11306488e+02, 2.41538483e+02, 2.12057846e+02, 2.32201401e+02,
    2.12618301e+02, 2.23147034e+02, 2.13241440e+02, 2.14212051e+02,
    2.17588242e+02, 2.90459412e+02, 2.18216370e+02, 2.80271484e+02,
    2.18848709e+02, 2.70244171e+02, 2.19520309e+02, 2.60506317e+02,
    2.20192902e+02, 2.50948532e+02, 2.20755219e+02, 2.41502609e+02,
    2.21285553e+02, 2.32185333e+02, 2.21844955e+02, 2.22975189e+02,
    2.22476578e+02, 2.14205734e+02, 2.27587769e+02, 2.90768311e+02,
    2.28016190e+02, 2.80466919e+02, 2.28539276e+02, 2.70345398e+02,
    2.29056580e+02, 2.60648163e+02, 2.29674637e+02, 2.51048126e+02,
    2.30166550e+02, 2.41646896e+02, 2.30680359e+02, 2.32144760e+02,
    2.31047806e+02, 2.22949936e+02, 2.31625595e+02, 2.14114151e+02,
    2.37536713e+02, 2.90947784e+02, 2.37878967e+02, 2.80685669e+02,
    2.38264389e+02, 2.70489746e+02, 2.38778610e+02, 2.60795197e+02,
    2.39309418e+02, 2.51117126e+02, 2.39703522e+02, 2.41609116e+02,
    2.40129745e+02, 2.32182541e+02, 2.40525375e+02, 2.22943344e+02,
    2.40957397e+02, 2.14064621e+02, 2.47668076e+02, 2.91118103e+02,
    2.47850098e+02, 2.80873413e+02, 2.48129837e+02, 2.70682343e+02,
    2.48597031e+02, 2.60816071e+02, 2.48919846e+02, 2.51169968e+02,
    2.49263733e+02, 2.41659241e+02, 2.49692078e+02, 2.32222748e+02,
    2.49828201e+02, 2.22922043e+02, 2.50244919e+02, 2.14023773e+02,
    2.57650177e+02, 2.91258606e+02, 2.57833191e+02, 2.80999786e+02,
    2.58067871e+02, 2.70814423e+02, 2.58409546e+02, 2.60938049e+02,
    2.58747437e+02, 2.51209595e+02, 2.58922577e+02, 2.41751389e+02,
    2.59159882e+02, 2.32227203e+02, 2.59489990e+02, 2.22919159e+02,
    2.59692352e+02, 2.13935059e+02, 2.67873718e+02, 2.91540161e+02,
    2.67838684e+02, 2.81051422e+02, 2.68033813e+02, 2.70964142e+02,
    2.68233032e+02, 2.61052521e+02, 2.68475677e+02, 2.51269760e+02,
    2.68630981e+02, 2.41682098e+02, 2.68838684e+02, 2.32211258e+02,
    2.68895508e+02, 2.22965225e+02, 2.69082672e+02, 2.13920578e+02,
    2.77885071e+02, 2.91843079e+02, 2.78064240e+02, 2.81208435e+02,
    2.78086884e+02, 2.71030029e+02, 2.78279236e+02, 2.61059052e+02,
    2.78382996e+02, 2.51343781e+02, 2.78491547e+02, 2.41740021e+02,
    2.78537567e+02, 2.32204544e+02, 2.78641846e+02, 2.22932205e+02,
    2.78701080e+02, 2.13890320e+02, 2.88384857e+02, 2.91892242e+02,
    2.88317169e+02, 2.81467133e+02, 2.88229156e+02, 2.71176514e+02,
    2.88206390e+02, 2.61226990e+02, 2.88214874e+02, 2.51334686e+02,
    2.88201660e+02, 2.41762314e+02, 2.88210358e+02, 2.32237885e+02,
    2.88134277e+02, 2.22922165e+02, 2.88199188e+02, 2.13749649e+02,
    2.98736816e+02, 2.92128082e+02, 2.98678070e+02, 2.81756378e+02,
    2.98490479e+02, 2.71336029e+02, 2.98423035e+02, 2.61367950e+02,
    2.98276703e+02, 2.51475372e+02, 2.98195312e+02, 2.41761276e+02,
    2.98065277e+02, 2.32175583e+02, 2.98034790e+02, 2.22920883e+02,
    2.97938934e+02, 2.13694748e+02 ]
