%YAML:1.0
points: [ 1.98135025e+02, 2.90130829e+02, 1.98879684e+02, 2.80164917e+02,
    1.99704285e+02, 2.70114014e+02, 2.00464584e+02, 2.60552094e+02,
    2.01298325e+02, 2.50892044e+02, 2.02030136e+02, 2.41590607e+02,
    2.02646286e+02, 2.32178375e+02, 2.03397186e+02, 2.23298981e+02,
    2.04171143e+02, 2.14397018e+02, 2.07749313e+02, 2.90326721e+02,
    2.08453690e+02, 2.80124359e+02, 2.09237839e+02, 2.70226501e+02,
    2.09864624e+02, 2.60500763e+02, 2.10571960e+02, 2.50948990e+02,
    2.11247208e+02, 2.41539246e+02, 2.11973862e+02, 2.32208160e+02,
    2.12583008e+02, 2.23150467e+02, 2.13189713e+02, 2.14212326e+02,
    2.17527405e+02, 2.90457703e+02, 2.18185333e+02, 2.80275909e+02,
    2.18798874e+02, 2.70269501e+02, 2.19438522e+02, 2.60527161e+02,
    2.20146774e+02, 2.50938934e+02, 2.20691040e+02, 2.41496292e+02,
    2.21253906e+02, 2.32210983e+02, 2.21787994e+02, 2.23055191e+02,
    2.22450027e+02, 2.14219849e+02, 2.27548096e+02, 2.90831207e+02,
    2.27938919e+02, 2.80473083e+02, 2.28524460e+02, 2.70390900e+02,
    2.28997620e+02, 2.60673218e+02, 2.29640411e+02, 2.51079865e+02,
    2.30122665e+02, 2.41646927e+02, 2.30642624e+02, 2.32143433e+02,
    2.31012268e+02, 2.22960068e+02, 2.31554810e+02, 2.14146820e+02,
    2.37432526e+02, 2.90974976e+02, 2.37875534e+02, 2.80736633e+02,
    2.38203751e+02, 2.70490479e+02, 2.38738953e+02, 2.60811829e+02,
    2.39259766e+02, 2.51104218e+02, 2.39669800e+02, 2.41625946e+02,
    2.40091660e+02, 2.32179016e+02, 2.40457825e+02, 2.22948944e+02,
    2.40911636e+02, 2.14094650e+02, 2.47611557e+02, 2.91155365e+02,
    2.47828903e+02, 2.80862274e+02, 2.48053314e+02, 2.70676147e+02,
    2.48573456e+02, 2.60811584e+02, 2.48876602e+02, 2.51144699e+02,
    2.49225601e+02, 2.41645248e+02, 2.49631638e+02, 2.32181656e+02,
    2.49785400e+02, 2.22934418e+02, 2.50222260e+02, 2.14061798e+02,
    2.57584259e+02, 2.91312225e+02, 2.57843262e+02, 2.80990540e+02,
    2.57999237e+02, 2.70806610e+02, 2.58355927e+02, 2.60952698e+02,
    2.58704041e+02, 2.51198120e+02, 2.58897522e+02, 2.41710495e+02,
    2.59114197e+02, 2.32231094e+02, 2.59413879e+02, 2.22943390e+02,
    2.59619629e+02, 2.13959198e+02, 2.67856873e+02, 2.91521576e+02,
    2.67836945e+02, 2.81093811e+02, 2.67957123e+02, 2.70958557e+02,
    2.68196564e+02, 2.61044312e+02, 2.68410278e+02, 2.51274673e+02,
    2.68596283e+02, 2.41692169e+02, 2.68803589e+02, 2.32209290e+02,
    2.68885468e+02, 2.22964157e+02, 2.69015411e+02, 2.13903931e+02,
    2.77884766e+02, 2.91790222e+02, 2.77977539e+02, 2.81207764e+02,
    2.78053741e+02, 2.71042999e+02, 2.78219421e+02, 2.61052826e+02,
    2.78334839e+02, 2.51336746e+02, 2.78428955e+02, 2.41765411e+02,
    2.78497131e+02, 2.32194183e+02, 2.78584656e+02, 2.22948593e+02,
    2.78617767e+02, 2.13883728e+02, 2.88295380e+02, 2.91897766e+02,
    2.88255524e+02, 2.81458801e+02, 2.88149872e+02, 2.71198822e+02,
    2.88145752e+02, 2.61201813e+02, 2.88163910e+02, 2.51364807e+02,
    2.88135223e+02, 2.41788101e+02, 2.88154083e+02, 2.32250885e+02,
    2.88108765e+02, 2.22916977e+02, 2.88154694e+02, 2.13777649e+02,
    2.98759094e+02, 2.92099182e+02, 2.98579407e+02, 2.81761902e+02,
    2.98381897e+02, 2.71350494e+02, 2.98406128e+02, 2.61391418e+02,
    2.98215363e+02, 2.51503815e+02, 2.98164856e+02, 2.41761688e+02,
    2.98035522e+02, 2.32192184e+02, 2.98011292e+02, 2.22927658e+02,
    2.97914764e+02, 2.13667633e+02 ]
