%YAML:1.0
points: [ 1.47889053e+02, 2.27086197e+02, 1.47131531e+02, 2.16845596e+02,
    1.46292465e+02, 2.06714462e+02, 1.45425964e+02, 1.96560410e+02,
    1.44477509e+02, 1.86569443e+02, 1.43632034e+02, 1.76565033e+02,
    1.42695343e+02, 1.66599350e+02, 1.41818405e+02, 1.56637604e+02,
    1.40876602e+02, 1.46764069e+02, 1.58754028e+02, 2.26126556e+02,
    1.57757309e+02, 2.15953674e+02, 1.56909546e+02, 2.05959488e+02,
    1.56044373e+02, 1.95876755e+02, 1.55176559e+02, 1.85874329e+02,
    1.54232864e+02, 1.76040268e+02, 1.53305862e+02, 1.66144287e+02,
    1.52440338e+02, 1.56409943e+02, 1.51524216e+02, 1.46622467e+02,
    1.69246704e+02, 2.25273300e+02, 1.68282898e+02, 2.15273422e+02,
    1.67490280e+02, 2.05334717e+02, 1.66595840e+02, 1.95319336e+02,
    1.65608948e+02, 1.85535553e+02, 1.64663696e+02, 1.75579788e+02,
    1.63775299e+02, 1.65746033e+02, 1.62772247e+02, 1.55876556e+02,
    1.61802063e+02, 1.46556976e+02, 1.79621201e+02, 2.24258759e+02,
    1.78679413e+02, 2.14422989e+02, 1.77728882e+02, 2.04588867e+02,
    1.76789612e+02, 1.94759888e+02, 1.75764893e+02, 1.84890656e+02,
    1.74882751e+02, 1.75090118e+02, 1.74044159e+02, 1.65403732e+02,
    1.72937012e+02, 1.55725677e+02, 1.72036041e+02, 1.46354828e+02,
    1.89755356e+02, 2.23464722e+02, 1.88868744e+02, 2.13665634e+02,
    1.87762741e+02, 2.03916977e+02, 1.86873703e+02, 1.94155472e+02,
    1.85916931e+02, 1.84552109e+02, 1.85006927e+02, 1.74713943e+02,
    1.84027420e+02, 1.64971985e+02, 1.83022644e+02, 1.55673035e+02,
    1.82037964e+02, 1.46002335e+02, 1.99681732e+02, 2.22622208e+02,
    1.98779419e+02, 2.12770920e+02, 1.97672729e+02, 2.03199234e+02,
    1.96721420e+02, 1.93551178e+02, 1.95723312e+02, 1.83846771e+02,
    1.94845200e+02, 1.74259323e+02, 1.93933334e+02, 1.64713715e+02,
    1.92856552e+02, 1.55399506e+02, 1.91894333e+02, 1.45847260e+02,
    2.09448502e+02, 2.21780670e+02, 2.08550598e+02, 2.12047989e+02,
    2.07498474e+02, 2.02558441e+02, 2.06483231e+02, 1.92880081e+02,
    2.05557007e+02, 1.83565048e+02, 2.04663116e+02, 1.73827881e+02,
    2.03674133e+02, 1.64335205e+02, 2.02492203e+02, 1.54985626e+02,
    2.01523346e+02, 1.45827744e+02, 2.19030258e+02, 2.20804199e+02,
    2.18113708e+02, 2.11273178e+02, 2.16953186e+02, 2.01806168e+02,
    2.15961823e+02, 1.92398407e+02, 2.14962769e+02, 1.82911911e+02,
    2.14070663e+02, 1.73548859e+02, 2.13143433e+02, 1.63988266e+02,
    2.11981918e+02, 1.54794662e+02, 2.11039490e+02, 1.45588715e+02,
    2.28415237e+02, 2.20050873e+02, 2.27524628e+02, 2.10568039e+02,
    2.26354446e+02, 2.01164246e+02, 2.25391998e+02, 1.91700363e+02,
    2.24343674e+02, 1.82432861e+02, 2.23384583e+02, 1.72961533e+02,
    2.22397293e+02, 1.63810608e+02, 2.21290634e+02, 1.54596588e+02,
    2.20339630e+02, 1.45487869e+02, 2.37623383e+02, 2.19230652e+02,
    2.36655838e+02, 2.09848160e+02, 2.35632050e+02, 2.00551239e+02,
    2.34547318e+02, 1.91232742e+02, 2.33557846e+02, 1.81837570e+02,
    2.32579147e+02, 1.72656967e+02, 2.31493179e+02, 1.63590424e+02,
    2.30496124e+02, 1.54373245e+02, 2.29322205e+02, 1.45160080e+02,
    2.46631805e+02, 2.18602829e+02, 2.45619751e+02, 2.09095032e+02,
    2.44673447e+02, 1.99832687e+02, 2.43409119e+02, 1.90701096e+02,
    2.42496521e+02, 1.81619965e+02, 2.41367935e+02, 1.72288589e+02,
    2.40363464e+02, 1.63266281e+02, 2.39393326e+02, 1.54100128e+02,
    2.38304169e+02, 1.45188583e+02 ]
