%YAML:1.0
points: [ 1.04368933e+03, 3.65693176e+02, 1.04464575e+03, 3.80436249e+02,
    1.04568408e+03, 3.95350494e+02, 1.04683948e+03, 4.10093597e+02,
    1.04796008e+03, 4.25060883e+02, 1.04914539e+03, 4.40449432e+02,
    1.04995007e+03, 4.55453888e+02, 1.05141724e+03, 4.71040802e+02,
    1.05260620e+03, 4.86529114e+02, 1.02885974e+03, 3.68763489e+02,
    1.02954260e+03, 3.83209564e+02, 1.03087695e+03, 3.98176056e+02,
    1.03178650e+03, 4.12916962e+02, 1.03284229e+03, 4.28219147e+02,
    1.03409949e+03, 4.43321106e+02, 1.03490601e+03, 4.58381531e+02,
    1.03610620e+03, 4.73510925e+02, 1.03735339e+03, 4.88890472e+02,
    1.01424011e+03, 3.71657562e+02, 1.01527576e+03, 3.86516052e+02,
    1.01633679e+03, 4.01250488e+02, 1.01715259e+03, 4.15989594e+02,
    1.01838910e+03, 4.30932404e+02, 1.01914343e+03, 4.45874359e+02,
    1.02055225e+03, 4.61048859e+02, 1.02116577e+03, 4.76257233e+02,
    1.02242645e+03, 4.91702667e+02, 9.99969360e+02, 3.75346832e+02,
    1.00098560e+03, 3.89646820e+02, 1.00153290e+03, 4.04178741e+02,
    1.00253644e+03, 4.18863129e+02, 1.00394934e+03, 4.33879883e+02,
    1.00494891e+03, 4.49005585e+02, 1.00592932e+03, 4.63974030e+02,
    1.00636218e+03, 4.78793823e+02, 1.00764484e+03, 4.94183594e+02,
    9.86098633e+02, 3.78342804e+02, 9.86673279e+02, 3.92778351e+02,
    9.87375061e+02, 4.07101746e+02, 9.88420227e+02, 4.21875946e+02,
    9.89712463e+02, 4.36791290e+02, 9.90559387e+02, 4.51590576e+02,
    9.91506836e+02, 4.66552246e+02, 9.91834290e+02, 4.81492706e+02,
    9.93334900e+02, 4.96783966e+02, 9.72165833e+02, 3.81602631e+02,
    9.72799561e+02, 3.95955627e+02, 9.73303528e+02, 4.10080139e+02,
    9.74359009e+02, 4.24644135e+02, 9.75439148e+02, 4.39691254e+02,
    9.76360596e+02, 4.54505035e+02, 9.77311951e+02, 4.69405182e+02,
    9.77597717e+02, 4.84075653e+02, 9.78844482e+02, 4.99180756e+02,
    9.58508972e+02, 3.85023529e+02, 9.58996155e+02, 3.98810272e+02,
    9.59292969e+02, 4.12436646e+02, 9.60284668e+02, 4.27771301e+02,
    9.61625061e+02, 4.42538696e+02, 9.62266357e+02, 4.57177765e+02,
    9.63278809e+02, 4.71817993e+02, 9.63597717e+02, 4.86680420e+02,
    9.64687805e+02, 5.01812744e+02, 9.44778931e+02, 3.87767303e+02,
    9.45225281e+02, 4.02569458e+02, 9.45620544e+02, 4.16041168e+02,
    9.46507629e+02, 4.30267456e+02, 9.47876099e+02, 4.45158234e+02,
    9.48390930e+02, 4.59716492e+02, 9.49208923e+02, 4.74568665e+02,
    9.49638062e+02, 4.89228516e+02, 9.50379150e+02, 5.04101685e+02,
    9.31469116e+02, 3.93469543e+02, 9.31711792e+02, 4.04716461e+02,
    9.32314514e+02, 4.17775146e+02, 9.33018982e+02, 4.33381042e+02,
    9.34056213e+02, 4.48088776e+02, 9.34273438e+02, 4.62306152e+02,
    9.35365479e+02, 4.77000671e+02, 9.36053467e+02, 4.91777679e+02,
    9.36640808e+02, 5.06574463e+02, 9.18007874e+02, 3.93688141e+02,
    9.18702515e+02, 4.10237244e+02, 9.18916077e+02, 4.22082855e+02,
    9.19648132e+02, 4.35954498e+02, 9.20594055e+02, 4.50474487e+02,
    9.20855835e+02, 4.64808594e+02, 9.21962219e+02, 4.79593994e+02,
    9.22344360e+02, 4.93952606e+02, 9.22992676e+02, 5.08753418e+02,
    9.05122742e+02, 4.03659943e+02, 9.05382507e+02, 4.10608551e+02,
    9.05999695e+02, 4.24656250e+02, 9.06396362e+02, 4.38954865e+02,
    9.07210938e+02, 4.53392273e+02, 9.07105713e+02, 4.67446808e+02,
    9.08470886e+02, 4.82116943e+02, 9.08715881e+02, 4.96688354e+02,
    9.09310120e+02, 5.11280792e+02 ]
