%YAML:1.0
points: [ 3.45500565e+01, 9.92521896e+01, 4.64355507e+01, 9.89325867e+01,
    5.80815544e+01, 9.89944763e+01, 6.94256516e+01, 9.86659393e+01,
    7.98362808e+01, 9.88148727e+01, 9.00135345e+01, 9.88810654e+01,
    9.95958710e+01, 9.86748886e+01, 1.08713211e+02, 9.88012314e+01,
    1.17294189e+02, 9.87824173e+01, 3.79762650e+01, 1.12709663e+02,
    5.02604904e+01, 1.12141342e+02, 6.15674744e+01, 1.11644173e+02,
    7.29357834e+01, 1.11085236e+02, 8.32792282e+01, 1.10761894e+02,
    9.33416672e+01, 1.10604401e+02, 1.02861839e+02, 1.10312943e+02,
    1.11843399e+02, 1.10061737e+02, 1.20410454e+02, 1.09796272e+02,
    4.18484001e+01, 1.26085175e+02, 5.37436829e+01, 1.25187454e+02,
    6.52904358e+01, 1.24526779e+02, 7.64239578e+01, 1.23660530e+02,
    8.66208191e+01, 1.23004997e+02, 9.67920227e+01, 1.22317360e+02,
    1.06328041e+02, 1.21732727e+02, 1.15224678e+02, 1.21304581e+02,
    1.23440552e+02, 1.20817886e+02, 4.56617813e+01, 1.39399216e+02,
    5.76518593e+01, 1.38226837e+02, 6.88400574e+01, 1.37155518e+02,
    7.98473358e+01, 1.36013077e+02, 9.00311279e+01, 1.35117874e+02,
    1.00212318e+02, 1.34047623e+02, 1.09724785e+02, 1.33160217e+02,
    1.18331139e+02, 1.32455017e+02, 1.26456680e+02, 1.31803375e+02,
    4.94712219e+01, 1.52842728e+02, 6.15070915e+01, 1.51185562e+02,
    7.25131454e+01, 1.49795959e+02, 8.32236938e+01, 1.48366058e+02,
    9.34145126e+01, 1.47159073e+02, 1.03688515e+02, 1.45728729e+02,
    1.13061432e+02, 1.44508728e+02, 1.21347099e+02, 1.43484329e+02,
    1.29532471e+02, 1.42669846e+02, 5.34379234e+01, 1.66066757e+02,
    6.54035416e+01, 1.63966339e+02, 7.61515198e+01, 1.62220459e+02,
    8.68671188e+01, 1.60553375e+02, 9.68893890e+01, 1.58929688e+02,
    1.06926476e+02, 1.57213379e+02, 1.16294960e+02, 1.55775085e+02,
    1.24587524e+02, 1.54604431e+02, 1.32614883e+02, 1.53290283e+02,
    5.74333000e+01, 1.79250351e+02, 6.93193359e+01, 1.76798203e+02,
    7.99425888e+01, 1.74737579e+02, 9.05961227e+01, 1.72493164e+02,
    1.00436035e+02, 1.70699509e+02, 1.10236000e+02, 1.68789932e+02,
    1.19487091e+02, 1.66958511e+02, 1.27671196e+02, 1.65409698e+02,
    1.35550995e+02, 1.63939941e+02, 6.14028969e+01, 1.92041092e+02,
    7.31923141e+01, 1.89224197e+02, 8.36788788e+01, 1.86891174e+02,
    9.41520691e+01, 1.84492828e+02, 1.03982620e+02, 1.82261154e+02,
    1.13602913e+02, 1.80023483e+02, 1.22626419e+02, 1.78100754e+02,
    1.30713135e+02, 1.76162735e+02, 1.38757919e+02, 1.74329498e+02,
    6.53641891e+01, 2.04901138e+02, 7.70782166e+01, 2.01878571e+02,
    8.75428467e+01, 1.99057098e+02, 9.78657761e+01, 1.96251236e+02,
    1.07403946e+02, 1.93743195e+02, 1.16914139e+02, 1.91285950e+02,
    1.25734703e+02, 1.88928177e+02, 1.33884857e+02, 1.86771286e+02,
    1.41605392e+02, 1.84815781e+02, 6.93173447e+01, 2.17467712e+02,
    8.05935364e+01, 2.14176132e+02, 9.12516708e+01, 2.11010239e+02,
    1.01217415e+02, 2.07959854e+02, 1.10903534e+02, 2.05118546e+02,
    1.20047859e+02, 2.02314453e+02, 1.28549942e+02, 1.99809998e+02,
    1.36830338e+02, 1.97329987e+02, 1.44400085e+02, 1.95063232e+02,
    7.29929810e+01, 2.30212387e+02, 8.41803589e+01, 2.26481888e+02,
    9.48002319e+01, 2.22792740e+02, 1.04410095e+02, 2.19429443e+02,
    1.14028046e+02, 2.16345642e+02, 1.23027306e+02, 2.13313553e+02,
    1.31341232e+02, 2.10464767e+02, 1.39454880e+02, 2.07855270e+02,
    1.46857330e+02, 2.05239380e+02 ]
