%YAML:1.0
points: [ 2.97929413e+02, 2.13666779e+02, 2.98044250e+02, 2.22935333e+02,
    2.98063721e+02, 2.32195801e+02, 2.98232697e+02, 2.41821884e+02,
    2.98281036e+02, 2.51485519e+02, 2.98452454e+02, 2.61423401e+02,
    2.98484650e+02, 2.71337555e+02, 2.98660553e+02, 2.81753723e+02,
    2.98722626e+02, 2.92154358e+02, 2.88225128e+02, 2.13769943e+02,
    2.88142944e+02, 2.22917221e+02, 2.88221985e+02, 2.32233444e+02,
    2.88172852e+02, 2.41739594e+02, 2.88212311e+02, 2.51372253e+02,
    2.88228729e+02, 2.61224426e+02, 2.88229340e+02, 2.71184509e+02,
    2.88301300e+02, 2.81497894e+02, 2.88414520e+02, 2.91926239e+02,
    2.78687653e+02, 2.13880310e+02, 2.78669281e+02, 2.22962311e+02,
    2.78536957e+02, 2.32232422e+02, 2.78497162e+02, 2.41750961e+02,
    2.78391113e+02, 2.51359055e+02, 2.78275238e+02, 2.61037109e+02,
    2.78121826e+02, 2.71082733e+02, 2.78093689e+02, 2.81226471e+02,
    2.77939209e+02, 2.91793579e+02, 2.69109253e+02, 2.13922318e+02,
    2.68910217e+02, 2.22956970e+02, 2.68831696e+02, 2.32244034e+02,
    2.68630981e+02, 2.41711105e+02, 2.68480042e+02, 2.51295731e+02,
    2.68225159e+02, 2.61062866e+02, 2.68018097e+02, 2.70958374e+02,
    2.67830017e+02, 2.81051056e+02, 2.67857239e+02, 2.91539551e+02,
    2.59699738e+02, 2.13949722e+02, 2.59497742e+02, 2.22943863e+02,
    2.59166321e+02, 2.32254608e+02, 2.58920319e+02, 2.41718887e+02,
    2.58740875e+02, 2.51231506e+02, 2.58402954e+02, 2.60932526e+02,
    2.58035034e+02, 2.70818909e+02, 2.57818726e+02, 2.81009277e+02,
    2.57640961e+02, 2.91306244e+02, 2.50231018e+02, 2.14030594e+02,
    2.49827118e+02, 2.22933762e+02, 2.49667404e+02, 2.32223969e+02,
    2.49269104e+02, 2.41677887e+02, 2.48913559e+02, 2.51169678e+02,
    2.48629440e+02, 2.60823517e+02, 2.48131409e+02, 2.70721527e+02,
    2.47844193e+02, 2.80864655e+02, 2.47643524e+02, 2.91137512e+02,
    2.40973297e+02, 2.14086288e+02, 2.40541138e+02, 2.22929794e+02,
    2.40152573e+02, 2.32158859e+02, 2.39692841e+02, 2.41604340e+02,
    2.39316238e+02, 2.51150177e+02, 2.38767014e+02, 2.60798065e+02,
    2.38269882e+02, 2.70483978e+02, 2.37880295e+02, 2.80685547e+02,
    2.37547440e+02, 2.90983734e+02, 2.31595078e+02, 2.14117584e+02,
    2.31051453e+02, 2.22953094e+02, 2.30682953e+02, 2.32160049e+02,
    2.30158554e+02, 2.41676834e+02, 2.29679398e+02, 2.51044479e+02,
    2.29095703e+02, 2.60624512e+02, 2.28555374e+02, 2.70376862e+02,
    2.27994812e+02, 2.80495422e+02, 2.27599167e+02, 2.90798767e+02,
    2.22497314e+02, 2.14206284e+02, 2.21837524e+02, 2.22993576e+02,
    2.21325272e+02, 2.32170609e+02, 2.20715622e+02, 2.41527451e+02,
    2.20199570e+02, 2.50975571e+02, 2.19521225e+02, 2.60540436e+02,
    2.18844055e+02, 2.70253052e+02, 2.18221329e+02, 2.80295013e+02,
    2.17576141e+02, 2.90459442e+02, 2.13222260e+02, 2.14235016e+02,
    2.12623993e+02, 2.23169113e+02, 2.12040878e+02, 2.32205582e+02,
    2.11328705e+02, 2.41561737e+02, 2.10630432e+02, 2.50925339e+02,
    2.09924042e+02, 2.60528198e+02, 2.09253815e+02, 2.70189606e+02,
    2.08537094e+02, 2.80090851e+02, 2.07827026e+02, 2.90345154e+02,
    2.04234940e+02, 2.14427963e+02, 2.03405899e+02, 2.23305923e+02,
    2.02680466e+02, 2.32191223e+02, 2.02076752e+02, 2.41611023e+02,
    2.01326141e+02, 2.50885498e+02, 2.00478317e+02, 2.60543030e+02,
    1.99744919e+02, 2.70106232e+02, 1.98918472e+02, 2.80122620e+02,
    1.98181900e+02, 2.90152527e+02 ]
