%YAML:1.0
points: [ 7.26828369e+02, 7.72637573e+02, 7.29269897e+02, 7.43643860e+02,
    7.32201904e+02, 7.15028809e+02, 7.34622314e+02, 6.87044312e+02,
    7.37476685e+02, 6.59539429e+02, 7.40161072e+02, 6.32703857e+02,
    7.42427856e+02, 6.05755859e+02, 7.45052490e+02, 5.79935181e+02,
    7.47684021e+02, 5.54323792e+02, 7.54315063e+02, 7.72836182e+02,
    7.56587463e+02, 7.43702698e+02, 7.59316284e+02, 7.15047607e+02,
    7.61557800e+02, 6.86916382e+02, 7.64317871e+02, 6.59416443e+02,
    7.66592590e+02, 6.32392639e+02, 7.68879456e+02, 6.05599609e+02,
    7.70913940e+02, 5.79324707e+02, 7.73513977e+02, 5.53636963e+02,
    7.82096313e+02, 7.73147766e+02, 7.84485229e+02, 7.43880432e+02,
    7.86593811e+02, 7.15034668e+02, 7.89113342e+02, 6.87018127e+02,
    7.91288147e+02, 6.59427795e+02, 7.93334229e+02, 6.32235291e+02,
    7.95693176e+02, 6.05426575e+02, 7.97330078e+02, 5.78843567e+02,
    7.99765625e+02, 5.53458069e+02, 8.10505859e+02, 7.73444885e+02,
    8.12481750e+02, 7.44140564e+02, 8.14350281e+02, 7.15236267e+02,
    8.16529846e+02, 6.87038452e+02, 8.18619202e+02, 6.59467957e+02,
    8.20645569e+02, 6.32294556e+02, 8.22549255e+02, 6.05370300e+02,
    8.23809265e+02, 5.78566650e+02, 8.26240234e+02, 5.53104553e+02,
    8.38955322e+02, 7.73904785e+02, 8.40535645e+02, 7.44417725e+02,
    8.42213989e+02, 7.15334106e+02, 8.44243042e+02, 6.87175415e+02,
    8.46032654e+02, 6.59538513e+02, 8.47701599e+02, 6.32091919e+02,
    8.49422546e+02, 6.05131409e+02, 8.50686584e+02, 5.78358093e+02,
    8.52747986e+02, 5.52719910e+02, 8.67618225e+02, 7.74324036e+02,
    8.69117493e+02, 7.44581116e+02, 8.70349548e+02, 7.15494141e+02,
    8.72071167e+02, 6.87222656e+02, 8.73976501e+02, 6.59589539e+02,
    8.75333801e+02, 6.32164429e+02, 8.76687378e+02, 6.05013428e+02,
    8.77858643e+02, 5.78212524e+02, 8.79495728e+02, 5.52356079e+02,
    8.96592957e+02, 7.74675598e+02, 8.97647217e+02, 7.44918030e+02,
    8.98690918e+02, 7.15629883e+02, 9.00280640e+02, 6.87221375e+02,
    9.01686096e+02, 6.59588745e+02, 9.02741455e+02, 6.32050842e+02,
    9.04104858e+02, 6.04822083e+02, 9.05241577e+02, 5.77933411e+02,
    9.06395630e+02, 5.51965393e+02, 9.25575867e+02, 7.75157043e+02,
    9.26505798e+02, 7.45183411e+02, 9.27387939e+02, 7.15895691e+02,
    9.28390259e+02, 6.87346802e+02, 9.29595215e+02, 6.59550049e+02,
    9.30587830e+02, 6.31803223e+02, 9.31608582e+02, 6.04582336e+02,
    9.32537415e+02, 5.77744507e+02, 9.33404602e+02, 5.51496887e+02,
    9.54744995e+02, 7.75524109e+02, 9.55412720e+02, 7.45515137e+02,
    9.56148315e+02, 7.16323181e+02, 9.57107117e+02, 6.87508423e+02,
    9.57971558e+02, 6.59581360e+02, 9.58508789e+02, 6.31595703e+02,
    9.59389526e+02, 6.04403259e+02, 9.60074524e+02, 5.77617554e+02,
    9.60725708e+02, 5.51233032e+02, 9.84149475e+02, 7.75928406e+02,
    9.84664917e+02, 7.45873169e+02, 9.85190796e+02, 7.16576050e+02,
    9.85636169e+02, 6.87682251e+02, 9.86099243e+02, 6.59482422e+02,
    9.86527466e+02, 6.31456177e+02, 9.87078491e+02, 6.04267578e+02,
    9.87548401e+02, 5.77288208e+02, 9.88106201e+02, 5.50801270e+02,
    1.01372443e+03, 7.76316589e+02, 1.01383319e+03, 7.46192688e+02,
    1.01416907e+03, 7.16790100e+02, 1.01449359e+03, 6.87846924e+02,
    1.01475586e+03, 6.59525635e+02, 1.01493915e+03, 6.31257629e+02,
    1.01539917e+03, 6.04170654e+02, 1.01560016e+03, 5.77047119e+02,
    1.01573816e+03, 5.50442688e+02 ]
