%YAML:1.0
points: [ 8.11153442e+02, 1.80490437e+01, 8.13455078e+02, 4.34983788e+01,
    8.15905701e+02, 6.77877350e+01, 8.18114014e+02, 9.22305298e+01,
    8.20408020e+02, 1.15543709e+02, 8.22535828e+02, 1.38638901e+02,
    8.24621704e+02, 1.61120758e+02, 8.26799072e+02, 1.82911484e+02,
    8.28599426e+02, 2.04252396e+02, 7.88099243e+02, 1.93003044e+01,
    7.90757202e+02, 4.45437851e+01, 7.93355835e+02, 6.93778229e+01,
    7.95940125e+02, 9.32933884e+01, 7.98356567e+02, 1.17178673e+02,
    8.00845459e+02, 1.39863708e+02, 8.03110413e+02, 1.62564224e+02,
    8.05567566e+02, 1.84603699e+02, 8.07709961e+02, 2.06158768e+02,
    7.64893982e+02, 2.01691952e+01, 7.67915527e+02, 4.56701126e+01,
    7.70661438e+02, 7.04988785e+01, 7.73639465e+02, 9.46874161e+01,
    7.76332031e+02, 1.18231499e+02, 7.79078491e+02, 1.41356583e+02,
    7.81586609e+02, 1.63831284e+02, 7.84295044e+02, 1.86249481e+02,
    7.86623840e+02, 2.07454468e+02, 7.41574646e+02, 2.14173298e+01,
    7.44760498e+02, 4.66981926e+01, 7.48028625e+02, 7.16633148e+01,
    7.51082703e+02, 9.59744415e+01, 7.54167603e+02, 1.19386818e+02,
    7.57085388e+02, 1.42451752e+02, 7.59919983e+02, 1.65249313e+02,
    7.62743225e+02, 1.87496841e+02, 7.65396790e+02, 2.08769455e+02,
    7.18169983e+02, 2.23263912e+01, 7.21721802e+02, 4.78321075e+01,
    7.25036560e+02, 7.27659454e+01, 7.28451599e+02, 9.70594177e+01,
    7.31819885e+02, 1.20504379e+02, 7.34882263e+02, 1.43798645e+02,
    7.38120117e+02, 1.66376648e+02, 7.41136841e+02, 1.88759705e+02,
    7.44109375e+02, 2.10054672e+02, 6.94520325e+02, 2.34115086e+01,
    6.98133423e+02, 4.88682861e+01, 7.01894409e+02, 7.40511932e+01,
    7.05663208e+02, 9.81800690e+01, 7.09162048e+02, 1.21768677e+02,
    7.12604370e+02, 1.44905594e+02, 7.16138123e+02, 1.67620010e+02,
    7.19329773e+02, 1.90187347e+02, 7.22636536e+02, 2.11715332e+02,
    6.70575195e+02, 2.42370033e+01, 6.74794128e+02, 4.99692116e+01,
    6.78664368e+02, 7.51739731e+01, 6.82550720e+02, 9.94419479e+01,
    6.86437744e+02, 1.22971764e+02, 6.90305664e+02, 1.46268127e+02,
    6.93892761e+02, 1.69021362e+02, 6.97461487e+02, 1.91571716e+02,
    7.01098572e+02, 2.13048462e+02, 6.46732910e+02, 2.52489262e+01,
    6.50973328e+02, 5.08739395e+01, 6.55214417e+02, 7.63011780e+01,
    6.59621399e+02, 1.00682838e+02, 6.63773621e+02, 1.24297470e+02,
    6.67715881e+02, 1.47750168e+02, 6.71597351e+02, 1.70520248e+02,
    6.75513489e+02, 1.92751923e+02, 6.79353333e+02, 2.14531021e+02,
    6.22640930e+02, 2.63226185e+01, 6.27273926e+02, 5.19943237e+01,
    6.31767761e+02, 7.72631149e+01, 6.36357788e+02, 1.01761452e+02,
    6.40622864e+02, 1.25441116e+02, 6.44854431e+02, 1.49228806e+02,
    6.49238708e+02, 1.71705872e+02, 6.53410828e+02, 1.93944641e+02,
    6.57367004e+02, 2.16023361e+02, 5.98407227e+02, 2.74477978e+01,
    6.03416016e+02, 5.30666580e+01, 6.08267029e+02, 7.82890015e+01,
    6.13072205e+02, 1.02839554e+02, 6.17632141e+02, 1.26737862e+02,
    6.22304443e+02, 1.50338135e+02, 6.26911926e+02, 1.72942078e+02,
    6.31165466e+02, 1.95617523e+02, 6.35309814e+02, 2.17465851e+02,
    5.74210632e+02, 2.84146366e+01, 5.79466553e+02, 5.43002777e+01,
    5.84565613e+02, 7.94105530e+01, 5.89532532e+02, 1.03826210e+02,
    5.94542419e+02, 1.28090775e+02, 5.99238220e+02, 1.51540466e+02,
    6.04054077e+02, 1.74396561e+02, 6.08624634e+02, 1.96850189e+02,
    6.13159607e+02, 2.18859009e+02 ]
