%YAML:1.0
points: [ 7.26850403e+02, 7.72662598e+02, 7.29280762e+02, 7.43678284e+02,
    7.32233276e+02, 7.15079773e+02, 7.34613525e+02, 6.87077637e+02,
    7.37499268e+02, 6.59540100e+02, 7.40227966e+02, 6.32730591e+02,
    7.42422729e+02, 6.05754089e+02, 7.45006531e+02, 5.79929810e+02,
    7.47705750e+02, 5.54375061e+02, 7.54363525e+02, 7.72827332e+02,
    7.56628296e+02, 7.43724792e+02, 7.59347412e+02, 7.15133057e+02,
    7.61619812e+02, 6.86950684e+02, 7.64339783e+02, 6.59415588e+02,
    7.66629028e+02, 6.32385559e+02, 7.68937683e+02, 6.05597717e+02,
    7.70887817e+02, 5.79348145e+02, 7.73507202e+02, 5.53696045e+02,
    7.82031372e+02, 7.73164551e+02, 7.84471375e+02, 7.43907227e+02,
    7.86607788e+02, 7.15110840e+02, 7.89095886e+02, 6.87051331e+02,
    7.91335144e+02, 6.59454651e+02, 7.93388123e+02, 6.32247559e+02,
    7.95692139e+02, 6.05445007e+02, 7.97340881e+02, 5.78855896e+02,
    7.99789246e+02, 5.53449524e+02, 8.10492615e+02, 7.73471191e+02,
    8.12501831e+02, 7.44163147e+02, 8.14337097e+02, 7.15255371e+02,
    8.16539612e+02, 6.87069519e+02, 8.18600952e+02, 6.59505188e+02,
    8.20662170e+02, 6.32312927e+02, 8.22559570e+02, 6.05380859e+02,
    8.23808777e+02, 5.78544739e+02, 8.26225830e+02, 5.53136536e+02,
    8.38943298e+02, 7.74008484e+02, 8.40579529e+02, 7.44398132e+02,
    8.42229980e+02, 7.15358765e+02, 8.44257141e+02, 6.87244812e+02,
    8.46110474e+02, 6.59567261e+02, 8.47697693e+02, 6.32150818e+02,
    8.49470764e+02, 6.05143616e+02, 8.50669128e+02, 5.78385803e+02,
    8.52767761e+02, 5.52746155e+02, 8.67604919e+02, 7.74363464e+02,
    8.69144714e+02, 7.44606384e+02, 8.70373230e+02, 7.15474548e+02,
    8.72024841e+02, 6.87237793e+02, 8.73953918e+02, 6.59606384e+02,
    8.75324280e+02, 6.32212524e+02, 8.76677612e+02, 6.05068848e+02,
    8.77878784e+02, 5.78232056e+02, 8.79485901e+02, 5.52382812e+02,
    8.96606567e+02, 7.74727966e+02, 8.97672791e+02, 7.44917114e+02,
    8.98684875e+02, 7.15622314e+02, 9.00286682e+02, 6.87225342e+02,
    9.01654846e+02, 6.59613037e+02, 9.02720215e+02, 6.32078918e+02,
    9.04039246e+02, 6.04818481e+02, 9.05239319e+02, 5.77993774e+02,
    9.06409729e+02, 5.51955017e+02, 9.25589233e+02, 7.75136353e+02,
    9.26481140e+02, 7.45188477e+02, 9.27361145e+02, 7.16066589e+02,
    9.28418030e+02, 6.87377502e+02, 9.29604309e+02, 6.59556091e+02,
    9.30585327e+02, 6.31870972e+02, 9.31603394e+02, 6.04616882e+02,
    9.32512817e+02, 5.77769958e+02, 9.33410583e+02, 5.51503418e+02,
    9.54747986e+02, 7.75530151e+02, 9.55414856e+02, 7.45537842e+02,
    9.56160706e+02, 7.16363220e+02, 9.57116821e+02, 6.87551331e+02,
    9.57949341e+02, 6.59611511e+02, 9.58541931e+02, 6.31646912e+02,
    9.59396729e+02, 6.04410706e+02, 9.60094727e+02, 5.77632568e+02,
    9.60712524e+02, 5.51251404e+02, 9.84165955e+02, 7.75918884e+02,
    9.84673950e+02, 7.45912170e+02, 9.85160095e+02, 7.16626282e+02,
    9.85645142e+02, 6.87694519e+02, 9.86146179e+02, 6.59515015e+02,
    9.86506714e+02, 6.31480896e+02, 9.87119812e+02, 6.04281433e+02,
    9.87521729e+02, 5.77297791e+02, 9.88059143e+02, 5.50815308e+02,
    1.01371277e+03, 7.76339233e+02, 1.01388800e+03, 7.46213440e+02,
    1.01417896e+03, 7.16806030e+02, 1.01452057e+03, 6.87903259e+02,
    1.01474890e+03, 6.59539795e+02, 1.01490808e+03, 6.31321716e+02,
    1.01540729e+03, 6.04162720e+02, 1.01562366e+03, 5.77104004e+02,
    1.01579364e+03, 5.50459839e+02 ]
