%YAML:1.0
points: [ 1.98165543e+02, 2.90177155e+02, 1.98951477e+02, 2.80112213e+02,
    1.99748871e+02, 2.70144989e+02, 2.00529755e+02, 2.60562744e+02,
    2.01337448e+02, 2.50912842e+02, 2.02089767e+02, 2.41605698e+02,
    2.02711411e+02, 2.32212036e+02, 2.03446289e+02, 2.23295563e+02,
    2.04208527e+02, 2.14395844e+02, 2.07802292e+02, 2.90364563e+02,
    2.08553223e+02, 2.80106476e+02, 2.09289581e+02, 2.70201599e+02,
    2.09904129e+02, 2.60552704e+02, 2.10610214e+02, 2.50914963e+02,
    2.11334503e+02, 2.41548737e+02, 2.12050797e+02, 2.32234116e+02,
    2.12625137e+02, 2.23154999e+02, 2.13229263e+02, 2.14231888e+02,
    2.17611877e+02, 2.90441528e+02, 2.18216446e+02, 2.80307587e+02,
    2.18822205e+02, 2.70262665e+02, 2.19510483e+02, 2.60553223e+02,
    2.20212662e+02, 2.50969681e+02, 2.20734055e+02, 2.41530243e+02,
    2.21289200e+02, 2.32205185e+02, 2.21856094e+02, 2.22997742e+02,
    2.22518967e+02, 2.14182129e+02, 2.27607864e+02, 2.90766663e+02,
    2.28002182e+02, 2.80485291e+02, 2.28549240e+02, 2.70347260e+02,
    2.29087555e+02, 2.60643738e+02, 2.29702057e+02, 2.51067749e+02,
    2.30154160e+02, 2.41655762e+02, 2.30709274e+02, 2.32169037e+02,
    2.31051712e+02, 2.22948929e+02, 2.31619934e+02, 2.14117798e+02,
    2.37507217e+02, 2.90979218e+02, 2.37880066e+02, 2.80701111e+02,
    2.38290222e+02, 2.70507141e+02, 2.38789749e+02, 2.60800873e+02,
    2.39315155e+02, 2.51130356e+02, 2.39707367e+02, 2.41634293e+02,
    2.40140518e+02, 2.32196411e+02, 2.40535736e+02, 2.22970901e+02,
    2.40954361e+02, 2.14048157e+02, 2.47650787e+02, 2.91157990e+02,
    2.47842880e+02, 2.80851990e+02, 2.48130905e+02, 2.70704773e+02,
    2.48624222e+02, 2.60833191e+02, 2.48899887e+02, 2.51150345e+02,
    2.49294479e+02, 2.41692078e+02, 2.49677765e+02, 2.32228394e+02,
    2.49810532e+02, 2.22919540e+02, 2.50262161e+02, 2.14028885e+02,
    2.57648071e+02, 2.91268066e+02, 2.57832977e+02, 2.81019287e+02,
    2.58058899e+02, 2.70819794e+02, 2.58416656e+02, 2.60942505e+02,
    2.58735413e+02, 2.51210464e+02, 2.58917480e+02, 2.41746338e+02,
    2.59171997e+02, 2.32259827e+02, 2.59530579e+02, 2.22916214e+02,
    2.59669220e+02, 2.13937820e+02, 2.67871704e+02, 2.91530121e+02,
    2.67823090e+02, 2.81088959e+02, 2.68018951e+02, 2.70980713e+02,
    2.68248444e+02, 2.61023865e+02, 2.68491699e+02, 2.51306351e+02,
    2.68661804e+02, 2.41716278e+02, 2.68847229e+02, 2.32237137e+02,
    2.68907379e+02, 2.22966476e+02, 2.69078644e+02, 2.13913223e+02,
    2.77931702e+02, 2.91796448e+02, 2.78078156e+02, 2.81225250e+02,
    2.78135101e+02, 2.71064545e+02, 2.78286530e+02, 2.61050140e+02,
    2.78385040e+02, 2.51346588e+02, 2.78473633e+02, 2.41761856e+02,
    2.78553558e+02, 2.32234909e+02, 2.78689758e+02, 2.22966110e+02,
    2.78691132e+02, 2.13900543e+02, 2.88392395e+02, 2.91892731e+02,
    2.88331879e+02, 2.81491608e+02, 2.88226837e+02, 2.71177856e+02,
    2.88234863e+02, 2.61186340e+02, 2.88209747e+02, 2.51361206e+02,
    2.88191986e+02, 2.41754623e+02, 2.88217743e+02, 2.32224747e+02,
    2.88145355e+02, 2.22914948e+02, 2.88241089e+02, 2.13769730e+02,
    2.98742920e+02, 2.92112183e+02, 2.98667236e+02, 2.81787292e+02,
    2.98478363e+02, 2.71329010e+02, 2.98480591e+02, 2.61409241e+02,
    2.98262390e+02, 2.51475311e+02, 2.98195190e+02, 2.41782104e+02,
    2.98060242e+02, 2.32189636e+02, 2.98026337e+02, 2.22898590e+02,
    2.97915710e+02, 2.13680649e+02 ]
