%YAML:1.0
points: [ 1.04727649e+03, 3.35113831e+02, 1.04648816e+03, 3.53552032e+02,
    1.04586584e+03, 3.71707214e+02, 1.04560254e+03, 3.89909546e+02,
    1.04497571e+03, 4.07930145e+02, 1.04440027e+03, 4.25950043e+02,
    1.04427856e+03, 4.43893799e+02, 1.04366199e+03, 4.61675293e+02,
    1.04307141e+03, 4.79448914e+02, 1.02954187e+03, 3.34582123e+02,
    1.02921521e+03, 3.53053711e+02, 1.02848083e+03, 3.71320221e+02,
    1.02839795e+03, 3.89487854e+02, 1.02778455e+03, 4.07664337e+02,
    1.02743689e+03, 4.25672821e+02, 1.02689368e+03, 4.43740204e+02,
    1.02649719e+03, 4.61569641e+02, 1.02605994e+03, 4.79472260e+02,
    1.01230780e+03, 3.34133911e+02, 1.01169391e+03, 3.52487854e+02,
    1.01131653e+03, 3.70771149e+02, 1.01102283e+03, 3.89052460e+02,
    1.01037616e+03, 4.07308563e+02, 1.01025763e+03, 4.25393250e+02,
    1.00991608e+03, 4.43555328e+02, 1.00931317e+03, 4.61466858e+02,
    1.00873590e+03, 4.79405426e+02, 9.94542358e+02, 3.33465851e+02,
    9.94190613e+02, 3.51794586e+02, 9.93604675e+02, 3.70354523e+02,
    9.93301880e+02, 3.88606750e+02, 9.92776550e+02, 4.06972992e+02,
    9.92601196e+02, 4.25095367e+02, 9.92353821e+02, 4.43387817e+02,
    9.91861389e+02, 4.61338257e+02, 9.91266296e+02, 4.79361908e+02,
    9.76594116e+02, 3.32832336e+02, 9.76284790e+02, 3.51226074e+02,
    9.75757141e+02, 3.69842865e+02, 9.75324585e+02, 3.88201080e+02,
    9.75042419e+02, 4.06694763e+02, 9.75121887e+02, 4.24823944e+02,
    9.74788635e+02, 4.43243530e+02, 9.74232361e+02, 4.61199921e+02,
    9.73855652e+02, 4.79260193e+02, 9.58687256e+02, 3.32261322e+02,
    9.58602173e+02, 3.50677795e+02, 9.57930176e+02, 3.69367920e+02,
    9.57701111e+02, 3.87796295e+02, 9.57266052e+02, 4.06368744e+02,
    9.57302185e+02, 4.24661499e+02, 9.57189270e+02, 4.42980621e+02,
    9.56430786e+02, 4.61067505e+02, 9.56090637e+02, 4.79245758e+02,
    9.40505249e+02, 3.31456940e+02, 9.40398254e+02, 3.50120117e+02,
    9.39808289e+02, 3.68768280e+02, 9.39680786e+02, 3.87395111e+02,
    9.39356995e+02, 4.06013550e+02, 9.39184631e+02, 4.24396729e+02,
    9.39148743e+02, 4.42777679e+02, 9.38601807e+02, 4.60951904e+02,
    9.38394043e+02, 4.79187805e+02, 9.22414734e+02, 3.30824738e+02,
    9.22369751e+02, 3.49628540e+02, 9.21729187e+02, 3.68337097e+02,
    9.21716187e+02, 3.86870117e+02, 9.21398621e+02, 4.05560394e+02,
    9.21339539e+02, 4.24120361e+02, 9.21118042e+02, 4.42592957e+02,
    9.20791382e+02, 4.60857758e+02, 9.20530029e+02, 4.79179626e+02,
    9.03944702e+02, 3.30150085e+02, 9.03911194e+02, 3.49065186e+02,
    9.03522217e+02, 3.67684723e+02, 9.03308899e+02, 3.86567047e+02,
    9.03037415e+02, 4.05243164e+02, 9.03038940e+02, 4.23815063e+02,
    9.02750244e+02, 4.42333160e+02, 9.02542480e+02, 4.60728424e+02,
    9.02318909e+02, 4.79135010e+02, 8.85590393e+02, 3.29460815e+02,
    8.85339111e+02, 3.48521637e+02, 8.85053711e+02, 3.67183868e+02,
    8.85194153e+02, 3.86204956e+02, 8.84824524e+02, 4.04797516e+02,
    8.84753357e+02, 4.23578644e+02, 8.84548157e+02, 4.42184357e+02,
    8.84394775e+02, 4.60710632e+02, 8.84256104e+02, 4.79022034e+02,
    8.66691589e+02, 3.28943542e+02, 8.66678528e+02, 3.48020599e+02,
    8.66517517e+02, 3.66806702e+02, 8.66207214e+02, 3.85779175e+02,
    8.66205444e+02, 4.04482300e+02, 8.66120361e+02, 4.23299561e+02,
    8.65936279e+02, 4.41832275e+02, 8.65844543e+02, 4.60496368e+02,
    8.65629395e+02, 4.78891235e+02 ]
