%YAML:1.0
points: [ 2.39772980e+02, 1.47265747e+02, 2.29636002e+02, 1.47913956e+02,
    2.18856873e+02, 1.48325653e+02, 2.08383209e+02, 1.48748825e+02,
    1.97643005e+02, 1.49306564e+02, 1.86938080e+02, 1.49631607e+02,
    1.76121002e+02, 1.50247375e+02, 1.65279022e+02, 1.50675339e+02,
    1.54264420e+02, 1.50845337e+02, 2.39771927e+02, 1.37833023e+02,
    2.29024765e+02, 1.38379929e+02, 2.18388611e+02, 1.38706696e+02,
    2.07593948e+02, 1.39277252e+02, 1.96687363e+02, 1.39659103e+02,
    1.85721054e+02, 1.39855103e+02, 1.74752151e+02, 1.40518982e+02,
    1.63560120e+02, 1.40797333e+02, 1.52501587e+02, 1.41351410e+02,
    2.39624451e+02, 1.27820877e+02, 2.28727676e+02, 1.28305588e+02,
    2.17743790e+02, 1.28809052e+02, 2.06731537e+02, 1.29285172e+02,
    1.95628616e+02, 1.29435120e+02, 1.84573166e+02, 1.29825806e+02,
    1.73248642e+02, 1.30192764e+02, 1.61989014e+02, 1.30748047e+02,
    1.50618637e+02, 1.30945374e+02, 2.39384933e+02, 1.17279297e+02,
    2.28231918e+02, 1.17736504e+02, 2.17069977e+02, 1.18280128e+02,
    2.05837021e+02, 1.18712204e+02, 1.94635742e+02, 1.18871010e+02,
    1.83280121e+02, 1.19175682e+02, 1.71808075e+02, 1.19623840e+02,
    1.60237106e+02, 1.20249496e+02, 1.48787323e+02, 1.20564499e+02,
    2.38887299e+02, 1.06352760e+02, 2.27770355e+02, 1.06863922e+02,
    2.16548874e+02, 1.07466400e+02, 2.04931641e+02, 1.07762535e+02,
    1.93537109e+02, 1.07873650e+02, 1.81946121e+02, 1.08270592e+02,
    1.70242142e+02, 1.08619644e+02, 1.58477478e+02, 1.09182816e+02,
    1.46807800e+02, 1.09390152e+02, 2.38774490e+02, 9.50442200e+01,
    2.27310959e+02, 9.55336380e+01, 2.15760056e+02, 9.61394043e+01,
    2.04036118e+02, 9.62792892e+01, 1.92382233e+02, 9.64171295e+01,
    1.80572433e+02, 9.67968750e+01, 1.68722305e+02, 9.70312500e+01,
    1.56676163e+02, 9.77865067e+01, 1.44761749e+02, 9.78620987e+01,
    2.38654221e+02, 8.32121811e+01, 2.26763260e+02, 8.36976547e+01,
    2.14974579e+02, 8.42852936e+01, 2.03132385e+02, 8.45597687e+01,
    1.91219070e+02, 8.45223541e+01, 1.79128021e+02, 8.49212036e+01,
    1.67083298e+02, 8.52500458e+01, 1.54855255e+02, 8.58331680e+01,
    1.42636902e+02, 8.59824753e+01, 2.38341415e+02, 7.10981598e+01,
    2.26412857e+02, 7.15400391e+01, 2.14352219e+02, 7.19537888e+01,
    2.02167892e+02, 7.22168655e+01, 1.89909515e+02, 7.23748474e+01,
    1.77724884e+02, 7.26971436e+01, 1.65357635e+02, 7.30033417e+01,
    1.53048264e+02, 7.35449371e+01, 1.40472946e+02, 7.38681335e+01,
    2.38063690e+02, 5.85322647e+01, 2.25810684e+02, 5.89101601e+01,
    2.13718216e+02, 5.92044525e+01, 2.01142395e+02, 5.94759674e+01,
    1.88789948e+02, 5.97287712e+01, 1.76161423e+02, 6.00743561e+01,
    1.63666199e+02, 6.03050995e+01, 1.51011032e+02, 6.07340012e+01,
    1.38329941e+02, 6.11031303e+01, 2.37751556e+02, 4.54035645e+01,
    2.25551941e+02, 4.57302628e+01, 2.12722702e+02, 4.59727707e+01,
    2.00210190e+02, 4.63655434e+01, 1.87481720e+02, 4.66269836e+01,
    1.74811661e+02, 4.69503784e+01, 1.61861694e+02, 4.71770020e+01,
    1.49060028e+02, 4.76983528e+01, 1.36115829e+02, 4.79004097e+01,
    2.37746902e+02, 3.18694382e+01, 2.24694260e+02, 3.20766945e+01,
    2.12022202e+02, 3.23324203e+01, 1.99139374e+02, 3.26289940e+01,
    1.86344315e+02, 3.29808540e+01, 1.73069794e+02, 3.33805389e+01,
    1.60255478e+02, 3.36166153e+01, 1.46954254e+02, 3.39678764e+01,
    1.34004700e+02, 3.46216393e+01 ]
