%YAML:1.0
points: [ 2.76861816e+02, 3.18324432e+02, 2.71770142e+02, 3.23861176e+02,
    2.68063660e+02, 3.29037445e+02, 2.62913910e+02, 3.35201721e+02,
    2.58947327e+02, 3.40453400e+02, 2.53827454e+02, 3.46598083e+02,
    2.49632736e+02, 3.52336182e+02, 2.44775681e+02, 3.58209930e+02,
    2.40301437e+02, 3.63782471e+02, 2.70696747e+02, 3.13693176e+02,
    2.66873627e+02, 3.19084076e+02, 2.62726440e+02, 3.24888000e+02,
    2.57910065e+02, 3.30366516e+02, 2.53299622e+02, 3.36141357e+02,
    2.48711365e+02, 3.41686737e+02, 2.44011368e+02, 3.47313141e+02,
    2.39551620e+02, 3.53276215e+02, 2.35123230e+02, 3.59108917e+02,
    2.66801575e+02, 3.10161682e+02, 2.63002411e+02, 3.15126282e+02,
    2.57210297e+02, 3.20250122e+02, 2.52756500e+02, 3.25903748e+02,
    2.49480362e+02, 3.30955017e+02, 2.43962631e+02, 3.37222992e+02,
    2.40051880e+02, 3.42831573e+02, 2.34111694e+02, 3.48317169e+02,
    2.30498291e+02, 3.53959290e+02, 2.56660797e+02, 3.01522797e+02,
    2.56244934e+02, 3.10427734e+02, 2.51332047e+02, 3.15344116e+02,
    2.44325104e+02, 3.17027161e+02, 2.43630219e+02, 3.27013367e+02,
    2.40891586e+02, 3.33184357e+02, 2.34167435e+02, 3.38112732e+02,
    2.30138245e+02, 3.44376801e+02, 2.23931488e+02, 3.46570435e+02,
    2.56463318e+02, 3.01072998e+02, 2.51904175e+02, 3.06142365e+02,
    2.48889709e+02, 3.12181152e+02, 2.42050095e+02, 3.16638947e+02,
    2.38517502e+02, 3.22411499e+02, 2.35296753e+02, 3.28102203e+02,
    2.25179092e+02, 3.28949127e+02, 2.24599823e+02, 3.39176331e+02,
    2.20717117e+02, 3.43848083e+02, 2.50055817e+02, 2.96981842e+02,
    2.46766235e+02, 2.99142731e+02, 2.42982132e+02, 3.07563690e+02,
    2.40344284e+02, 3.13041321e+02, 2.32080368e+02, 3.15478058e+02,
    2.27732559e+02, 3.23770813e+02, 2.25175735e+02, 3.28947296e+02,
    2.21063156e+02, 3.35115143e+02, 2.20717056e+02, 3.43847992e+02,
    2.47221878e+02, 2.93183960e+02, 2.41697769e+02, 2.97776642e+02,
    2.35794815e+02, 3.02886932e+02, 2.31712753e+02, 3.08392334e+02,
    2.28298630e+02, 3.12286438e+02, 2.22941727e+02, 3.15632080e+02,
    2.25132614e+02, 3.28920044e+02, 2.15659882e+02, 3.29314972e+02,
    2.11710098e+02, 3.34797028e+02, 2.41205872e+02, 2.89254242e+02,
    2.39379547e+02, 2.93875641e+02, 2.31977356e+02, 2.98778168e+02,
    2.31869324e+02, 3.05577820e+02, 2.28771240e+02, 3.10913574e+02,
    2.20210861e+02, 3.12118378e+02, 2.20291138e+02, 3.24749695e+02,
    2.09489075e+02, 3.25572052e+02, 2.11710007e+02, 3.34796875e+02,
    2.41205643e+02, 2.89254120e+02, 2.34139908e+02, 2.90807800e+02,
    2.28588135e+02, 2.92815399e+02, 2.28906174e+02, 3.01778229e+02,
    2.19477539e+02, 3.05034729e+02, 2.16122696e+02, 3.07916168e+02,
    2.11487198e+02, 3.13255554e+02, 2.09489868e+02, 3.25571350e+02,
    2.05909805e+02, 3.28472321e+02, 2.31494202e+02, 2.81428131e+02,
    2.28773193e+02, 2.84234589e+02, 2.28588150e+02, 2.92815430e+02,
    2.19195129e+02, 2.96141968e+02, 2.15525391e+02, 3.01754181e+02,
    2.16122696e+02, 3.07916107e+02, 2.11486588e+02, 3.13255341e+02,
    2.02187576e+02, 3.16217010e+02, 2.03115784e+02, 3.24201721e+02,
    2.31494171e+02, 2.81428070e+02, 2.28773193e+02, 2.84234589e+02,
    2.24642395e+02, 2.89664459e+02, 2.20446365e+02, 2.93915253e+02,
    2.15524170e+02, 3.01754395e+02, 2.12065460e+02, 3.04615784e+02,
    2.06427856e+02, 3.12067810e+02, 2.02457260e+02, 3.15600800e+02,
    1.95750000e+02, 3.18750000e+02 ]
