%YAML:1.0
points: [ 1.78140076e+02, 2.50119080e+02, 1.73122711e+02, 2.55305328e+02,
    1.67142136e+02, 2.61400391e+02, 1.61094666e+02, 2.67611877e+02,
    1.54517792e+02, 2.74249756e+02, 1.47522446e+02, 2.81188171e+02,
    1.40709991e+02, 2.88380249e+02, 1.32845657e+02, 2.96210144e+02,
    1.24759552e+02, 3.04408569e+02, 1.73906998e+02, 2.40698303e+02,
    1.68361771e+02, 2.46230896e+02, 1.62155518e+02, 2.52156860e+02,
    1.55849380e+02, 2.58228973e+02, 1.49229675e+02, 2.64582794e+02,
    1.41909378e+02, 2.71294586e+02, 1.34696518e+02, 2.78521637e+02,
    1.26791740e+02, 2.85969269e+02, 1.18469070e+02, 2.93873047e+02,
    1.68986664e+02, 2.32059280e+02, 1.63165680e+02, 2.37109940e+02,
    1.57103760e+02, 2.42633301e+02, 1.50486038e+02, 2.48582123e+02,
    1.43302139e+02, 2.54829285e+02, 1.36233887e+02, 2.61361816e+02,
    1.28239304e+02, 2.68254730e+02, 1.20559387e+02, 2.75470886e+02,
    1.11579735e+02, 2.83230804e+02, 1.63863190e+02, 2.22676315e+02,
    1.57739594e+02, 2.27857635e+02, 1.51754410e+02, 2.33165604e+02,
    1.44800262e+02, 2.38798813e+02, 1.37317719e+02, 2.44854584e+02,
    1.29732773e+02, 2.51216812e+02, 1.21764854e+02, 2.57892700e+02,
    1.13895378e+02, 2.64813324e+02, 1.04685471e+02, 2.72366272e+02,
    1.58507919e+02, 2.13482941e+02, 1.52434402e+02, 2.18376328e+02,
    1.46177353e+02, 2.23328888e+02, 1.39000427e+02, 2.28985138e+02,
    1.31218109e+02, 2.34794708e+02, 1.23594002e+02, 2.40845734e+02,
    1.15235962e+02, 2.47273727e+02, 1.07107834e+02, 2.54005310e+02,
    9.75362701e+01, 2.61277557e+02, 1.53134689e+02, 2.03979630e+02,
    1.46911484e+02, 2.08610321e+02, 1.40583374e+02, 2.13404312e+02,
    1.33142715e+02, 2.18742859e+02, 1.25021118e+02, 2.24417252e+02,
    1.17070625e+02, 2.30217804e+02, 1.08477524e+02, 2.36500610e+02,
    1.00079239e+02, 2.42864441e+02, 9.03552933e+01, 2.49843735e+02,
    1.47692184e+02, 1.94374664e+02, 1.41316574e+02, 1.98716431e+02,
    1.34786377e+02, 2.03298370e+02, 1.27123833e+02, 2.08438004e+02,
    1.18741318e+02, 2.13922073e+02, 1.10504486e+02, 2.19484375e+02,
    1.01737335e+02, 2.25366348e+02, 9.29124527e+01, 2.31649857e+02,
    8.29584808e+01, 2.38200684e+02, 1.42150955e+02, 1.84464905e+02,
    1.35741257e+02, 1.88634918e+02, 1.28710251e+02, 1.93085312e+02,
    1.20830017e+02, 1.97896271e+02, 1.12377907e+02, 2.03063141e+02,
    1.04100716e+02, 2.08324631e+02, 9.48868027e+01, 2.14119202e+02,
    8.55736923e+01, 2.19954285e+02, 7.55858994e+01, 2.26378571e+02,
    1.36584915e+02, 1.74478302e+02, 1.29963104e+02, 1.78398941e+02,
    1.22474129e+02, 1.82647125e+02, 1.14576363e+02, 1.87215652e+02,
    1.06059135e+02, 1.92177750e+02, 9.74967422e+01, 1.97151031e+02,
    8.79409866e+01, 2.02451675e+02, 7.81414261e+01, 2.08041656e+02,
    6.79202423e+01, 2.14152679e+02, 1.31034103e+02, 1.64342682e+02,
    1.23757759e+02, 1.68099075e+02, 1.16199928e+02, 1.72244949e+02,
    1.08094147e+02, 1.76313507e+02, 9.94608078e+01, 1.80815399e+02,
    9.06654358e+01, 1.85509064e+02, 8.07297287e+01, 1.90871964e+02,
    7.10291214e+01, 1.96112457e+02, 6.01347923e+01, 2.02035477e+02,
    1.25094826e+02, 1.53980576e+02, 1.17835854e+02, 1.57475494e+02,
    1.09850075e+02, 1.61214966e+02, 1.01559349e+02, 1.65320877e+02,
    9.27101135e+01, 1.69445663e+02, 8.37240295e+01, 1.73959946e+02,
    7.35388107e+01, 1.78871765e+02, 6.32657127e+01, 1.83825150e+02,
    5.24179230e+01, 1.89129837e+02 ]
