%YAML:1.0
points: [ 9.51972900e+02, 4.18607635e+02, 9.52028870e+02, 4.27040863e+02,
    9.54385010e+02, 4.51124329e+02, 9.54385010e+02, 4.51124390e+02,
    9.56516907e+02, 4.75619110e+02, 9.58550354e+02, 4.88399384e+02,
    9.58550415e+02, 4.88399414e+02, 9.59797058e+02, 5.07729340e+02,
    9.61158264e+02, 5.21684937e+02, 9.35574280e+02, 4.28238007e+02,
    9.35574280e+02, 4.28238037e+02, 9.37573669e+02, 4.51839966e+02,
    9.37573669e+02, 4.51839996e+02, 9.39299866e+02, 4.76600677e+02,
    9.39299866e+02, 4.76600739e+02, 9.40316895e+02, 4.95541229e+02,
    9.41429138e+02, 5.08950928e+02, 9.42493042e+02, 5.22729248e+02,
    9.18051575e+02, 4.21213837e+02, 9.17822632e+02, 4.29576385e+02,
    9.19324463e+02, 4.53585663e+02, 9.19324463e+02, 4.53585693e+02,
    9.20662903e+02, 4.77536102e+02, 9.20662903e+02, 4.77536133e+02,
    9.22326721e+02, 4.90591125e+02, 9.22998047e+02, 5.09948090e+02,
    9.23771240e+02, 5.24033142e+02, 9.01318726e+02, 4.29790161e+02,
    9.01318726e+02, 4.29790161e+02, 9.02354065e+02, 4.54620392e+02,
    9.02354065e+02, 4.54620422e+02, 9.03242615e+02, 4.78935638e+02,
    9.03242615e+02, 4.78935730e+02, 9.03190552e+02, 4.91290863e+02,
    9.04432617e+02, 5.11172699e+02, 9.05154114e+02, 5.25287842e+02,
    8.83564697e+02, 4.31574432e+02, 8.83564697e+02, 4.31574463e+02,
    8.84221252e+02, 4.55798004e+02, 8.84221252e+02, 4.55798065e+02,
    8.84869812e+02, 4.80146790e+02, 8.84869873e+02, 4.80146851e+02,
    8.85673828e+02, 4.92454987e+02, 8.85933899e+02, 5.12605347e+02,
    8.86380310e+02, 5.26498291e+02, 8.66755127e+02, 4.32691132e+02,
    8.66755127e+02, 4.32691162e+02, 8.66993896e+02, 4.56701660e+02,
    8.66993896e+02, 4.56701691e+02, 8.67328918e+02, 4.81414856e+02,
    8.67328918e+02, 4.81414886e+02, 8.67172241e+02, 4.93196564e+02,
    8.67450684e+02, 5.13747986e+02, 8.67592041e+02, 5.27590088e+02,
    8.49107483e+02, 4.34118164e+02, 8.49107483e+02, 4.34118225e+02,
    8.49144409e+02, 4.57947083e+02, 8.49144409e+02, 4.57947144e+02,
    8.48818604e+02, 4.82625732e+02, 8.48818604e+02, 4.82625763e+02,
    8.49082520e+02, 4.94481049e+02, 8.48802124e+02, 5.15086670e+02,
    8.48834106e+02, 5.28860779e+02, 8.32377869e+02, 4.34755585e+02,
    8.32377869e+02, 4.34755585e+02, 8.31944397e+02, 4.59495850e+02,
    8.31944397e+02, 4.59495880e+02, 8.31492554e+02, 4.83319641e+02,
    8.31492554e+02, 4.83319702e+02, 8.30487000e+02, 5.02468781e+02,
    8.30414307e+02, 5.16408569e+02, 8.29997192e+02, 5.29686829e+02,
    8.14738403e+02, 4.35660400e+02, 8.14738403e+02, 4.35660400e+02,
    8.13804871e+02, 4.59949463e+02, 8.13804932e+02, 4.59949524e+02,
    8.12748230e+02, 4.84503632e+02, 8.12748230e+02, 4.84503662e+02,
    8.12657776e+02, 4.97665375e+02, 8.11773865e+02, 5.17447021e+02,
    8.11340637e+02, 5.30944885e+02, 7.97817688e+02, 4.36839081e+02,
    7.97817688e+02, 4.36839111e+02, 7.96560608e+02, 4.48633209e+02,
    7.95440186e+02, 4.73044281e+02, 7.95440186e+02, 4.73044342e+02,
    7.95353943e+02, 4.86018005e+02, 7.94065674e+02, 5.05471863e+02,
    7.93548645e+02, 5.12404968e+02, 7.92503418e+02, 5.32578979e+02,
    7.80480103e+02, 4.38629761e+02, 7.79968201e+02, 4.49956146e+02,
    7.79968201e+02, 4.49956207e+02, 7.78132202e+02, 4.75294647e+02,
    7.78132202e+02, 4.75294678e+02, 7.77104309e+02, 4.86908020e+02,
    7.76272400e+02, 5.00477051e+02, 7.74815857e+02, 5.20398560e+02,
    7.74017639e+02, 5.34262390e+02 ]
