%YAML:1.0
points: [ 3.33595673e+02, 1.82435196e+02, 3.35472382e+02, 1.87790863e+02,
    3.36489716e+02, 1.91196884e+02, 3.37307465e+02, 1.95373947e+02,
    3.37307434e+02, 1.95373978e+02, 3.40075317e+02, 2.04818954e+02,
    3.40075287e+02, 2.04818970e+02, 3.42505341e+02, 2.13858902e+02,
    3.42505310e+02, 2.13858917e+02, 3.29336212e+02, 1.84598831e+02,
    3.30362671e+02, 1.87357925e+02, 3.31587036e+02, 1.93263077e+02,
    3.33057159e+02, 1.96930939e+02, 3.33873169e+02, 2.01168365e+02,
    3.33873138e+02, 2.01168381e+02, 3.36159363e+02, 2.10308426e+02,
    3.36159332e+02, 2.10308456e+02, 3.42505341e+02, 2.13858902e+02,
    3.29336212e+02, 1.84598816e+02, 3.29336304e+02, 1.84598969e+02,
    3.26885590e+02, 1.93430038e+02, 3.28042267e+02, 1.98259491e+02,
    3.29171936e+02, 2.02572189e+02, 3.29171906e+02, 2.02572220e+02,
    3.36159363e+02, 2.10308426e+02, 3.36159332e+02, 2.10308456e+02,
    3.32843933e+02, 2.16120865e+02, 3.19842804e+02, 1.86118759e+02,
    3.20781464e+02, 1.91196335e+02, 3.22152466e+02, 1.94113083e+02,
    3.23281677e+02, 2.00193649e+02, 3.24688965e+02, 2.03726166e+02,
    3.29171906e+02, 2.02572220e+02, 3.30472443e+02, 2.06842255e+02,
    3.26994232e+02, 2.12468750e+02, 3.27840851e+02, 2.17661270e+02,
    3.19842834e+02, 1.86118790e+02, 3.16665771e+02, 1.90930862e+02,
    3.20835266e+02, 1.91498215e+02, 3.23281677e+02, 2.00193649e+02,
    3.24688965e+02, 2.03726166e+02, 3.19808411e+02, 2.05272415e+02,
    3.23846100e+02, 2.11459427e+02, 3.21933716e+02, 2.14157822e+02,
    3.23125824e+02, 2.18851242e+02, 3.10949219e+02, 1.88782364e+02,
    3.16665833e+02, 1.90930862e+02, 3.12523193e+02, 1.97329269e+02,
    3.13921539e+02, 2.01555984e+02, 3.15062164e+02, 2.06345917e+02,
    3.15062256e+02, 2.06346100e+02, 3.19103210e+02, 2.12758224e+02,
    3.18587433e+02, 2.20313385e+02, 3.23125854e+02, 2.18851212e+02,
    3.10949249e+02, 1.88782364e+02, 3.10949219e+02, 1.88782364e+02,
    3.08708466e+02, 1.99219543e+02, 3.13921539e+02, 2.01555984e+02,
    3.11052704e+02, 2.07319458e+02, 3.15062256e+02, 2.06346100e+02,
    3.14617554e+02, 2.13846954e+02, 3.18587433e+02, 2.20313385e+02,
    3.13845581e+02, 2.21638672e+02, 3.01226715e+02, 1.92318237e+02,
    3.01224945e+02, 1.92320587e+02, 3.08708466e+02, 1.99219559e+02,
    3.09596497e+02, 2.03692947e+02, 3.09596497e+02, 2.03696548e+02,
    3.08765259e+02, 2.10741226e+02, 3.06042419e+02, 2.13509247e+02,
    3.10766632e+02, 2.19670151e+02, 3.08859802e+02, 2.22681107e+02,
    3.01227692e+02, 1.92316956e+02, 3.01227173e+02, 1.92317657e+02,
    3.00937042e+02, 1.98585754e+02, 3.04922241e+02, 2.04550507e+02,
    3.04922180e+02, 2.04550537e+02, 3.02854462e+02, 2.15429291e+02,
    3.03606079e+02, 2.19467270e+02, 3.04612152e+02, 2.24141708e+02,
    3.04612152e+02, 2.24141708e+02, 2.98272949e+02, 1.93794662e+02,
    2.98271454e+02, 1.93793945e+02, 2.96689392e+02, 1.99866913e+02,
    2.97655334e+02, 2.04555145e+02, 2.98792542e+02, 2.08844925e+02,
    3.02854492e+02, 2.15429306e+02, 3.03606049e+02, 2.19467285e+02,
    3.04612183e+02, 2.24141708e+02, 3.04612183e+02, 2.24141693e+02,
    2.92938751e+02, 1.94383621e+02, 2.92907745e+02, 1.97110931e+02,
    2.94941406e+02, 2.01589005e+02, 2.94941559e+02, 2.01590195e+02,
    2.96901337e+02, 2.12271011e+02, 2.96911224e+02, 2.12311417e+02,
    2.97961914e+02, 2.15795761e+02, 2.98703125e+02, 2.20185074e+02,
    3.00074066e+02, 2.24666534e+02 ]
