%YAML:1.0
points: [ 1.16073645e+03, 4.48626801e+02, 1.16251282e+03, 4.56320892e+02,
    1.16910754e+03, 4.82308655e+02, 1.16910767e+03, 4.82308777e+02,
    1.17403284e+03, 4.99634460e+02, 1.17761377e+03, 5.13860596e+02,
    1.17953613e+03, 5.20431885e+02, 1.18494153e+03, 5.40640564e+02,
    1.18805237e+03, 5.52788147e+02, 1.14932544e+03, 4.60430725e+02,
    1.14932532e+03, 4.60430725e+02, 1.15215356e+03, 4.73446960e+02,
    1.15584216e+03, 4.85587555e+02, 1.15867517e+03, 4.98937256e+02,
    1.16459546e+03, 5.20208618e+02, 1.16700061e+03, 5.30993591e+02,
    1.17048352e+03, 5.43020630e+02, 1.17443982e+03, 5.57615173e+02,
    1.13400830e+03, 4.56660034e+02, 1.13597180e+03, 4.64572754e+02,
    1.13900342e+03, 4.77251526e+02, 1.14207312e+03, 4.89651459e+02,
    1.14861047e+03, 5.16009033e+02, 1.14861438e+03, 5.16018188e+02,
    1.15357007e+03, 5.33119507e+02, 1.15530908e+03, 5.41633545e+02,
    1.16019421e+03, 5.59719788e+02, 1.12261572e+03, 4.69426147e+02,
    1.12557178e+03, 4.80665802e+02, 1.12557190e+03, 4.80665924e+02,
    1.12867407e+03, 4.93527039e+02, 1.12879614e+03, 5.21271362e+02,
    1.13878723e+03, 5.32212463e+02, 1.14203101e+03, 5.46010925e+02,
    1.14203125e+03, 5.46011230e+02, 1.14690271e+03, 5.65187317e+02,
    1.10917432e+03, 4.72424652e+02, 1.10917444e+03, 4.72424744e+02,
    1.11282776e+03, 4.84320801e+02, 1.11602576e+03, 4.98097809e+02,
    1.12220593e+03, 5.22939026e+02, 1.12220605e+03, 5.22939270e+02,
    1.12831812e+03, 5.50196777e+02, 1.12831799e+03, 5.50196838e+02,
    1.13365833e+03, 5.71021240e+02, 1.09020532e+03, 4.78256653e+02,
    1.09020532e+03, 4.78256653e+02, 1.09938586e+03, 4.89090179e+02,
    1.10244263e+03, 5.00765717e+02, 1.10139575e+03, 5.29561584e+02,
    1.10880225e+03, 5.27554016e+02, 1.11560645e+03, 5.54244019e+02,
    1.11633508e+03, 5.57688782e+02, 1.11838757e+03, 5.72824951e+02,
    1.09020496e+03, 4.78256775e+02, 1.09020496e+03, 4.78256775e+02,
    1.07987073e+03, 4.94534576e+02, 1.08866089e+03, 5.04727966e+02,
    1.09541125e+03, 5.30906372e+02, 1.09541125e+03, 5.30906311e+02,
    1.10150061e+03, 5.57659424e+02, 1.09511011e+03, 5.60058594e+02,
    1.10614832e+03, 5.74138428e+02, 1.06529333e+03, 4.85855927e+02,
    1.06529333e+03, 4.85855865e+02, 1.06736182e+03, 4.98722656e+02,
    1.06943140e+03, 5.10283539e+02, 1.07259082e+03, 5.24941040e+02,
    1.08257068e+03, 5.34188843e+02, 1.08282495e+03, 5.63873596e+02,
    1.08996655e+03, 5.64174988e+02, 1.09049426e+03, 5.71908630e+02,
    1.05151147e+03, 4.90463623e+02, 1.05151147e+03, 4.90463684e+02,
    1.05469934e+03, 5.03261414e+02, 1.05739209e+03, 5.15324707e+02,
    1.07595447e+03, 5.36248047e+02, 1.06342419e+03, 5.39866028e+02,
    1.06584363e+03, 5.52570740e+02, 1.07555249e+03, 5.64751465e+02,
    1.07104712e+03, 5.75536377e+02, 1.03929053e+03, 4.94062622e+02,
    1.05469946e+03, 5.03261353e+02, 1.04163928e+03, 5.06562622e+02,
    1.04428979e+03, 5.18732300e+02, 1.04751562e+03, 5.31881531e+02,
    1.06342395e+03, 5.39865967e+02, 1.05637646e+03, 5.70563904e+02,
    1.05637646e+03, 5.70563904e+02, 1.06707581e+03, 5.87330627e+02,
    1.03929065e+03, 4.94062683e+02, 1.03929089e+03, 4.94062653e+02,
    1.04428943e+03, 5.18732056e+02, 1.04428943e+03, 5.18732300e+02,
    1.05024817e+03, 5.43648499e+02, 1.05024817e+03, 5.43648499e+02,
    1.05637610e+03, 5.70563660e+02, 1.05637610e+03, 5.70563660e+02,
    1.05450476e+03, 5.92910767e+02 ]
