%YAML:1.0
points: [ 9.02116089e+02, 9.21500916e+02, 8.64242371e+02, 9.26170471e+02,
    8.25621521e+02, 9.31468018e+02, 7.86620667e+02, 9.36442322e+02,
    7.47540405e+02, 9.41787903e+02, 7.08198425e+02, 9.47464722e+02,
    6.68075684e+02, 9.52333984e+02, 6.28078857e+02, 9.58012085e+02,
    5.87575134e+02, 9.63632446e+02, 8.98398926e+02, 8.82797241e+02,
    8.60906067e+02, 8.87368347e+02, 8.23419739e+02, 8.92434265e+02,
    7.85343506e+02, 8.97223816e+02, 7.47077332e+02, 9.02369751e+02,
    7.08325806e+02, 9.07643311e+02, 6.69398193e+02, 9.12634827e+02,
    6.29697937e+02, 9.17575684e+02, 5.90348572e+02, 9.22935181e+02,
    8.94855042e+02, 8.46206116e+02, 8.58311157e+02, 8.50668579e+02,
    8.21248718e+02, 8.55213318e+02, 7.84021851e+02, 8.59870605e+02,
    7.46543152e+02, 8.65211243e+02, 7.08571838e+02, 8.69714233e+02,
    6.70565063e+02, 8.75034546e+02, 6.31835938e+02, 8.79187622e+02,
    5.93346741e+02, 8.84785522e+02, 8.91359314e+02, 8.11440491e+02,
    8.55415405e+02, 8.15755920e+02, 8.19251526e+02, 8.19563416e+02,
    7.82633728e+02, 8.24254395e+02, 7.46288940e+02, 8.29368164e+02,
    7.09236023e+02, 8.34064636e+02, 6.71804199e+02, 8.38722046e+02,
    6.33706726e+02, 8.42528931e+02, 5.96245422e+02, 8.47987671e+02,
    8.87992310e+02, 7.78298523e+02, 8.52990417e+02, 7.82208557e+02,
    8.17284790e+02, 7.85714233e+02, 7.81639160e+02, 7.90323853e+02,
    7.45815613e+02, 7.95348267e+02, 7.09596619e+02, 7.99344666e+02,
    6.73170471e+02, 8.03917419e+02, 6.35703918e+02, 8.07538391e+02,
    5.99080750e+02, 8.12808777e+02, 8.84812073e+02, 7.45845947e+02,
    8.50321838e+02, 7.49700073e+02, 8.15539368e+02, 7.52737793e+02,
    7.80588684e+02, 7.57300110e+02, 7.45575012e+02, 7.62360535e+02,
    7.10182556e+02, 7.66373840e+02, 6.74366333e+02, 7.70669312e+02,
    6.37777222e+02, 7.74073853e+02, 6.01682495e+02, 7.78759644e+02,
    8.81693726e+02, 7.15413147e+02, 8.48041321e+02, 7.18573364e+02,
    8.13636536e+02, 7.21546692e+02, 7.79482239e+02, 7.25635437e+02,
    7.45276489e+02, 7.30660217e+02, 7.10494019e+02, 7.34606873e+02,
    6.75333740e+02, 7.38627686e+02, 6.39445312e+02, 7.41778992e+02,
    6.04077026e+02, 7.46384460e+02, 8.78844543e+02, 6.85881348e+02,
    8.45520508e+02, 6.88542786e+02, 8.12166931e+02, 6.91699524e+02,
    7.78481934e+02, 6.95608704e+02, 7.44773499e+02, 7.00284241e+02,
    7.10672058e+02, 7.03518738e+02, 6.76190002e+02, 7.07632080e+02,
    6.41333313e+02, 7.11152466e+02, 6.06519165e+02, 7.14832275e+02,
    8.75889893e+02, 6.57138184e+02, 8.43444092e+02, 6.59864746e+02,
    8.10576965e+02, 6.63101685e+02, 7.77440491e+02, 6.66602783e+02,
    7.44447205e+02, 6.70889160e+02, 7.10762024e+02, 6.73780334e+02,
    6.77150452e+02, 6.77768188e+02, 6.43130920e+02, 6.81431946e+02,
    6.08627747e+02, 6.84796753e+02, 8.73293518e+02, 6.29486755e+02,
    8.41243713e+02, 6.32772278e+02, 8.08926941e+02, 6.35592896e+02,
    7.76628906e+02, 6.39209839e+02, 7.44138000e+02, 6.42604065e+02,
    7.11042175e+02, 6.45420898e+02, 6.78100037e+02, 6.49717224e+02,
    6.44403076e+02, 6.52517944e+02, 6.10961182e+02, 6.56147461e+02,
    8.70529114e+02, 6.03159790e+02, 8.39129761e+02, 6.05873718e+02,
    8.07438782e+02, 6.08840149e+02, 7.75827942e+02, 6.12496277e+02,
    7.43666626e+02, 6.15485657e+02, 7.11252075e+02, 6.18007751e+02,
    6.79043518e+02, 6.22335876e+02, 6.45915222e+02, 6.25007385e+02,
    6.12751282e+02, 6.28054932e+02 ]
