%YAML:1.0
points: [ 2.26976791e+02, 1.05424332e+02, 2.38890076e+02, 1.07472473e+02,
    2.51513153e+02, 1.09707741e+02, 2.64403870e+02, 1.11845734e+02,
    2.77857391e+02, 1.14159302e+02, 2.91754974e+02, 1.16671638e+02,
    3.05807770e+02, 1.18881500e+02, 3.20664551e+02, 1.21471046e+02,
    3.35965088e+02, 1.24086777e+02, 2.23192337e+02, 1.19255371e+02,
    2.35191513e+02, 1.21515671e+02, 2.47760284e+02, 1.23929466e+02,
    2.60572693e+02, 1.26388107e+02, 2.73906067e+02, 1.28900040e+02,
    2.87632538e+02, 1.31627579e+02, 3.01749817e+02, 1.34137390e+02,
    3.16317444e+02, 1.36845810e+02, 3.31487640e+02, 1.39653717e+02,
    2.19805450e+02, 1.32943771e+02, 2.31702454e+02, 1.35515045e+02,
    2.44024780e+02, 1.38024170e+02, 2.56796021e+02, 1.40738419e+02,
    2.70213318e+02, 1.43587234e+02, 2.83654877e+02, 1.46289764e+02,
    2.97865082e+02, 1.49285034e+02, 3.12045929e+02, 1.52020294e+02,
    3.27265228e+02, 1.55420639e+02, 2.16422516e+02, 1.46734955e+02,
    2.28413635e+02, 1.49512970e+02, 2.40435043e+02, 1.52198547e+02,
    2.53207458e+02, 1.55060471e+02, 2.66491608e+02, 1.58165680e+02,
    2.79997528e+02, 1.61163696e+02, 2.93903687e+02, 1.64350372e+02,
    3.07830231e+02, 1.67577621e+02, 3.23026917e+02, 1.70780472e+02,
    2.13330704e+02, 1.60391953e+02, 2.25082977e+02, 1.63228394e+02,
    2.36892609e+02, 1.66146164e+02, 2.49666443e+02, 1.69283936e+02,
    2.62866180e+02, 1.72535736e+02, 2.76150604e+02, 1.75716583e+02,
    2.90015900e+02, 1.79141129e+02, 3.03912567e+02, 1.82393555e+02,
    3.19097931e+02, 1.86035095e+02, 2.09973373e+02, 1.73869125e+02,
    2.21598526e+02, 1.76987167e+02, 2.33329498e+02, 1.80068619e+02,
    2.45999405e+02, 1.83388199e+02, 2.59247772e+02, 1.86879639e+02,
    2.72354645e+02, 1.90359146e+02, 2.86123962e+02, 1.93917297e+02,
    2.99936340e+02, 1.97634415e+02, 3.14777679e+02, 2.01452621e+02,
    2.06772110e+02, 1.87374329e+02, 2.18236938e+02, 1.90585037e+02,
    2.29836624e+02, 1.93882690e+02, 2.42406143e+02, 1.97352280e+02,
    2.55677948e+02, 2.00975586e+02, 2.68715393e+02, 2.04670441e+02,
    2.82249603e+02, 2.08516220e+02, 2.95991791e+02, 2.12358902e+02,
    3.10723511e+02, 2.16527451e+02, 2.03481430e+02, 2.00660507e+02,
    2.14758621e+02, 2.04082886e+02, 2.26484894e+02, 2.07638306e+02,
    2.38965088e+02, 2.11314117e+02, 2.51842224e+02, 2.15152512e+02,
    2.64813507e+02, 2.19036331e+02, 2.78338776e+02, 2.23110107e+02,
    2.92179565e+02, 2.27209824e+02, 3.06579773e+02, 2.31480438e+02,
    2.00190445e+02, 2.13998138e+02, 2.11415802e+02, 2.17538559e+02,
    2.23241287e+02, 2.21317154e+02, 2.35413879e+02, 2.25147049e+02,
    2.48288177e+02, 2.29152634e+02, 2.60934387e+02, 2.33221725e+02,
    2.74517609e+02, 2.37492691e+02, 2.88272644e+02, 2.41777771e+02,
    3.02465240e+02, 2.46541992e+02, 1.96880508e+02, 2.27062637e+02,
    2.08307709e+02, 2.30866104e+02, 2.19999039e+02, 2.34757980e+02,
    2.32088013e+02, 2.38852875e+02, 2.44591003e+02, 2.42982574e+02,
    2.57221313e+02, 2.47399567e+02, 2.70770569e+02, 2.51712463e+02,
    2.84311340e+02, 2.56439667e+02, 2.98583771e+02, 2.61230927e+02,
    1.93700577e+02, 2.40225296e+02, 2.04908829e+02, 2.44190750e+02,
    2.16617310e+02, 2.48339386e+02, 2.28719086e+02, 2.52457108e+02,
    2.41087555e+02, 2.56862213e+02, 2.53587677e+02, 2.61407410e+02,
    2.67132385e+02, 2.66066559e+02, 2.80565063e+02, 2.70910889e+02,
    2.94410614e+02, 2.76088898e+02 ]
