%YAML:1.0
points: [ 4.69700989e+02, 2.53771545e+02, 4.53725433e+02, 2.53698898e+02,
    4.37905060e+02, 2.52928665e+02, 4.22811523e+02, 2.52675690e+02,
    4.08104431e+02, 2.51905823e+02, 3.94095551e+02, 2.51525452e+02,
    3.80277161e+02, 2.51100052e+02, 3.67393738e+02, 2.50604675e+02,
    3.54860352e+02, 2.50121780e+02, 4.69129028e+02, 2.39710541e+02,
    4.52871704e+02, 2.39532822e+02, 4.37111908e+02, 2.39379578e+02,
    4.21844025e+02, 2.38957428e+02, 4.07165375e+02, 2.38773865e+02,
    3.92962372e+02, 2.38532043e+02, 3.79378387e+02, 2.38352203e+02,
    3.66255737e+02, 2.38159058e+02, 3.53711487e+02, 2.37881012e+02,
    4.68577515e+02, 2.24899918e+02, 4.52314606e+02, 2.25060974e+02,
    4.36375702e+02, 2.25266998e+02, 4.20956177e+02, 2.25548096e+02,
    4.06328186e+02, 2.25416214e+02, 3.92108490e+02, 2.25478653e+02,
    3.78507690e+02, 2.25492401e+02, 3.65197968e+02, 2.25649567e+02,
    3.52775482e+02, 2.25643372e+02, 4.67859283e+02, 2.10290848e+02,
    4.51638733e+02, 2.10652451e+02, 4.35602417e+02, 2.11198517e+02,
    4.19988495e+02, 2.11592987e+02, 4.05587036e+02, 2.11819946e+02,
    3.91392487e+02, 2.11971909e+02, 3.77578217e+02, 2.12564240e+02,
    3.64168976e+02, 2.12898514e+02, 3.51755615e+02, 2.13102295e+02,
    4.67117065e+02, 1.95357025e+02, 4.50829926e+02, 1.96072845e+02,
    4.34737396e+02, 1.96804169e+02, 4.19415100e+02, 1.97722076e+02,
    4.04788849e+02, 1.97997894e+02, 3.90408142e+02, 1.98730301e+02,
    3.76611938e+02, 1.99359177e+02, 3.63222900e+02, 1.99955627e+02,
    3.50832764e+02, 2.00560257e+02, 4.66566589e+02, 1.80441864e+02,
    4.49934235e+02, 1.81378006e+02, 4.33908234e+02, 1.82449005e+02,
    4.18564728e+02, 1.83472229e+02, 4.03792114e+02, 1.84565598e+02,
    3.89591370e+02, 1.85237213e+02, 3.75805725e+02, 1.86149551e+02,
    3.62329132e+02, 1.87176575e+02, 3.49816742e+02, 1.87902084e+02,
    4.65807800e+02, 1.65281174e+02, 4.49123871e+02, 1.66691986e+02,
    4.33120056e+02, 1.68030502e+02, 4.17765564e+02, 1.69253845e+02,
    4.02855042e+02, 1.70382248e+02, 3.88630615e+02, 1.71765701e+02,
    3.74838562e+02, 1.72900070e+02, 3.61342468e+02, 1.73986572e+02,
    3.48869049e+02, 1.75191055e+02, 4.64881348e+02, 1.50178162e+02,
    4.48452454e+02, 1.51730667e+02, 4.32286743e+02, 1.53351120e+02,
    4.16876465e+02, 1.54894348e+02, 4.02042664e+02, 1.56633194e+02,
    3.87655365e+02, 1.58021194e+02, 3.73885040e+02, 1.59587357e+02,
    3.60585693e+02, 1.60996048e+02, 3.47864868e+02, 1.62358200e+02,
    4.63958801e+02, 1.34660248e+02, 4.47630554e+02, 1.36739166e+02,
    4.31514160e+02, 1.38636429e+02, 4.15923035e+02, 1.40412811e+02,
    4.01150085e+02, 1.42292908e+02, 3.86706055e+02, 1.44266525e+02,
    3.72939240e+02, 1.46046692e+02, 3.59679108e+02, 1.47827316e+02,
    3.46845032e+02, 1.49397873e+02, 4.62973816e+02, 1.19501106e+02,
    4.46724426e+02, 1.21671638e+02, 4.30605591e+02, 1.24015472e+02,
    4.15161499e+02, 1.26236092e+02, 4.00060150e+02, 1.28293457e+02,
    3.85716217e+02, 1.30482941e+02, 3.72063721e+02, 1.32488388e+02,
    3.58691528e+02, 1.34566681e+02, 3.45940491e+02, 1.36414444e+02,
    4.61967255e+02, 1.03939713e+02, 4.45740845e+02, 1.06566948e+02,
    4.29724640e+02, 1.08953888e+02, 4.14333313e+02, 1.11561768e+02,
    3.99262177e+02, 1.13960106e+02, 3.84806915e+02, 1.16377411e+02,
    3.71127502e+02, 1.18848503e+02, 3.57780762e+02, 1.21080757e+02,
    3.44818665e+02, 1.23256386e+02 ]
