%YAML:1.0
points: [ 9.43544250e+02, 2.04458115e+02, 9.67161011e+02, 2.29829514e+02,
    9.90569946e+02, 2.55189926e+02, 1.01502014e+03, 2.79159882e+02,
    1.03824438e+03, 3.04571472e+02, 1.06185327e+03, 3.29551941e+02,
    1.08592725e+03, 3.53828369e+02, 1.10956580e+03, 3.78737610e+02,
    1.13289392e+03, 4.03753754e+02, 9.20066833e+02, 2.22656906e+02,
    9.44276794e+02, 2.47652542e+02, 9.67908508e+02, 2.73543152e+02,
    9.92619812e+02, 2.97846130e+02, 1.01631396e+03, 3.23570648e+02,
    1.04052588e+03, 3.48486847e+02, 1.06460071e+03, 3.73480347e+02,
    1.08843726e+03, 3.98923279e+02, 1.11236426e+03, 4.24022217e+02,
    8.96242126e+02, 2.40665619e+02, 9.20493835e+02, 2.66648102e+02,
    9.44830566e+02, 2.92164551e+02, 9.69512268e+02, 3.17215363e+02,
    9.93475220e+02, 3.43283356e+02, 1.01847607e+03, 3.67995331e+02,
    1.04295264e+03, 3.93361511e+02, 1.06720215e+03, 4.18992767e+02,
    1.09091650e+03, 4.44798004e+02, 8.71519653e+02, 2.59660675e+02,
    8.96367432e+02, 2.85430511e+02, 9.20822815e+02, 3.11660553e+02,
    9.45693848e+02, 3.37268555e+02, 9.70254761e+02, 3.63347839e+02,
    9.95551514e+02, 3.88263855e+02, 1.02052002e+03, 4.13767487e+02,
    1.04494031e+03, 4.39951111e+02, 1.06894385e+03, 4.66284821e+02,
    8.46198547e+02, 2.79141174e+02, 8.71548584e+02, 3.04811432e+02,
    8.96167419e+02, 3.31675232e+02, 9.21240234e+02, 3.57884003e+02,
    9.46296631e+02, 3.84117554e+02, 9.72066833e+02, 4.09152313e+02,
    9.97562012e+02, 4.34853363e+02, 1.02180109e+03, 4.61758636e+02,
    1.04650464e+03, 4.88275543e+02, 8.20271362e+02, 2.98855377e+02,
    8.45947876e+02, 3.24704193e+02, 8.70886169e+02, 3.52346161e+02,
    8.96392395e+02, 3.78643585e+02, 9.21688599e+02, 4.05216217e+02,
    9.47739014e+02, 4.30762848e+02, 9.73540833e+02, 4.56894989e+02,
    9.98362854e+02, 4.84097504e+02, 1.02353577e+03, 5.10748657e+02,
    7.93421387e+02, 3.19250275e+02, 8.19586182e+02, 3.45351440e+02,
    8.44799561e+02, 3.73185791e+02, 8.70909668e+02, 3.99840027e+02,
    8.96498474e+02, 4.26824615e+02, 9.22756165e+02, 4.53107605e+02,
    9.48819824e+02, 4.79599091e+02, 9.74083923e+02, 5.07114990e+02,
    9.99577515e+02, 5.34107056e+02, 7.66045166e+02, 3.39902710e+02,
    7.92529785e+02, 3.66433777e+02, 8.18271667e+02, 3.94657257e+02,
    8.44517151e+02, 4.21872528e+02, 8.70659668e+02, 4.49113586e+02,
    8.97257446e+02, 4.75701111e+02, 9.23500977e+02, 5.02998962e+02,
    9.49296631e+02, 5.30605835e+02, 9.75459900e+02, 5.57771973e+02,
    7.37622803e+02, 3.61387817e+02, 7.64509827e+02, 3.88437653e+02,
    7.90711548e+02, 4.16773407e+02, 8.17578308e+02, 4.44157532e+02,
    8.43955017e+02, 4.72091858e+02, 8.70865540e+02, 4.99325256e+02,
    8.97412781e+02, 5.26938843e+02, 9.23841980e+02, 5.54727051e+02,
    9.50359619e+02, 5.82413513e+02, 7.08599731e+02, 3.83346832e+02,
    7.35644531e+02, 4.11221954e+02, 7.62533875e+02, 4.39558044e+02,
    7.89384094e+02, 4.67763550e+02, 8.16502136e+02, 4.95641266e+02,
    8.43570618e+02, 5.23613953e+02, 8.70438721e+02, 5.51890747e+02,
    8.97496643e+02, 5.79763245e+02, 9.24304626e+02, 6.07960327e+02,
    6.78425720e+02, 4.06689545e+02, 7.05961365e+02, 4.35153381e+02,
    7.33383850e+02, 4.63273224e+02, 7.60616760e+02, 4.92372589e+02,
    7.87980103e+02, 5.20554749e+02, 8.15418152e+02, 5.48904663e+02,
    8.42587830e+02, 5.77476929e+02, 8.70077332e+02, 6.05825134e+02,
    8.97123230e+02, 6.34471802e+02 ]
