%YAML:1.0
points: [ 1.32944409e+03, 5.49615234e+02, 1.30302258e+03, 5.48630798e+02,
    1.27789819e+03, 5.47389648e+02, 1.25352136e+03, 5.46320740e+02,
    1.22987427e+03, 5.45244324e+02, 1.20745288e+03, 5.44227966e+02,
    1.18487000e+03, 5.43379089e+02, 1.16391907e+03, 5.42346924e+02,
    1.14327661e+03, 5.41154907e+02, 1.32844617e+03, 5.22944275e+02,
    1.30202649e+03, 5.22354858e+02, 1.27679114e+03, 5.21512573e+02,
    1.25232446e+03, 5.20867188e+02, 1.22882007e+03, 5.20162109e+02,
    1.20628137e+03, 5.19409729e+02, 1.18403064e+03, 5.18987854e+02,
    1.16245154e+03, 5.18363525e+02, 1.14192041e+03, 5.17836426e+02,
    1.32782190e+03, 4.95931519e+02, 1.30142041e+03, 4.95723236e+02,
    1.27574646e+03, 4.95535614e+02, 1.25132532e+03, 4.95327515e+02,
    1.22821924e+03, 4.94890991e+02, 1.20523572e+03, 4.94756042e+02,
    1.18334436e+03, 4.94456543e+02, 1.16126489e+03, 4.94305817e+02,
    1.14114661e+03, 4.93905334e+02, 1.32739355e+03, 4.68603607e+02,
    1.30103577e+03, 4.68917542e+02, 1.27514319e+03, 4.69272247e+02,
    1.25061292e+03, 4.69450562e+02, 1.22767554e+03, 4.69548553e+02,
    1.20488916e+03, 4.69655243e+02, 1.18254907e+03, 4.69905060e+02,
    1.16027417e+03, 4.70214264e+02, 1.14014380e+03, 4.70255981e+02,
    1.32722424e+03, 4.41145386e+02, 1.30057654e+03, 4.41940887e+02,
    1.27442798e+03, 4.42802399e+02, 1.25015991e+03, 4.43493622e+02,
    1.22714490e+03, 4.43975342e+02, 1.20394958e+03, 4.44614258e+02,
    1.18171777e+03, 4.45117615e+02, 1.15956616e+03, 4.45647736e+02,
    1.13936133e+03, 4.46097778e+02, 1.32676257e+03, 4.13475708e+02,
    1.29992676e+03, 4.14666077e+02, 1.27384985e+03, 4.16074799e+02,
    1.24939880e+03, 4.17133270e+02, 1.22652454e+03, 4.18105652e+02,
    1.20334021e+03, 4.19079834e+02, 1.18106055e+03, 4.20002319e+02,
    1.15883594e+03, 4.21092834e+02, 1.13846106e+03, 4.21964081e+02,
    1.32652112e+03, 3.85731567e+02, 1.29955737e+03, 3.87340088e+02,
    1.27320520e+03, 3.89085510e+02, 1.24876501e+03, 3.90764160e+02,
    1.22581909e+03, 3.92169067e+02, 1.20249878e+03, 3.93541168e+02,
    1.18026160e+03, 3.95003082e+02, 1.15813953e+03, 3.96452240e+02,
    1.13756250e+03, 3.97619965e+02, 1.32613647e+03, 3.57662781e+02,
    1.29885840e+03, 3.59871887e+02, 1.27278894e+03, 3.62005890e+02,
    1.24827576e+03, 3.64250854e+02, 1.22487170e+03, 3.66072266e+02,
    1.20148328e+03, 3.67851257e+02, 1.17938843e+03, 3.69876282e+02,
    1.15741406e+03, 3.71503174e+02, 1.13652478e+03, 3.73232361e+02,
    1.32562671e+03, 3.29429993e+02, 1.29844434e+03, 3.32268768e+02,
    1.27250366e+03, 3.34701813e+02, 1.24774500e+03, 3.37325653e+02,
    1.22417737e+03, 3.39693787e+02, 1.20058398e+03, 3.42145081e+02,
    1.17849878e+03, 3.44416077e+02, 1.15665540e+03, 3.46449524e+02,
    1.13529321e+03, 3.48673431e+02, 1.32523975e+03, 3.01243286e+02,
    1.29835974e+03, 3.04353394e+02, 1.27234888e+03, 3.07600159e+02,
    1.24744458e+03, 3.10463745e+02, 1.22328247e+03, 3.13383789e+02,
    1.19960791e+03, 3.16252960e+02, 1.17773315e+03, 3.18853088e+02,
    1.15538550e+03, 3.21426086e+02, 1.13456555e+03, 3.24032959e+02,
    1.32501794e+03, 2.72441254e+02, 1.29783508e+03, 2.76323364e+02,
    1.27169507e+03, 2.79945007e+02, 1.24718237e+03, 2.83295776e+02,
    1.22268616e+03, 2.86735046e+02, 1.19886719e+03, 2.89963257e+02,
    1.17694141e+03, 2.93050262e+02, 1.15483838e+03, 2.96250427e+02,
    1.13328918e+03, 2.98894562e+02 ]
