%YAML:1.0
points: [ 3.73125244e+02, 1.91072098e+02, 3.73125244e+02, 1.91072098e+02,
    3.67309448e+02, 1.91755508e+02, 3.55577942e+02, 1.93900497e+02,
    3.55577850e+02, 1.93900452e+02, 3.50129608e+02, 1.94719147e+02,
    3.44306488e+02, 1.95517487e+02, 3.32865082e+02, 1.97417953e+02,
    3.32865082e+02, 1.97417953e+02, 3.73125214e+02, 1.91072067e+02,
    3.66621704e+02, 1.86115524e+02, 3.60965302e+02, 1.93150818e+02,
    3.55577942e+02, 1.93900497e+02, 3.55577850e+02, 1.93900452e+02,
    3.44306519e+02, 1.95517487e+02, 3.37968292e+02, 1.90615387e+02,
    3.37968262e+02, 1.90615387e+02, 3.32230591e+02, 1.91709930e+02,
    3.71470520e+02, 1.80074554e+02, 3.71470490e+02, 1.80074554e+02,
    3.65844116e+02, 1.80648148e+02, 3.60596954e+02, 1.87379196e+02,
    3.48600006e+02, 1.83391785e+02, 3.42665070e+02, 1.84278183e+02,
    3.37968292e+02, 1.90615372e+02, 3.37968262e+02, 1.90615372e+02,
    3.25988647e+02, 1.92455978e+02, 3.71470520e+02, 1.80074539e+02,
    3.71470520e+02, 1.80074539e+02, 3.65844086e+02, 1.80648132e+02,
    3.52932495e+02, 1.77206009e+02, 3.47794189e+02, 1.77714111e+02,
    3.47794159e+02, 1.77714096e+02, 3.41972778e+02, 1.78620392e+02,
    3.36364471e+02, 1.79670303e+02, 3.30600220e+02, 1.80210129e+02,
    3.71161163e+02, 1.74213257e+02, 3.71161133e+02, 1.74213257e+02,
    3.59367493e+02, 1.76000687e+02, 3.52932495e+02, 1.77205994e+02,
    3.47794189e+02, 1.77714111e+02, 3.47794159e+02, 1.77714096e+02,
    3.36364471e+02, 1.79670303e+02, 3.30600250e+02, 1.80210114e+02,
    3.30600220e+02, 1.80210129e+02, 3.69194550e+02, 1.62716019e+02,
    3.63690674e+02, 1.63630569e+02, 3.57450775e+02, 1.64330826e+02,
    3.51612823e+02, 1.65309509e+02, 3.51612793e+02, 1.65309525e+02,
    3.46941681e+02, 1.71976547e+02, 3.34833496e+02, 1.68203613e+02,
    3.29042938e+02, 1.69313980e+02, 3.29661316e+02, 1.74701141e+02,
    3.69194519e+02, 1.62716003e+02, 3.62573944e+02, 1.57733154e+02,
    3.62573883e+02, 1.57733139e+02, 3.57205597e+02, 1.58655823e+02,
    3.51074341e+02, 1.59650665e+02, 3.39588715e+02, 1.61881943e+02,
    3.34094666e+02, 1.62580917e+02, 3.34833527e+02, 1.68203598e+02,
    3.27804138e+02, 1.63506729e+02, 3.68482269e+02, 1.57078232e+02,
    3.62573944e+02, 1.57733154e+02, 3.62573883e+02, 1.57733139e+02,
    3.51074402e+02, 1.59650650e+02, 3.45189575e+02, 1.60618057e+02,
    3.39588715e+02, 1.61881927e+02, 3.39588684e+02, 1.61881927e+02,
    3.34094666e+02, 1.62580902e+02, 3.26894379e+02, 1.57915955e+02,
    3.67739624e+02, 1.51134811e+02, 3.67304840e+02, 1.44912552e+02,
    3.55774139e+02, 1.53550735e+02, 3.50176453e+02, 1.54322968e+02,
    3.44602142e+02, 1.55319992e+02, 3.44602112e+02, 1.55319962e+02,
    3.33698700e+02, 1.56678558e+02, 3.26894409e+02, 1.57915924e+02,
    3.26439606e+02, 1.52451508e+02, 3.66318756e+02, 1.40018509e+02,
    3.66318726e+02, 1.40018494e+02, 3.54401733e+02, 1.41709625e+02,
    3.54401672e+02, 1.41709595e+02, 3.49181274e+02, 1.42288300e+02,
    3.43005402e+02, 1.43459641e+02, 3.32041626e+02, 1.45528152e+02,
    3.25876221e+02, 1.46328873e+02, 3.26439667e+02, 1.52451447e+02,
    3.66318726e+02, 1.40018494e+02, 3.60749176e+02, 1.40636261e+02,
    3.54401733e+02, 1.41709625e+02, 3.54401672e+02, 1.41709595e+02,
    3.43005432e+02, 1.43459625e+02, 3.43005402e+02, 1.43459641e+02,
    3.32041656e+02, 1.45528107e+02, 3.32041626e+02, 1.45528122e+02,
    3.25876190e+02, 1.46328857e+02 ]
