%YAML:1.0
points: [ 1.23864258e+02, 1.01557587e+02, 1.21127617e+02, 1.10152580e+02,
    1.18398613e+02, 1.18641251e+02, 1.15852783e+02, 1.26956642e+02,
    1.13241783e+02, 1.35157288e+02, 1.10798897e+02, 1.43149078e+02,
    1.08232010e+02, 1.51164200e+02, 1.05867645e+02, 1.58805405e+02,
    1.03389442e+02, 1.66276306e+02, 1.14408295e+02, 9.76621399e+01,
    1.11768723e+02, 1.06410812e+02, 1.09226715e+02, 1.14897041e+02,
    1.06640793e+02, 1.23302223e+02, 1.04104286e+02, 1.31655396e+02,
    1.01704979e+02, 1.39717026e+02, 9.92244034e+01, 1.47592804e+02,
    9.68321838e+01, 1.55403122e+02, 9.46123276e+01, 1.63173355e+02,
    1.05186295e+02, 9.36997299e+01, 1.02507339e+02, 1.02528946e+02,
    9.98921204e+01, 1.11165726e+02, 9.73571930e+01, 1.19696716e+02,
    9.50546875e+01, 1.27950584e+02, 9.25975800e+01, 1.36157593e+02,
    9.03524475e+01, 1.44117935e+02, 8.78410721e+01, 1.52135254e+02,
    8.57382736e+01, 1.59754425e+02, 9.57234879e+01, 8.98235092e+01,
    9.32081909e+01, 9.86189194e+01, 9.05107651e+01, 1.07431786e+02,
    8.81880341e+01, 1.15899612e+02, 8.59412689e+01, 1.24227142e+02,
    8.36601944e+01, 1.32413361e+02, 8.12814941e+01, 1.40629227e+02,
    7.88284912e+01, 1.48685593e+02, 7.68631439e+01, 1.56393723e+02,
    8.63315811e+01, 8.58068848e+01, 8.37959976e+01, 9.47593918e+01,
    8.12352676e+01, 1.03614624e+02, 7.88856659e+01, 1.12153328e+02,
    7.67808304e+01, 1.20612732e+02, 7.43726730e+01, 1.28904785e+02,
    7.23025665e+01, 1.37020966e+02, 6.97802200e+01, 1.45171204e+02,
    6.78995361e+01, 1.53001068e+02, 7.68688126e+01, 8.19051819e+01,
    7.43607788e+01, 9.08514328e+01, 7.17856522e+01, 9.98181534e+01,
    6.95797195e+01, 1.08383293e+02, 6.74904633e+01, 1.16828583e+02,
    6.52819824e+01, 1.25204872e+02, 6.31755142e+01, 1.33467529e+02,
    6.08317261e+01, 1.41757843e+02, 5.88547783e+01, 1.49623154e+02,
    6.74882965e+01, 7.78675385e+01, 6.49584961e+01, 8.70541306e+01,
    6.23314514e+01, 9.59857559e+01, 6.02043533e+01, 1.04726265e+02,
    5.82872276e+01, 1.13155373e+02, 5.61073532e+01, 1.21640968e+02,
    5.40937691e+01, 1.29907761e+02, 5.16648521e+01, 1.38208664e+02,
    4.99037094e+01, 1.46156586e+02, 5.81021042e+01, 7.41809311e+01,
    5.54853935e+01, 8.30882111e+01, 5.30707893e+01, 9.22443390e+01,
    5.09671402e+01, 1.00896332e+02, 4.90358620e+01, 1.09563293e+02,
    4.68599472e+01, 1.18060867e+02, 4.47914963e+01, 1.26473808e+02,
    4.28212891e+01, 1.34618896e+02, 4.08526306e+01, 1.42881638e+02,
    4.86060219e+01, 7.02269058e+01, 4.61521149e+01, 7.94376450e+01,
    4.38988113e+01, 8.83298340e+01, 4.17417297e+01, 9.72965927e+01,
    3.97907677e+01, 1.05809052e+02, 3.75175476e+01, 1.14585777e+02,
    3.57355614e+01, 1.22836617e+02, 3.37904701e+01, 1.31194138e+02,
    3.17802563e+01, 1.39391235e+02, 3.93921776e+01, 6.65813599e+01,
    3.70811768e+01, 7.55522079e+01, 3.47580414e+01, 8.47315903e+01,
    3.26218987e+01, 9.35652695e+01, 3.06282120e+01, 1.02346512e+02,
    2.84656277e+01, 1.10950523e+02, 2.67151756e+01, 1.19475769e+02,
    2.48004494e+01, 1.27788933e+02, 2.29740849e+01, 1.36052109e+02,
    3.02010460e+01, 6.27275467e+01, 2.79229012e+01, 7.20983658e+01,
    2.57474518e+01, 8.09886017e+01, 2.36191883e+01, 9.00544662e+01,
    2.16961155e+01, 9.86905441e+01, 1.93946228e+01, 1.07583946e+02,
    1.79752865e+01, 1.15863396e+02, 1.58671541e+01, 1.24415672e+02,
    1.41084795e+01, 1.32526840e+02 ]
