%YAML:1.0
points: [ 1.25061104e+02, 2.72764648e+02, 1.26672630e+02, 2.81536957e+02,
    1.28359009e+02, 2.90266632e+02, 1.30011230e+02, 2.98810120e+02,
    1.31706146e+02, 3.07284210e+02, 1.33287704e+02, 3.15549866e+02,
    1.34911621e+02, 3.24044525e+02, 1.36384811e+02, 3.31820251e+02,
    1.37997467e+02, 3.39833801e+02, 1.14742180e+02, 2.74601410e+02,
    1.16461044e+02, 2.83584290e+02, 1.18307953e+02, 2.92252197e+02,
    1.20086609e+02, 3.00842285e+02, 1.21725647e+02, 3.09349121e+02,
    1.23452583e+02, 3.17634552e+02, 1.25037941e+02, 3.25822968e+02,
    1.26754906e+02, 3.33973236e+02, 1.28441116e+02, 3.41885345e+02,
    1.04370216e+02, 2.76285004e+02, 1.06286057e+02, 2.85273621e+02,
    1.08116730e+02, 2.94196716e+02, 1.09981445e+02, 3.02763519e+02,
    1.11810112e+02, 3.11109253e+02, 1.13494743e+02, 3.19478455e+02,
    1.15417053e+02, 3.27658966e+02, 1.17030457e+02, 3.36020569e+02,
    1.18865608e+02, 3.43791412e+02, 9.40019302e+01, 2.78144592e+02,
    9.60067215e+01, 2.87088440e+02, 9.78087540e+01, 2.95979645e+02,
    9.97611084e+01, 3.04594757e+02, 1.01814758e+02, 3.12883698e+02,
    1.03714775e+02, 3.21149048e+02, 1.05568901e+02, 3.29465118e+02,
    1.07297943e+02, 3.37917694e+02, 1.09220924e+02, 3.45617859e+02,
    8.35898743e+01, 2.79694366e+02, 8.56210022e+01, 2.88778137e+02,
    8.76039963e+01, 2.97833710e+02, 8.96134796e+01, 3.06289429e+02,
    9.17380524e+01, 3.14523132e+02, 9.36864853e+01, 3.23075409e+02,
    9.57260208e+01, 3.31290466e+02, 9.74584885e+01, 3.39688995e+02,
    9.95869904e+01, 3.47361206e+02, 7.31258316e+01, 2.81497742e+02,
    7.51773911e+01, 2.90393677e+02, 7.71782303e+01, 2.99618347e+02,
    7.94034576e+01, 3.08091919e+02, 8.16390076e+01, 3.16407867e+02,
    8.37087555e+01, 3.24745392e+02, 8.58235626e+01, 3.32995789e+02,
    8.77472839e+01, 3.41504852e+02, 8.97526093e+01, 3.49319336e+02,
    6.25835876e+01, 2.83101349e+02, 6.47258377e+01, 2.92213165e+02,
    6.68410797e+01, 3.01332611e+02, 6.91929016e+01, 3.09994629e+02,
    7.15150146e+01, 3.18088196e+02, 7.36179047e+01, 3.26553345e+02,
    7.59249115e+01, 3.34773926e+02, 7.77902527e+01, 3.43255920e+02,
    8.01859512e+01, 3.50950531e+02, 5.21307755e+01, 2.84874908e+02,
    5.42688484e+01, 2.93918823e+02, 5.65274010e+01, 3.03032135e+02,
    5.88588028e+01, 3.11630890e+02, 6.13885117e+01, 3.19910004e+02,
    6.36330528e+01, 3.28316711e+02, 6.59109268e+01, 3.36684631e+02,
    6.81777115e+01, 3.44764069e+02, 7.03086166e+01, 3.52835419e+02,
    4.15474014e+01, 2.86349060e+02, 4.38580780e+01, 2.95642792e+02,
    4.62515411e+01, 3.04511078e+02, 4.87657471e+01, 3.13312012e+02,
    5.12573357e+01, 3.21536530e+02, 5.34727745e+01, 3.30269287e+02,
    5.60403709e+01, 3.38277374e+02, 5.83064651e+01, 3.46433014e+02,
    6.06624908e+01, 3.54470306e+02, 3.11594715e+01, 2.88178436e+02,
    3.36671448e+01, 2.97106476e+02, 3.61836967e+01, 3.06157349e+02,
    3.86407585e+01, 3.14685272e+02, 4.12863579e+01, 3.23360596e+02,
    4.36756134e+01, 3.31765839e+02, 4.62198029e+01, 3.39948425e+02,
    4.86564751e+01, 3.48098572e+02, 5.11023598e+01, 3.56152374e+02,
    2.08107071e+01, 2.89473877e+02, 2.34269962e+01, 2.98726959e+02,
    2.60938320e+01, 3.07511139e+02, 2.86107693e+01, 3.16313477e+02,
    3.13040371e+01, 3.24779022e+02, 3.36836166e+01, 3.33504852e+02,
    3.65284691e+01, 3.41312408e+02, 3.89841461e+01, 3.49713196e+02,
    4.15224037e+01, 3.57557312e+02 ]
