%YAML:1.0
points: [ 1.18395721e+02, 2.76443024e+02, 1.18650291e+02, 2.85639282e+02,
    1.18708748e+02, 2.94792419e+02, 1.18783165e+02, 3.04036102e+02,
    1.18844307e+02, 3.13584534e+02, 1.19193253e+02, 3.22852417e+02,
    1.19608994e+02, 3.32342102e+02, 1.19723267e+02, 3.41682373e+02,
    1.19761810e+02, 3.51251190e+02, 1.08798286e+02, 2.77144775e+02,
    1.08813889e+02, 2.86472870e+02, 1.08764214e+02, 2.95779205e+02,
    1.08888084e+02, 3.05184021e+02, 1.09153671e+02, 3.14685730e+02,
    1.09488457e+02, 3.24020508e+02, 1.09580650e+02, 3.33447845e+02,
    1.09725510e+02, 3.43105713e+02, 1.10072762e+02, 3.52733185e+02,
    9.87182159e+01, 2.78015656e+02, 9.88112488e+01, 2.87273834e+02,
    9.88013611e+01, 2.96751312e+02, 9.89910278e+01, 3.06274445e+02,
    9.91571960e+01, 3.15660095e+02, 9.94740219e+01, 3.25276886e+02,
    9.96976700e+01, 3.34782532e+02, 9.96955719e+01, 3.44483643e+02,
    1.00097916e+02, 3.54055328e+02, 8.87086258e+01, 2.78674805e+02,
    8.87654877e+01, 2.87872253e+02, 8.87155380e+01, 2.97690277e+02,
    8.89325256e+01, 3.07195557e+02, 8.90443649e+01, 3.16711548e+02,
    8.93939667e+01, 3.26307007e+02, 8.95616531e+01, 3.36087128e+02,
    8.98424301e+01, 3.45851807e+02, 8.99962997e+01, 3.55464966e+02,
    7.85007248e+01, 2.79394043e+02, 7.84870682e+01, 2.88780334e+02,
    7.86965866e+01, 2.98653778e+02, 7.87141800e+01, 3.08163727e+02,
    7.88012695e+01, 3.17809845e+02, 7.89284363e+01, 3.27614014e+02,
    7.92267075e+01, 3.37238892e+02, 7.95405884e+01, 3.47169739e+02,
    7.98954315e+01, 3.56631134e+02, 6.78808517e+01, 2.80194580e+02,
    6.77814178e+01, 2.89705078e+02, 6.79175797e+01, 2.99592499e+02,
    6.82935104e+01, 3.09120697e+02, 6.85556641e+01, 3.18854889e+02,
    6.87105560e+01, 3.28610565e+02, 6.88791504e+01, 3.38384369e+02,
    6.92948990e+01, 3.48274872e+02, 6.95182495e+01, 3.58023224e+02,
    5.75129471e+01, 2.80776459e+02, 5.76488609e+01, 2.90537811e+02,
    5.77245979e+01, 3.00339325e+02, 5.77038765e+01, 3.10180573e+02,
    5.78818626e+01, 3.19770630e+02, 5.81631737e+01, 3.29733307e+02,
    5.85713005e+01, 3.39454926e+02, 5.86660919e+01, 3.49472198e+02,
    5.92635689e+01, 3.59101410e+02, 4.68228340e+01, 2.81555176e+02,
    4.67790642e+01, 2.91336121e+02, 4.67825012e+01, 3.01214966e+02,
    4.70954628e+01, 3.11030487e+02, 4.75293922e+01, 3.20780365e+02,
    4.77809792e+01, 3.30663361e+02, 4.79014244e+01, 3.40670715e+02,
    4.84146919e+01, 3.50416626e+02, 4.87009926e+01, 3.60337952e+02,
    3.61135979e+01, 2.82028412e+02, 3.62283592e+01, 2.92092468e+02,
    3.64022827e+01, 3.01853607e+02, 3.66252747e+01, 3.11960693e+02,
    3.67704887e+01, 3.21675232e+02, 3.69261932e+01, 3.31796356e+02,
    3.75516090e+01, 3.41536652e+02, 3.78167305e+01, 3.51481354e+02,
    3.84087524e+01, 3.61323181e+02, 2.55117950e+01, 2.82866455e+02,
    2.57154255e+01, 2.92673523e+02, 2.58162460e+01, 3.02825500e+02,
    2.58406410e+01, 3.12608948e+02, 2.62480125e+01, 3.22684418e+02,
    2.66775303e+01, 3.32586975e+02, 2.68998928e+01, 3.42612030e+02,
    2.75302696e+01, 3.52414490e+02, 2.78460255e+01, 3.62335205e+02,
    1.46757507e+01, 2.83331512e+02, 1.47768822e+01, 2.93298401e+02,
    1.49951525e+01, 3.03339111e+02, 1.52934713e+01, 3.13384705e+02,
    1.57569370e+01, 3.23302795e+02, 1.57764721e+01, 3.33471710e+02,
    1.66495094e+01, 3.43295837e+02, 1.69230022e+01, 3.53340057e+02,
    1.77740154e+01, 3.63057556e+02 ]
