%YAML:1.0
points: [ 5.17540833e+02, 7.23543884e+02, 5.22975891e+02, 7.49269958e+02,
    5.28480164e+02, 7.74256775e+02, 5.33793701e+02, 7.98870972e+02,
    5.39058472e+02, 8.23324829e+02, 5.44242737e+02, 8.47117493e+02,
    5.49334045e+02, 8.71319824e+02, 5.54371765e+02, 8.94442261e+02,
    5.59417175e+02, 9.17353271e+02, 4.87217438e+02, 7.29412476e+02,
    4.92914795e+02, 7.54985535e+02, 4.98679871e+02, 7.80192139e+02,
    5.04348724e+02, 8.04967651e+02, 5.09868286e+02, 8.29404358e+02,
    5.15447388e+02, 8.53355957e+02, 5.20410156e+02, 8.77324829e+02,
    5.25743774e+02, 9.01088623e+02, 5.31039062e+02, 9.23939758e+02,
    4.56819702e+02, 7.34621582e+02, 4.62846802e+02, 7.60495178e+02,
    4.68704193e+02, 7.86054321e+02, 4.74610687e+02, 8.11016357e+02,
    4.80552673e+02, 8.34781982e+02, 4.86077209e+02, 8.59534790e+02,
    4.91798920e+02, 8.82936340e+02, 4.96834747e+02, 9.07390137e+02,
    5.02602753e+02, 9.29698792e+02, 4.26169037e+02, 7.40157837e+02,
    4.32615326e+02, 7.65767700e+02, 4.38432037e+02, 7.91672974e+02,
    4.44614868e+02, 8.16627930e+02, 4.50797272e+02, 8.40499268e+02,
    4.56793304e+02, 8.64673645e+02, 4.62707794e+02, 8.88648743e+02,
    4.67872345e+02, 9.13353882e+02, 4.73943909e+02, 9.35756287e+02,
    3.95404175e+02, 7.45104370e+02, 4.01683319e+02, 7.71293457e+02,
    4.07743927e+02, 7.97366333e+02, 4.14367004e+02, 8.22282898e+02,
    4.20985626e+02, 8.46072693e+02, 4.27091370e+02, 8.70719055e+02,
    4.33321167e+02, 8.94544434e+02, 4.38586731e+02, 9.19281677e+02,
    4.45017822e+02, 9.41803650e+02, 3.63818146e+02, 7.50535828e+02,
    3.70469635e+02, 7.76755493e+02, 3.76468689e+02, 8.03212830e+02,
    3.83529663e+02, 8.28121765e+02, 3.90649048e+02, 8.51750122e+02,
    3.97003998e+02, 8.76420959e+02, 4.03318512e+02, 9.00546509e+02,
    4.09039032e+02, 9.25199097e+02, 4.15637451e+02, 9.48182190e+02,
    3.32193481e+02, 7.55887268e+02, 3.38851074e+02, 7.82364319e+02,
    3.45360352e+02, 8.08776306e+02, 3.52486053e+02, 8.33894531e+02,
    3.59950195e+02, 8.57693848e+02, 3.66544525e+02, 8.82362305e+02,
    3.73318237e+02, 9.06633850e+02, 3.79355438e+02, 9.31301941e+02,
    3.86036957e+02, 9.54346680e+02, 3.00200256e+02, 7.61431824e+02,
    3.06970062e+02, 7.88134216e+02, 3.13852692e+02, 8.14429749e+02,
    3.21338348e+02, 8.39445923e+02, 3.28919006e+02, 8.63852661e+02,
    3.35726105e+02, 8.88593140e+02, 3.42887085e+02, 9.12721680e+02,
    3.49398834e+02, 9.37196655e+02, 3.55932434e+02, 9.60644287e+02,
    2.67735229e+02, 7.66871338e+02, 2.74976776e+02, 7.93598694e+02,
    2.82412720e+02, 8.19746704e+02, 2.89894440e+02, 8.45232239e+02,
    2.97779907e+02, 8.69764221e+02, 3.04586853e+02, 8.95212402e+02,
    3.12154907e+02, 9.18866272e+02, 3.19269379e+02, 9.43102844e+02,
    3.25881897e+02, 9.66929077e+02, 2.35179749e+02, 7.72631531e+02,
    2.43174835e+02, 7.98837952e+02, 2.50889847e+02, 8.25267517e+02,
    2.58484680e+02, 8.50674255e+02, 2.66308441e+02, 8.75936829e+02,
    2.73566467e+02, 9.01344238e+02, 2.81502625e+02, 9.24734070e+02,
    2.88417297e+02, 9.49563660e+02, 2.95784424e+02, 9.73062805e+02,
    2.02532791e+02, 7.77950500e+02, 2.10544968e+02, 8.04763367e+02,
    2.18747757e+02, 8.30766235e+02, 2.26727234e+02, 8.56278076e+02,
    2.34664810e+02, 8.81693481e+02, 2.41990448e+02, 9.07447083e+02,
    2.50441132e+02, 9.30915894e+02, 2.57634521e+02, 9.55478027e+02,
    2.64945892e+02, 9.79857666e+02 ]
