%YAML:1.0
points: [ 1.27840930e+03, 8.94806396e+02, 1.20286035e+03, 8.82047791e+02,
    1.13229578e+03, 8.70464722e+02, 1.06436572e+03, 8.62250122e+02,
    1.00214227e+03, 8.51315491e+02, 9.42915344e+02, 8.42153137e+02,
    8.86442444e+02, 8.34073975e+02, 8.33053101e+02, 8.26213745e+02,
    7.82775146e+02, 8.18376831e+02, 1.27518042e+03, 8.24633667e+02,
    1.19809998e+03, 8.15399963e+02, 1.12705005e+03, 8.05187012e+02,
    1.05814294e+03, 7.98518311e+02, 9.95399719e+02, 7.89861023e+02,
    9.34955200e+02, 7.82550537e+02, 8.78408936e+02, 7.75725403e+02,
    8.24751526e+02, 7.68905640e+02, 7.73849121e+02, 7.62778259e+02,
    1.27137622e+03, 7.53770630e+02, 1.19410046e+03, 7.45677551e+02,
    1.12143921e+03, 7.38797607e+02, 1.05223669e+03, 7.33331909e+02,
    9.88841248e+02, 7.26367615e+02, 9.27179443e+02, 7.21917358e+02,
    8.69447876e+02, 7.16918091e+02, 8.15547363e+02, 7.11432922e+02,
    7.65154907e+02, 7.05813171e+02, 1.26825000e+03, 6.80137573e+02,
    1.18923682e+03, 6.75015686e+02, 1.11628296e+03, 6.69676575e+02,
    1.04636621e+03, 6.65781677e+02, 9.81737000e+02, 6.61299744e+02,
    9.18953552e+02, 6.58836060e+02, 8.60172546e+02, 6.55508423e+02,
    8.06426331e+02, 6.51355225e+02, 7.56154419e+02, 6.47289490e+02,
    1.26477637e+03, 6.03752808e+02, 1.18450940e+03, 6.01946045e+02,
    1.11072864e+03, 5.98441650e+02, 1.04074670e+03, 5.96412537e+02,
    9.75051208e+02, 5.94133728e+02, 9.10838562e+02, 5.93700684e+02,
    8.51043213e+02, 5.92401794e+02, 7.97725830e+02, 5.89572021e+02,
    7.46542114e+02, 5.87342346e+02, 1.26112573e+03, 5.25300537e+02,
    1.17938232e+03, 5.26070557e+02, 1.10512769e+03, 5.25057800e+02,
    1.03386316e+03, 5.25271851e+02, 9.67456238e+02, 5.25125793e+02,
    9.02557190e+02, 5.26418457e+02, 8.42365173e+02, 5.26994873e+02,
    7.87985413e+02, 5.26291443e+02, 7.36332153e+02, 5.25859497e+02,
    1.25771082e+03, 4.44090271e+02, 1.17439124e+03, 4.47665375e+02,
    1.09897839e+03, 4.49493744e+02, 1.02669348e+03, 4.52095703e+02,
    9.59360840e+02, 4.54321777e+02, 8.94386780e+02, 4.56851562e+02,
    8.33426392e+02, 4.59547913e+02, 7.78632629e+02, 4.60779449e+02,
    7.26368408e+02, 4.62341919e+02, 1.25404407e+03, 3.59842743e+02,
    1.16923364e+03, 3.66246185e+02, 1.09263989e+03, 3.71068390e+02,
    1.01957098e+03, 3.76337860e+02, 9.51054321e+02, 3.80973419e+02,
    8.85366211e+02, 3.85868073e+02, 8.24381592e+02, 3.90132416e+02,
    7.68608765e+02, 3.93741608e+02, 7.14662842e+02, 3.97511871e+02,
    1.25040869e+03, 2.72165253e+02, 1.16431494e+03, 2.81793427e+02,
    1.08606604e+03, 2.90254028e+02, 1.01130573e+03, 2.98163361e+02,
    9.42637756e+02, 3.05470703e+02, 8.76283630e+02, 3.12517975e+02,
    8.14817444e+02, 3.18885010e+02, 7.57730774e+02, 3.24792328e+02,
    7.03837036e+02, 3.30370422e+02, 1.24686719e+03, 1.80962738e+02,
    1.15946777e+03, 1.93770645e+02, 1.07926282e+03, 2.05926086e+02,
    1.00430896e+03, 2.16921768e+02, 9.33524658e+02, 2.26885818e+02,
    8.67312683e+02, 2.36432465e+02, 8.05918823e+02, 2.45142807e+02,
    7.47336548e+02, 2.53417847e+02, 6.93121765e+02, 2.61141998e+02,
    1.24380383e+03, 8.59376907e+01, 1.15514624e+03, 1.02555283e+02,
    1.07264087e+03, 1.17917709e+02, 9.97568909e+02, 1.32491348e+02,
    9.25617432e+02, 1.45413818e+02, 8.58811646e+02, 1.57430557e+02,
    7.96769958e+02, 1.68996185e+02, 7.37636719e+02, 1.79590302e+02,
    6.83555176e+02, 1.89660461e+02 ]
