%YAML:1.0
points: [ 4.34723511e+02, 3.81543465e+01, 4.33226013e+02, 4.63441887e+01,
    4.31415741e+02, 5.48447342e+01, 4.29821075e+02, 6.29471397e+01,
    4.27938202e+02, 7.12326889e+01, 4.26193817e+02, 7.93483963e+01,
    4.24280792e+02, 8.75194626e+01, 4.22722900e+02, 9.53757172e+01,
    4.20824921e+02, 1.03372826e+02, 4.26649963e+02, 3.71802101e+01,
    4.24709656e+02, 4.55984154e+01, 4.23279388e+02, 5.38594589e+01,
    4.21414734e+02, 6.22750893e+01, 4.19822662e+02, 7.04931259e+01,
    4.18123291e+02, 7.84800339e+01, 4.16379120e+02, 8.65417404e+01,
    4.14601562e+02, 9.44523621e+01, 4.12963684e+02, 1.02252609e+02,
    4.18156860e+02, 3.65668678e+01, 4.16795349e+02, 4.48903198e+01,
    4.15011780e+02, 5.31248360e+01, 4.13482452e+02, 6.13928452e+01,
    4.11796509e+02, 6.95516281e+01, 4.10160767e+02, 7.75797577e+01,
    4.08427612e+02, 8.55934219e+01, 4.06711609e+02, 9.34596939e+01,
    4.05051086e+02, 1.01215446e+02, 4.10373505e+02, 3.59375801e+01,
    4.08515472e+02, 4.42016029e+01, 4.07129150e+02, 5.24300156e+01,
    4.05401703e+02, 6.06633568e+01, 4.04010162e+02, 6.86959915e+01,
    4.02295166e+02, 7.66882019e+01, 4.00766266e+02, 8.47803497e+01,
    3.98959259e+02, 9.24508286e+01, 3.97478668e+02, 1.00109848e+02,
    4.02148560e+02, 3.52938690e+01, 4.00906067e+02, 4.34792709e+01,
    3.99080475e+02, 5.17642021e+01, 3.97718903e+02, 5.98672523e+01,
    3.96152588e+02, 6.79436722e+01, 3.94608765e+02, 7.59350204e+01,
    3.93094421e+02, 8.37401199e+01, 3.91308990e+02, 9.15118561e+01,
    3.89891937e+02, 9.91926346e+01, 3.94549347e+02, 3.47264595e+01,
    3.92846161e+02, 4.29595795e+01, 3.91350677e+02, 5.10655251e+01,
    3.89842255e+02, 5.92396202e+01, 3.88528381e+02, 6.71393280e+01,
    3.86945435e+02, 7.50910492e+01, 3.85560608e+02, 8.28530426e+01,
    3.83849579e+02, 9.06649628e+01, 3.82493652e+02, 9.82696991e+01,
    3.86566772e+02, 3.42687225e+01, 3.85319641e+02, 4.24113426e+01,
    3.83538361e+02, 5.04903450e+01, 3.82362976e+02, 5.84664078e+01,
    3.80991699e+02, 6.64619598e+01, 3.79598999e+02, 7.43536148e+01,
    3.78159882e+02, 8.20934219e+01, 3.76462067e+02, 8.97384720e+01,
    3.75188660e+02, 9.73372726e+01, 3.79235229e+02, 3.36606255e+01,
    3.77530548e+02, 4.17830963e+01, 3.76266846e+02, 4.98246346e+01,
    3.74696320e+02, 5.78352203e+01, 3.73564697e+02, 6.57860031e+01,
    3.72088196e+02, 7.36508560e+01, 3.70751251e+02, 8.12634277e+01,
    3.69257416e+02, 8.89877319e+01, 3.68068481e+02, 9.63401413e+01,
    3.71449463e+02, 3.32295723e+01, 3.70265900e+02, 4.13096924e+01,
    3.68717377e+02, 4.93305244e+01, 3.67557831e+02, 5.72421379e+01,
    3.66232391e+02, 6.51097794e+01, 3.64886902e+02, 7.27951584e+01,
    3.63499725e+02, 8.05036926e+01, 3.62374664e+02, 8.80985107e+01,
    3.60856293e+02, 9.53796310e+01, 3.64382782e+02, 3.28037338e+01,
    3.62867310e+02, 4.08424873e+01, 3.61775696e+02, 4.87528648e+01,
    3.60285797e+02, 5.66092339e+01, 3.59157196e+02, 6.44193497e+01,
    3.57722321e+02, 7.21546783e+01, 3.56531097e+02, 7.97484665e+01,
    3.55257843e+02, 8.71192932e+01, 3.58323792e+02, 9.49677582e+01,
    3.56900421e+02, 3.24000740e+01, 3.55826965e+02, 4.03863258e+01,
    3.54415863e+02, 4.82762566e+01, 3.53374542e+02, 5.60993729e+01,
    3.52162506e+02, 6.38320312e+01, 3.50993988e+02, 7.14325562e+01,
    3.49754913e+02, 7.90408325e+01, 3.52913971e+02, 8.69639435e+01,
    3.47149261e+02, 9.36794662e+01 ]
