%YAML:1.0
points: [ 1.42147107e+03, 1.33459839e+02, 1.41368396e+03, 1.58679092e+02,
    1.40637000e+03, 1.83489059e+02, 1.39900037e+03, 2.07908768e+02,
    1.39174622e+03, 2.31835251e+02, 1.38492126e+03, 2.55253799e+02,
    1.37781689e+03, 2.78167725e+02, 1.37122595e+03, 3.00516296e+02,
    1.36449365e+03, 3.22536041e+02, 1.39649072e+03, 1.29487213e+02,
    1.38918884e+03, 1.54733551e+02, 1.38194177e+03, 1.79392365e+02,
    1.37492029e+03, 2.03507599e+02, 1.36811243e+03, 2.27444153e+02,
    1.36141919e+03, 2.50470444e+02, 1.35466699e+03, 2.73224823e+02,
    1.34823291e+03, 2.95604675e+02, 1.34195044e+03, 3.17460388e+02,
    1.37221118e+03, 1.25664131e+02, 1.36513464e+03, 1.50684448e+02,
    1.35817346e+03, 1.75456863e+02, 1.35154700e+03, 1.99284866e+02,
    1.34493982e+03, 2.22832565e+02, 1.33853528e+03, 2.45736160e+02,
    1.33246936e+03, 2.68518982e+02, 1.32576123e+03, 2.90707916e+02,
    1.32004688e+03, 3.12356506e+02, 1.34830164e+03, 1.22204971e+02,
    1.34174646e+03, 1.46888916e+02, 1.33472827e+03, 1.71266663e+02,
    1.32845239e+03, 1.95218414e+02, 1.32253979e+03, 2.18403015e+02,
    1.31647375e+03, 2.41253174e+02, 1.31035144e+03, 2.63692261e+02,
    1.30385608e+03, 2.85871338e+02, 1.29840405e+03, 3.07370758e+02,
    1.32507581e+03, 1.18599380e+02, 1.31847205e+03, 1.43169327e+02,
    1.31204395e+03, 1.67253433e+02, 1.30610083e+03, 1.91024170e+02,
    1.30045190e+03, 2.14112518e+02, 1.29438477e+03, 2.36750488e+02,
    1.28863049e+03, 2.59182739e+02, 1.28248059e+03, 2.81089996e+02,
    1.27724487e+03, 3.02316040e+02, 1.30206519e+03, 1.14833817e+02,
    1.29575183e+03, 1.39498642e+02, 1.28947632e+03, 1.63431412e+02,
    1.28383704e+03, 1.86891693e+02, 1.27857043e+03, 2.09658508e+02,
    1.27280981e+03, 2.32372101e+02, 1.26737000e+03, 2.54508972e+02,
    1.26143201e+03, 2.76292664e+02, 1.25639038e+03, 2.97342377e+02,
    1.27964954e+03, 1.11579330e+02, 1.27364062e+03, 1.35616135e+02,
    1.26745959e+03, 1.59612915e+02, 1.26207056e+03, 1.82689346e+02,
    1.25710645e+03, 2.05555923e+02, 1.25158960e+03, 2.27992279e+02,
    1.24633789e+03, 2.49917984e+02, 1.24073303e+03, 2.71485504e+02,
    1.23598108e+03, 2.92526337e+02, 1.25756250e+03, 1.08093208e+02,
    1.25160852e+03, 1.32149445e+02, 1.24587219e+03, 1.55640869e+02,
    1.24069678e+03, 1.78845474e+02, 1.23585144e+03, 2.01507172e+02,
    1.23067053e+03, 2.23702286e+02, 1.22573132e+03, 2.45446381e+02,
    1.22059839e+03, 2.66864136e+02, 1.21576807e+03, 2.87708923e+02,
    1.23579163e+03, 1.04575294e+02, 1.23025403e+03, 1.28477768e+02,
    1.22486646e+03, 1.51835571e+02, 1.21973096e+03, 1.74949478e+02,
    1.21524231e+03, 1.97404007e+02, 1.21007751e+03, 2.19452148e+02,
    1.20551013e+03, 2.41190781e+02, 1.20072986e+03, 2.62365601e+02,
    1.19591785e+03, 2.83299286e+02, 1.21444604e+03, 1.01306648e+02,
    1.20949219e+03, 1.24852005e+02, 1.20441370e+03, 1.48366058e+02,
    1.19953442e+03, 1.71110382e+02, 1.19484412e+03, 1.93284805e+02,
    1.18991455e+03, 2.15415375e+02, 1.18578027e+03, 2.36890518e+02,
    1.18083105e+03, 2.58058136e+02, 1.17661243e+03, 2.78574402e+02,
    1.19367810e+03, 9.79317245e+01, 1.18872852e+03, 1.21513573e+02,
    1.18418738e+03, 1.44705139e+02, 1.17951685e+03, 1.67099838e+02,
    1.17484668e+03, 1.89584885e+02, 1.17001965e+03, 2.11403702e+02,
    1.16609644e+03, 2.32696762e+02, 1.16168127e+03, 2.53623611e+02,
    1.15743103e+03, 2.74337646e+02 ]
