%YAML:1.0
points: [ 1.40618469e+03, 6.74443359e+02, 1.36365942e+03, 6.90368896e+02,
    1.31948511e+03, 7.06843201e+02, 1.27671716e+03, 7.25485229e+02,
    1.22830566e+03, 7.43304321e+02, 1.17893530e+03, 7.62690491e+02,
    1.12807520e+03, 7.83277283e+02, 1.07417908e+03, 8.04654846e+02,
    1.01726764e+03, 8.26949951e+02, 1.40043762e+03, 6.20761353e+02,
    1.35884656e+03, 6.36274170e+02, 1.31356726e+03, 6.51741760e+02,
    1.27008862e+03, 6.69181702e+02, 1.22128613e+03, 6.86178650e+02,
    1.17159314e+03, 7.04650391e+02, 1.11951697e+03, 7.23659302e+02,
    1.06434985e+03, 7.43579590e+02, 1.00689752e+03, 7.64995972e+02,
    1.39583008e+03, 5.66750000e+02, 1.35258728e+03, 5.80796265e+02,
    1.30791235e+03, 5.95712646e+02, 1.26310461e+03, 6.11745483e+02,
    1.21314233e+03, 6.27731995e+02, 1.16435571e+03, 6.45469971e+02,
    1.11161829e+03, 6.63584412e+02, 1.05539001e+03, 6.82237122e+02,
    9.96066833e+02, 7.01517517e+02, 1.39066772e+03, 5.11013031e+02,
    1.34783240e+03, 5.24371521e+02, 1.30174683e+03, 5.38178528e+02,
    1.25539893e+03, 5.52669006e+02, 1.20582922e+03, 5.67793396e+02,
    1.15648071e+03, 5.84225159e+02, 1.10327783e+03, 6.01266296e+02,
    1.04556458e+03, 6.18473450e+02, 9.84885498e+02, 6.36362000e+02,
    1.38519812e+03, 4.54235992e+02, 1.34278784e+03, 4.66539856e+02,
    1.29526819e+03, 4.79192322e+02, 1.24759839e+03, 4.92454773e+02,
    1.19747815e+03, 5.06429565e+02, 1.14840308e+03, 5.21631104e+02,
    1.09456189e+03, 5.37266663e+02, 1.03507312e+03, 5.52977417e+02,
    9.73612427e+02, 5.69631592e+02, 1.38044250e+03, 3.96247955e+02,
    1.33768542e+03, 4.07346069e+02, 1.28870129e+03, 4.18871460e+02,
    1.24060437e+03, 4.31048431e+02, 1.18992310e+03, 4.43824768e+02,
    1.13936072e+03, 4.57243469e+02, 1.08488330e+03, 4.71249054e+02,
    1.02436792e+03, 4.85867462e+02, 9.62085632e+02, 5.01200500e+02,
    1.37532581e+03, 3.36558136e+02, 1.33250562e+03, 3.46390686e+02,
    1.28280029e+03, 3.57014282e+02, 1.23415283e+03, 3.67893524e+02,
    1.18223657e+03, 3.79397430e+02, 1.13011621e+03, 3.91263275e+02,
    1.07466785e+03, 4.03674255e+02, 1.01336188e+03, 4.16683075e+02,
    9.49897644e+02, 4.30425842e+02, 1.37066626e+03, 2.75701172e+02,
    1.32731262e+03, 2.84087372e+02, 1.27658081e+03, 2.93542053e+02,
    1.22694800e+03, 3.03179413e+02, 1.17469934e+03, 3.13153961e+02,
    1.12163904e+03, 3.23453644e+02, 1.06418677e+03, 3.34334015e+02,
    1.00230328e+03, 3.45895508e+02, 9.38342346e+02, 3.57943176e+02,
    1.36561511e+03, 2.13212418e+02, 1.32143640e+03, 2.20102905e+02,
    1.27068213e+03, 2.28631470e+02, 1.22078308e+03, 2.36574570e+02,
    1.16690515e+03, 2.45285965e+02, 1.11229211e+03, 2.53899826e+02,
    1.05365942e+03, 2.63209290e+02, 9.91081177e+02, 2.72947540e+02,
    9.25396606e+02, 2.83516693e+02, 1.36090808e+03, 1.49137283e+02,
    1.31466638e+03, 1.54870636e+02, 1.26464746e+03, 1.61541565e+02,
    1.21248950e+03, 1.68359955e+02, 1.15886157e+03, 1.75285324e+02,
    1.10228125e+03, 1.82350052e+02, 1.04184790e+03, 1.90263153e+02,
    9.79012878e+02, 1.97870468e+02, 9.11802002e+02, 2.06587738e+02,
    1.35381128e+03, 8.37615967e+01, 1.30661804e+03, 8.83039169e+01,
    1.25775366e+03, 9.27123566e+01, 1.20328979e+03, 9.85573883e+01,
    1.14918811e+03, 1.03375931e+02, 1.09118591e+03, 1.08833260e+02,
    1.02960632e+03, 1.14903984e+02, 9.65497559e+02, 1.20641853e+02,
    8.96679810e+02, 1.27607872e+02 ]
