%YAML:1.0
points: [ 4.34665131e+02, 7.09533691e+01, 4.32289948e+02, 7.93020020e+01,
    4.29640320e+02, 8.76986923e+01, 4.27247742e+02, 9.58260117e+01,
    4.24616913e+02, 1.04051140e+02, 4.22174652e+02, 1.11907990e+02,
    4.19637878e+02, 1.19857666e+02, 4.17221344e+02, 1.27561043e+02,
    4.14716064e+02, 1.35104630e+02, 4.26357788e+02, 6.93353729e+01,
    4.23773773e+02, 7.76939697e+01, 4.21442780e+02, 8.60247726e+01,
    4.18928741e+02, 9.41930618e+01, 4.16423004e+02, 1.02285172e+02,
    4.14093323e+02, 1.10240242e+02, 4.11578613e+02, 1.17961937e+02,
    4.09146790e+02, 1.25587799e+02, 4.06859558e+02, 1.33226822e+02,
    4.17925690e+02, 6.77607346e+01, 4.15649933e+02, 7.61078644e+01,
    4.13123962e+02, 8.43778763e+01, 4.10713470e+02, 9.25432281e+01,
    4.08356049e+02, 1.00535805e+02, 4.06020844e+02, 1.08342987e+02,
    4.03683044e+02, 1.16270332e+02, 4.01267944e+02, 1.23858200e+02,
    3.99079498e+02, 1.31329391e+02, 4.09807739e+02, 6.62073975e+01,
    4.07376007e+02, 7.45851059e+01, 4.05018127e+02, 8.27566605e+01,
    4.02726654e+02, 9.09136124e+01, 4.00526917e+02, 9.88686981e+01,
    3.98229614e+02, 1.06767128e+02, 3.95943115e+02, 1.14381966e+02,
    3.93573029e+02, 1.22144958e+02, 3.91546692e+02, 1.29447678e+02,
    4.01740417e+02, 6.47386475e+01, 3.99425812e+02, 7.30867767e+01,
    3.97033569e+02, 8.12507858e+01, 3.94858429e+02, 8.92790527e+01,
    3.92712311e+02, 9.72381210e+01, 3.90363678e+02, 1.05070786e+02,
    3.88281219e+02, 1.12741333e+02, 3.85958893e+02, 1.20278046e+02,
    3.83948303e+02, 1.27607231e+02, 3.93767181e+02, 6.33195305e+01,
    3.91312317e+02, 7.15212173e+01, 3.89165131e+02, 7.96651611e+01,
    3.87009644e+02, 8.77399521e+01, 3.85021881e+02, 9.56059341e+01,
    3.82877594e+02, 1.03334061e+02, 3.80745514e+02, 1.10916908e+02,
    3.78600830e+02, 1.18534554e+02, 3.76584442e+02, 1.25993149e+02,
    3.85769592e+02, 6.19288597e+01, 3.83703064e+02, 7.01796494e+01,
    3.81391907e+02, 7.82326355e+01, 3.79335999e+02, 8.62260971e+01,
    3.77409119e+02, 9.41231079e+01, 3.75310608e+02, 1.01696548e+02,
    3.73343384e+02, 1.09358040e+02, 3.71125732e+02, 1.16835144e+02,
    3.69222534e+02, 1.24177841e+02, 3.78168274e+02, 6.05842819e+01,
    3.75874603e+02, 6.86931763e+01, 3.73823975e+02, 7.67391205e+01,
    3.71777496e+02, 8.47012863e+01, 3.69990875e+02, 9.25488281e+01,
    3.67979706e+02, 1.00235420e+02, 3.65929504e+02, 1.07821892e+02,
    3.64130798e+02, 1.15191132e+02, 3.62129669e+02, 1.22550362e+02,
    3.70341156e+02, 5.92735634e+01, 3.68310608e+02, 6.72647400e+01,
    3.66308929e+02, 7.53122482e+01, 3.64375458e+02, 8.32572174e+01,
    3.62595642e+02, 9.10167465e+01, 3.60472260e+02, 9.86512833e+01,
    3.58677338e+02, 1.06221169e+02, 3.56990112e+02, 1.13508598e+02,
    3.55073914e+02, 1.20780098e+02, 3.63017700e+02, 5.80323753e+01,
    3.61026581e+02, 6.60597382e+01, 3.59145111e+02, 7.41130524e+01,
    3.57229767e+02, 8.18427353e+01, 3.55438049e+02, 8.95894394e+01,
    3.53411469e+02, 9.71796417e+01, 3.51908478e+02, 1.04654442e+02,
    3.50094879e+02, 1.11806694e+02, 3.48371155e+02, 1.19221634e+02,
    3.55448425e+02, 5.66705589e+01, 3.53738708e+02, 6.46418839e+01,
    3.51907562e+02, 7.26822128e+01, 3.50101654e+02, 8.03596802e+01,
    3.48285187e+02, 8.81491394e+01, 3.46423889e+02, 9.57414856e+01,
    3.44993469e+02, 1.03084503e+02, 3.43256287e+02, 1.10429764e+02,
    3.41050446e+02, 1.17535561e+02 ]
