%YAML:1.0
points: [ 1.84521149e+02, 3.49491005e+01, 1.77115494e+02, 4.00792923e+01,
    1.81820892e+02, 4.74605408e+01, 1.74259521e+02, 5.18240356e+01,
    1.78846237e+02, 5.92898750e+01, 1.72369171e+02, 6.35381126e+01,
    1.76265671e+02, 7.04523926e+01, 1.69575394e+02, 7.42711487e+01,
    1.69575394e+02, 7.42711487e+01, 1.78514709e+02, 3.42541504e+01,
    1.77115494e+02, 4.00792999e+01, 1.77115494e+02, 4.00792999e+01,
    1.74259491e+02, 5.18240356e+01, 1.73254379e+02, 5.73474579e+01,
    1.65814590e+02, 6.16057129e+01, 1.71124557e+02, 6.89545288e+01,
    1.69575333e+02, 7.42711334e+01, 1.69575333e+02, 7.42711334e+01,
    1.69940506e+02, 2.81570873e+01, 1.70974838e+02, 3.86770897e+01,
    1.70243561e+02, 4.46531906e+01, 1.68848145e+02, 5.06692657e+01,
    1.61800766e+02, 5.53159790e+01, 1.65814560e+02, 6.16057091e+01,
    1.64874451e+02, 6.71053085e+01, 1.63835876e+02, 7.28689346e+01,
    1.63835876e+02, 7.28689346e+01, 1.65779495e+02, 3.17974358e+01,
    1.65089447e+02, 3.69189835e+01, 1.65089478e+02, 3.69189835e+01,
    1.62790619e+02, 4.95316162e+01, 1.61800735e+02, 5.53159714e+01,
    1.60736755e+02, 6.03854179e+01, 1.60736755e+02, 6.03854179e+01,
    1.58271591e+02, 7.14332581e+01, 1.58271591e+02, 7.14332581e+01,
    1.57261154e+02, 2.47353745e+01, 1.58791153e+02, 3.50611458e+01,
    1.58022827e+02, 4.05286789e+01, 1.56242050e+02, 4.77420273e+01,
    1.55685638e+02, 5.35181580e+01, 1.54196671e+02, 5.91540794e+01,
    1.53161133e+02, 6.47747116e+01, 1.52110703e+02, 7.01757889e+01,
    1.52110703e+02, 7.01757889e+01, 1.53551971e+02, 2.81780567e+01,
    1.45624954e+02, 3.27836380e+01, 1.51275543e+02, 3.93175201e+01,
    1.49664902e+02, 4.60656319e+01, 1.48771637e+02, 5.16959496e+01,
    1.48036377e+02, 5.72705383e+01, 1.46745117e+02, 6.33744621e+01,
    1.46745117e+02, 6.33744698e+01, 1.46055786e+02, 6.81363449e+01,
    1.44007751e+02, 2.11979961e+01, 1.45624924e+02, 3.27836571e+01,
    1.45542953e+02, 3.76633110e+01, 1.40157379e+02, 4.33955879e+01,
    1.42724304e+02, 5.02292709e+01, 1.35662186e+02, 5.39903259e+01,
    1.34085129e+02, 6.06601868e+01, 1.39781433e+02, 6.72481003e+01,
    1.33302490e+02, 6.51123123e+01, 1.37394272e+02, 1.95772610e+01,
    1.36540253e+02, 2.57608452e+01, 1.35086319e+02, 3.57562370e+01,
    1.36866562e+02, 4.27770271e+01, 1.36566711e+02, 4.84642334e+01,
    1.35662155e+02, 5.39903183e+01, 1.34085098e+02, 6.06601944e+01,
    1.33302460e+02, 6.51122971e+01, 1.33302460e+02, 6.51122971e+01,
    1.30651993e+02, 1.77587929e+01, 1.28719025e+02, 2.91114101e+01,
    1.28476044e+02, 3.43152390e+01, 1.27302124e+02, 4.05071030e+01,
    1.27302139e+02, 4.05070992e+01, 1.28773987e+02, 5.28130913e+01,
    1.27304535e+02, 5.97434311e+01, 1.26778694e+02, 6.40906906e+01,
    1.21577545e+02, 6.29648552e+01, 1.23344978e+02, 2.01920414e+01,
    1.22742531e+02, 2.72986450e+01, 1.21511932e+02, 3.28061485e+01,
    1.24573448e+02, 4.02274513e+01, 1.19887825e+02, 4.44766388e+01,
    1.23067596e+02, 5.15764351e+01, 1.22125610e+02, 5.76042747e+01,
    1.21577530e+02, 6.29648590e+01, 1.21577530e+02, 6.29648590e+01,
    1.16799889e+02, 1.84928513e+01, 1.15340080e+02, 2.48059521e+01,
    1.15340080e+02, 2.48059578e+01, 1.13841034e+02, 3.78670197e+01,
    1.13841042e+02, 3.78670120e+01, 1.12350616e+02, 4.92726288e+01,
    1.15254272e+02, 5.69173050e+01, 1.14392708e+02, 6.13392563e+01,
    1.09060364e+02, 6.00175972e+01 ]
