%YAML:1.0
points: [ 1.11547522e+03, 5.98079590e+02, 1.09833313e+03, 6.17053833e+02,
    1.08032349e+03, 6.37244995e+02, 1.06418787e+03, 6.59081848e+02,
    1.04321692e+03, 6.81811646e+02, 1.02218951e+03, 7.06310242e+02,
    1.00063037e+03, 7.32332336e+02, 9.76989319e+02, 7.60350647e+02,
    9.50893188e+02, 7.90207153e+02, 1.10687439e+03, 5.62653809e+02,
    1.09075195e+03, 5.80932983e+02, 1.07167944e+03, 6.00428772e+02,
    1.05474170e+03, 6.21535645e+02, 1.03355310e+03, 6.43399780e+02,
    1.01241907e+03, 6.67359253e+02, 9.89660034e+02, 6.92198547e+02,
    9.64668579e+02, 7.19119751e+02, 9.38503967e+02, 7.47724609e+02,
    1.09930701e+03, 5.26680054e+02, 1.08140417e+03, 5.44173767e+02,
    1.06316724e+03, 5.62751648e+02, 1.04492993e+03, 5.82767700e+02,
    1.02283386e+03, 6.03883118e+02, 1.00245935e+03, 6.26523987e+02,
    9.79282532e+02, 6.50664856e+02, 9.53493652e+02, 6.76601379e+02,
    9.24961182e+02, 7.04154297e+02, 1.09084363e+03, 4.89264008e+02,
    1.07344531e+03, 5.05941162e+02, 1.05367920e+03, 5.23723572e+02,
    1.03439490e+03, 5.42773865e+02, 1.01236011e+03, 5.62928101e+02,
    9.91658936e+02, 5.84730164e+02, 9.68305603e+02, 6.07677429e+02,
    9.40971863e+02, 6.32462830e+02, 9.11106750e+02, 6.58811890e+02,
    1.08196021e+03, 4.51221588e+02, 1.06498596e+03, 4.66760986e+02,
    1.04393115e+03, 4.83671814e+02, 1.02329059e+03, 5.01560089e+02,
    1.00106549e+03, 5.20664001e+02, 9.80505981e+02, 5.41312500e+02,
    9.56552185e+02, 5.63391113e+02, 9.27140686e+02, 5.86700256e+02,
    8.96831116e+02, 6.12050415e+02, 1.07342261e+03, 4.11479248e+02,
    1.05605518e+03, 4.26668732e+02, 1.03381519e+03, 4.42390717e+02,
    1.01289252e+03, 4.59289825e+02, 9.90105530e+02, 4.77148895e+02,
    9.68422119e+02, 4.96435547e+02, 9.43612122e+02, 5.17244263e+02,
    9.13490173e+02, 5.39513611e+02, 8.82462402e+02, 5.63356201e+02,
    1.06443555e+03, 3.70977020e+02, 1.04690906e+03, 3.84743927e+02,
    1.02411560e+03, 3.99596771e+02, 1.00270294e+03, 4.15385590e+02,
    9.78879395e+02, 4.32073822e+02, 9.55659180e+02, 4.50062134e+02,
    9.30108643e+02, 4.69413452e+02, 8.99075989e+02, 4.90241974e+02,
    8.66874084e+02, 5.12822998e+02, 1.05547595e+03, 3.29430939e+02,
    1.03749084e+03, 3.41983398e+02, 1.01389661e+03, 3.55668640e+02,
    9.91475830e+02, 3.70231720e+02, 9.67445923e+02, 3.85588379e+02,
    9.43470825e+02, 4.02280670e+02, 9.15772400e+02, 4.19943939e+02,
    8.84419739e+02, 4.39348877e+02, 8.52063110e+02, 4.60278198e+02,
    1.04612085e+03, 2.86393890e+02, 1.02742456e+03, 2.97652771e+02,
    1.00358685e+03, 3.10341980e+02, 9.81300232e+02, 3.23421967e+02,
    9.55515076e+02, 3.37637421e+02, 9.30208923e+02, 3.52723175e+02,
    9.01428528e+02, 3.69050354e+02, 8.69524963e+02, 3.86703064e+02,
    8.35387146e+02, 4.06103699e+02, 1.03678455e+03, 2.41871246e+02,
    1.01633484e+03, 2.52057983e+02, 9.93224731e+02, 2.63292603e+02,
    9.68647095e+02, 2.75364288e+02, 9.43254883e+02, 2.87850494e+02,
    9.15901428e+02, 3.01473877e+02, 8.85249695e+02, 3.16189819e+02,
    8.53271362e+02, 3.32128632e+02, 8.17335205e+02, 3.49324524e+02,
    1.02529993e+03, 1.96495575e+02, 1.00374493e+03, 2.05459030e+02,
    9.81431335e+02, 2.15052963e+02, 9.54696960e+02, 2.25679733e+02,
    9.28788940e+02, 2.36579407e+02, 9.00165649e+02, 2.48409134e+02,
    8.68512024e+02, 2.61440430e+02, 8.35002136e+02, 2.75293884e+02,
    7.97115967e+02, 2.90553345e+02 ]
