%YAML:1.0
points: [ 1.12781763e+03, 5.08717499e+02, 1.12414734e+03, 5.39273193e+02,
    1.12139136e+03, 5.69453674e+02, 1.11798975e+03, 5.99000732e+02,
    1.11516711e+03, 6.28483948e+02, 1.11258899e+03, 6.57188171e+02,
    1.10878870e+03, 6.86003967e+02, 1.10647070e+03, 7.13932007e+02,
    1.10368066e+03, 7.41704163e+02, 1.10037561e+03, 5.03426910e+02,
    1.09708899e+03, 5.33503113e+02, 1.09458875e+03, 5.63028564e+02,
    1.09143567e+03, 5.92333130e+02, 1.08898328e+03, 6.21188416e+02,
    1.08639380e+03, 6.49481018e+02, 1.08342175e+03, 6.77562561e+02,
    1.08053503e+03, 7.05420593e+02, 1.07827905e+03, 7.32781006e+02,
    1.07449829e+03, 4.98235199e+02, 1.07150659e+03, 5.27686707e+02,
    1.06873694e+03, 5.56827332e+02, 1.06602795e+03, 5.85729248e+02,
    1.06429834e+03, 6.13863403e+02, 1.06132690e+03, 6.41947205e+02,
    1.05936011e+03, 6.69551880e+02, 1.05573816e+03, 6.96996643e+02,
    1.05437231e+03, 7.23751282e+02, 1.04951868e+03, 4.92934143e+02,
    1.04732678e+03, 5.22251587e+02, 1.04412878e+03, 5.50777161e+02,
    1.04184656e+03, 5.79286865e+02, 1.04031274e+03, 6.06895264e+02,
    1.03822400e+03, 6.34341370e+02, 1.03594214e+03, 6.61594238e+02,
    1.03238159e+03, 6.88925720e+02, 1.03098328e+03, 7.15250488e+02,
    1.02621021e+03, 4.87964630e+02, 1.02334534e+03, 5.16682495e+02,
    1.02027448e+03, 5.45061584e+02, 1.01855396e+03, 5.72702820e+02,
    1.01733173e+03, 6.00091919e+02, 1.01499231e+03, 6.27357727e+02,
    1.01309613e+03, 6.54096313e+02, 1.00970172e+03, 6.80881226e+02,
    1.00861139e+03, 7.06629028e+02, 1.00261542e+03, 4.83121277e+02,
    1.00035956e+03, 5.11461243e+02, 9.97046631e+02, 5.39365662e+02,
    9.95772705e+02, 5.66611145e+02, 9.95132568e+02, 5.93496704e+02,
    9.92852295e+02, 6.20277100e+02, 9.91136536e+02, 6.46656982e+02,
    9.87842041e+02, 6.73051575e+02, 9.86678528e+02, 6.98596680e+02,
    9.80514954e+02, 4.78563263e+02, 9.77999817e+02, 5.06375916e+02,
    9.74889404e+02, 5.33775146e+02, 9.73660278e+02, 5.60784668e+02,
    9.73291931e+02, 5.87263306e+02, 9.71286743e+02, 6.13530334e+02,
    9.69518127e+02, 6.39615845e+02, 9.66709045e+02, 6.65566345e+02,
    9.65614075e+02, 6.90872559e+02, 9.58731445e+02, 4.74189514e+02,
    9.56138000e+02, 5.01458740e+02, 9.53748047e+02, 5.28459778e+02,
    9.52555969e+02, 5.55069946e+02, 9.51861206e+02, 5.81197876e+02,
    9.49792053e+02, 6.07223022e+02, 9.48598755e+02, 6.32898682e+02,
    9.46465088e+02, 6.58276367e+02, 9.44889099e+02, 6.83323303e+02,
    9.37762390e+02, 4.69798981e+02, 9.35392456e+02, 4.96663605e+02,
    9.33509521e+02, 5.23311707e+02, 9.32153625e+02, 5.49541809e+02,
    9.31417053e+02, 5.75284546e+02, 9.28960876e+02, 6.00937317e+02,
    9.28266296e+02, 6.26176514e+02, 9.26744934e+02, 6.51195496e+02,
    9.24856812e+02, 6.75953186e+02, 9.17328186e+02, 4.65537262e+02,
    9.15934570e+02, 4.91936707e+02, 9.14088379e+02, 5.18183228e+02,
    9.12582397e+02, 5.44061279e+02, 9.11451599e+02, 5.69597168e+02,
    9.09314209e+02, 5.94946594e+02, 9.09021729e+02, 6.19695740e+02,
    9.06893372e+02, 6.44593384e+02, 9.05874512e+02, 6.68914673e+02,
    8.97610535e+02, 4.61282074e+02, 8.96142151e+02, 4.87427399e+02,
    8.94830322e+02, 5.13393127e+02, 8.93535095e+02, 5.38680847e+02,
    8.92258789e+02, 564., 8.90225220e+02, 5.89048767e+02, 8.90195862e+02,
    6.13520508e+02, 8.88415588e+02, 6.37780884e+02, 8.86652649e+02,
    6.62084473e+02 ]
