%YAML:1.0
points: [ 2.46178970e+02, 1.83123306e+02, 2.37820465e+02, 1.88365875e+02,
    2.28905945e+02, 1.93816254e+02, 2.19925995e+02, 1.99406891e+02,
    2.10373917e+02, 2.05285767e+02, 2.00495331e+02, 2.11250580e+02,
    1.90673309e+02, 2.17466095e+02, 1.80027527e+02, 2.24032379e+02,
    1.69039383e+02, 2.30644730e+02, 2.42205017e+02, 1.72640610e+02,
    2.33606949e+02, 1.77790100e+02, 2.24470398e+02, 1.83151031e+02,
    2.15251633e+02, 1.88679367e+02, 2.05490479e+02, 1.94403290e+02,
    1.95432816e+02, 2.00260101e+02, 1.85333755e+02, 2.06348587e+02,
    1.74445450e+02, 2.12782730e+02, 1.63376755e+02, 2.19262543e+02,
    2.37771118e+02, 1.61919098e+02, 2.29036224e+02, 1.66982956e+02,
    2.19957260e+02, 1.72265350e+02, 2.10400421e+02, 1.77654739e+02,
    2.00320374e+02, 1.83242004e+02, 1.90246109e+02, 1.89061874e+02,
    1.79537491e+02, 1.95004028e+02, 1.68824051e+02, 2.01185165e+02,
    1.57218765e+02, 2.07495209e+02, 2.33321030e+02, 1.50956451e+02,
    2.24213638e+02, 1.55969788e+02, 2.15118286e+02, 1.61065369e+02,
    2.05261154e+02, 1.66246292e+02, 1.94987061e+02, 1.71757843e+02,
    1.84460678e+02, 1.77393661e+02, 1.73649780e+02, 1.83285568e+02,
    1.62864594e+02, 1.89287292e+02, 1.50936691e+02, 1.95571060e+02,
    2.28436920e+02, 1.39771423e+02, 2.19371887e+02, 1.44582199e+02,
    2.10146408e+02, 1.49572113e+02, 2.00080048e+02, 1.54815094e+02,
    1.89449921e+02, 1.60101028e+02, 1.78883713e+02, 1.65634155e+02,
    1.67673004e+02, 1.71261627e+02, 1.56637817e+02, 1.77172226e+02,
    1.44426468e+02, 1.83269577e+02, 2.23727432e+02, 1.28319290e+02,
    2.14368332e+02, 1.32927979e+02, 2.04981384e+02, 1.37776535e+02,
    1.94622986e+02, 1.42700058e+02, 1.83811584e+02, 1.47982742e+02,
    1.72887009e+02, 1.53323395e+02, 1.61601776e+02, 1.58904587e+02,
    1.50202408e+02, 1.64621780e+02, 1.37796539e+02, 1.70594940e+02,
    2.18748901e+02, 1.16420624e+02, 2.09233353e+02, 1.20952942e+02,
    1.99677032e+02, 1.25579926e+02, 1.89187592e+02, 1.30579025e+02,
    1.78028519e+02, 1.35714462e+02, 1.66911636e+02, 1.40871536e+02,
    1.55314713e+02, 1.46227661e+02, 1.43642212e+02, 1.51772873e+02,
    1.31062561e+02, 1.57595856e+02, 2.13751114e+02, 1.04374146e+02,
    2.04173721e+02, 1.08711349e+02, 1.94190750e+02, 1.13243866e+02,
    1.83411133e+02, 1.17939064e+02, 1.72231857e+02, 1.22941475e+02,
    1.60906204e+02, 1.27941284e+02, 1.49000763e+02, 1.33212814e+02,
    1.36874832e+02, 1.38602249e+02, 1.24158142e+02, 1.44274033e+02,
    2.08695190e+02, 9.20394058e+01, 1.98853867e+02, 9.62218781e+01,
    1.88404114e+02, 1.00536339e+02, 1.77630646e+02, 1.05155823e+02,
    1.66146988e+02, 1.09942406e+02, 1.54746552e+02, 1.14743134e+02,
    1.42423019e+02, 1.19867165e+02, 1.29931244e+02, 1.25129906e+02,
    1.17028183e+02, 1.30541443e+02, 2.03526138e+02, 7.93376541e+01,
    1.93236313e+02, 8.34562912e+01, 1.82637863e+02, 8.76854782e+01,
    1.71569122e+02, 9.19908600e+01, 1.60126892e+02, 9.66702957e+01,
    1.48363922e+02, 1.01230148e+02, 1.35773895e+02, 1.06293350e+02,
    1.23163780e+02, 1.11241074e+02, 1.09750885e+02, 1.16636597e+02,
    1.98117523e+02, 6.65419922e+01, 1.87681839e+02, 7.03956070e+01,
    1.76816360e+02, 7.44146500e+01, 1.65465302e+02, 7.87138748e+01,
    1.53751968e+02, 8.30455170e+01, 1.41830994e+02, 8.74737473e+01,
    1.28931564e+02, 9.22999268e+01, 1.15976334e+02, 9.71630020e+01,
    1.02463745e+02, 1.02178871e+02 ]
