%YAML:1.0
points: [ 8.51418762e+02, 4.63096375e+02, 8.25785095e+02, 4.78561584e+02,
    7.98711487e+02, 4.94594696e+02, 7.71275635e+02, 5.10928864e+02,
    7.42359619e+02, 5.27965698e+02, 7.12232727e+02, 5.45464355e+02,
    6.82218750e+02, 5.63794434e+02, 6.49948364e+02, 5.82434998e+02,
    6.16640198e+02, 6.01893127e+02, 8.38510864e+02, 4.33047821e+02,
    8.12267151e+02, 4.48246246e+02, 7.84522827e+02, 4.63730835e+02,
    7.56603333e+02, 4.79970215e+02, 7.26974121e+02, 4.96598297e+02,
    6.96366333e+02, 5.13752686e+02, 6.65109558e+02, 5.31571289e+02,
    6.32686462e+02, 5.50200439e+02, 5.98693909e+02, 5.69250916e+02,
    8.24845947e+02, 4.02504547e+02, 7.98052246e+02, 4.17093750e+02,
    7.70260742e+02, 4.32450623e+02, 7.41221130e+02, 4.48220917e+02,
    7.10606323e+02, 4.64542023e+02, 6.79831604e+02, 4.81383209e+02,
    6.47381836e+02, 4.98917023e+02, 6.14714844e+02, 5.16859741e+02,
    5.79539429e+02, 5.35662292e+02, 8.10514404e+02, 3.70895294e+02,
    7.82998596e+02, 3.85433868e+02, 7.55128601e+02, 4.00276581e+02,
    7.25314087e+02, 4.15742737e+02, 6.93880554e+02, 4.31627350e+02,
    6.62166260e+02, 4.48226379e+02, 6.29197449e+02, 4.65245361e+02,
    5.95916199e+02, 4.83107422e+02, 5.60174072e+02, 5.01161743e+02,
    7.95583557e+02, 3.38945038e+02, 7.67685608e+02, 3.52855927e+02,
    7.39499207e+02, 3.67414581e+02, 7.08777588e+02, 3.82473846e+02,
    6.76844666e+02, 3.98174591e+02, 6.44564392e+02, 4.14109528e+02,
    6.10660706e+02, 4.30821228e+02, 5.76674683e+02, 4.47895264e+02,
    5.40022522e+02, 4.65966949e+02, 7.80644897e+02, 3.05920258e+02,
    7.52374146e+02, 3.19584473e+02, 7.23391907e+02, 3.33426544e+02,
    6.92018433e+02, 3.48229370e+02, 6.59267212e+02, 3.63454132e+02,
    6.26155945e+02, 3.79249603e+02, 5.91666138e+02, 3.95378845e+02,
    5.56813660e+02, 4.12164612e+02, 5.19426392e+02, 4.29526947e+02,
    7.65328064e+02, 2.72456238e+02, 7.36295776e+02, 2.85394043e+02,
    7.06845825e+02, 2.98974762e+02, 6.74816528e+02, 3.13209137e+02,
    6.41237305e+02, 3.28194824e+02, 6.07500000e+02, 3.43335815e+02,
    5.72362915e+02, 3.59097565e+02, 5.36306702e+02, 3.75168732e+02,
    4.98176971e+02, 3.92381989e+02, 7.49543213e+02, 2.37812164e+02,
    7.20266357e+02, 2.50433243e+02, 6.89565369e+02, 2.63463745e+02,
    6.57117798e+02, 2.77482544e+02, 6.22971619e+02, 2.91743591e+02,
    5.88612976e+02, 3.06458527e+02, 5.52382812e+02, 3.21704132e+02,
    5.15405090e+02, 3.37481812e+02, 4.76475586e+02, 3.53841248e+02,
    7.33510010e+02, 2.02482910e+02, 7.03496155e+02, 2.14465698e+02,
    6.71859619e+02, 2.27219345e+02, 6.38741882e+02, 2.40499207e+02,
    6.04232056e+02, 2.54513519e+02, 5.69051208e+02, 2.68388580e+02,
    5.31889099e+02, 2.83657959e+02, 4.93656433e+02, 2.98706665e+02,
    4.54261780e+02, 3.14634216e+02, 7.17170410e+02, 1.66185867e+02,
    6.85941223e+02, 1.78257828e+02, 6.53579590e+02, 1.90311020e+02,
    6.20101196e+02, 2.03175659e+02, 5.85022644e+02, 2.16299088e+02,
    5.49163025e+02, 2.29902100e+02, 5.10931061e+02, 2.44370911e+02,
    4.72279297e+02, 2.58979553e+02, 4.31396027e+02, 2.74284088e+02,
    7.00220032e+02, 1.29127701e+02, 6.68312622e+02, 1.40277466e+02,
    6.35335266e+02, 1.52174194e+02, 6.00679199e+02, 1.64383881e+02,
    5.65017334e+02, 1.77232437e+02, 5.28353882e+02, 1.89760895e+02,
    4.89313507e+02, 2.04142807e+02, 4.49385040e+02, 2.17856995e+02,
    4.08047821e+02, 2.32728119e+02 ]
