%YAML:1.0
points: [ 9.90263184e+02, 2.90726349e+02, 9.90175415e+02, 3.07651093e+02,
    9.90211731e+02, 3.24457550e+02, 9.89333496e+02, 3.41033630e+02,
    9.89573669e+02, 3.57504456e+02, 9.89259399e+02, 3.73681396e+02,
    9.89015930e+02, 3.89880280e+02, 9.88688477e+02, 4.05893433e+02,
    9.88713135e+02, 4.21685211e+02, 9.75933289e+02, 2.89976379e+02,
    9.75676758e+02, 3.06704254e+02, 9.75714966e+02, 3.23402802e+02,
    9.75223022e+02, 3.39817932e+02, 9.75455750e+02, 3.56170868e+02,
    9.75202759e+02, 3.72330902e+02, 9.74909546e+02, 3.88223938e+02,
    9.74880737e+02, 4.04074738e+02, 9.74808472e+02, 4.19810242e+02,
    9.62072815e+02, 2.89073212e+02, 9.62128418e+02, 3.05830688e+02,
    9.62035828e+02, 3.22395996e+02, 9.61382019e+02, 3.38680511e+02,
    9.61840637e+02, 3.54845428e+02, 9.61383972e+02, 3.70909149e+02,
    9.61254150e+02, 3.86764893e+02, 9.61233948e+02, 4.02661438e+02,
    9.61437500e+02, 4.18109314e+02, 9.48294067e+02, 2.88210114e+02,
    9.48263733e+02, 3.04661346e+02, 9.48320801e+02, 3.21184906e+02,
    9.48191101e+02, 3.37501740e+02, 9.48395691e+02, 3.53597504e+02,
    9.47890076e+02, 3.69568787e+02, 9.47641418e+02, 3.85446808e+02,
    9.47870117e+02, 4.01071472e+02, 9.48322144e+02, 4.16411346e+02,
    9.34764099e+02, 2.87448334e+02, 9.34318115e+02, 3.03880249e+02,
    9.34850464e+02, 3.20043640e+02, 9.34453186e+02, 3.36182373e+02,
    9.35052063e+02, 3.52258209e+02, 9.34389038e+02, 3.68099121e+02,
    9.34054871e+02, 3.83799164e+02, 9.34642883e+02, 3.99203125e+02,
    9.34987488e+02, 4.14470398e+02, 9.21333313e+02, 2.86721283e+02,
    9.21139221e+02, 3.03039642e+02, 9.21795959e+02, 3.19090363e+02,
    9.21719666e+02, 3.35174835e+02, 9.22004211e+02, 3.50959381e+02,
    9.21537170e+02, 3.66700317e+02, 9.21169983e+02, 3.82384247e+02,
    9.21930298e+02, 3.97732635e+02, 9.22094482e+02, 4.13035339e+02,
    9.08185730e+02, 2.86065582e+02, 9.00225403e+02, 3.01793243e+02,
    9.08464783e+02, 3.18146545e+02, 9.01645813e+02, 3.33558685e+02,
    9.08799377e+02, 3.49739777e+02, 9.02069153e+02, 3.64700562e+02,
    9.02287720e+02, 3.80516174e+02, 9.02731750e+02, 3.95390076e+02,
    9.09158081e+02, 4.11330902e+02, 8.95266113e+02, 2.85300781e+02,
    8.88307007e+02, 3.01084930e+02, 8.95630005e+02, 3.17159119e+02,
    8.95979370e+02, 3.33081604e+02, 8.95906494e+02, 3.48576447e+02,
    8.90488098e+02, 3.63611938e+02, 8.90367310e+02, 3.78914886e+02,
    9.02731628e+02, 3.95390076e+02, 8.91117981e+02, 4.08907104e+02,
    8.82026245e+02, 2.84406952e+02, 8.75045227e+02, 2.99635284e+02,
    8.82980164e+02, 3.16233246e+02, 8.76493103e+02, 3.31336914e+02,
    8.83050720e+02, 3.47366272e+02, 8.76802246e+02, 3.62088379e+02,
    8.76848816e+02, 3.77353485e+02, 8.77897217e+02, 3.92527466e+02,
    8.78094299e+02, 4.07384796e+02, 8.63508484e+02, 2.83283569e+02,
    8.63722534e+02, 2.99042084e+02, 8.63506104e+02, 3.14540833e+02,
    8.64886597e+02, 3.30311188e+02, 8.64529663e+02, 3.45599121e+02,
    8.64796326e+02, 3.60704102e+02, 8.65576111e+02, 3.75766449e+02,
    8.65333984e+02, 3.90953003e+02, 8.66306396e+02, 4.05587952e+02,
    8.63508423e+02, 2.83283569e+02, 8.55576538e+02, 2.98446838e+02,
    8.56229797e+02, 3.14354767e+02, 8.64886536e+02, 3.30311188e+02,
    8.64529602e+02, 3.45599121e+02, 8.56637146e+02, 3.59700928e+02,
    8.65576050e+02, 3.75766418e+02, 8.57382507e+02, 3.89499054e+02,
    8.66306335e+02, 4.05587921e+02 ]
