%YAML:1.0
points: [ 2.08735474e+02, 2.02923096e+02, 2.13447037e+02, 2.11711700e+02,
    2.18092377e+02, 2.20626907e+02, 2.22606003e+02, 2.29341919e+02,
    2.27165955e+02, 2.38141434e+02, 2.31450058e+02, 2.46653442e+02,
    2.36142410e+02, 2.55203384e+02, 2.40275803e+02, 2.63507385e+02,
    2.44527710e+02, 2.71883118e+02, 2.00448807e+02, 2.07632996e+02,
    2.05308777e+02, 2.16655411e+02, 2.09966522e+02, 2.25604340e+02,
    2.14673508e+02, 2.34424850e+02, 2.19156509e+02, 2.43224396e+02,
    2.23716537e+02, 2.51859497e+02, 2.28195328e+02, 2.60382080e+02,
    2.32672821e+02, 2.68974609e+02, 2.37092590e+02, 2.77403259e+02,
    1.91868942e+02, 2.12541931e+02, 1.96735870e+02, 2.21564987e+02,
    2.01632690e+02, 2.30696915e+02, 2.06378738e+02, 2.39599152e+02,
    2.10886917e+02, 2.48404877e+02, 2.15583450e+02, 2.57174683e+02,
    2.20130630e+02, 2.65883331e+02, 2.24811050e+02, 2.74457794e+02,
    2.29136780e+02, 2.82963562e+02, 1.82877960e+02, 2.17507645e+02,
    1.87906952e+02, 2.26789566e+02, 1.92901398e+02, 2.35938446e+02,
    1.97763519e+02, 2.44910049e+02, 2.02327774e+02, 2.53794785e+02,
    2.07117920e+02, 2.62601990e+02, 2.11824799e+02, 2.71468262e+02,
    2.16708282e+02, 2.80096039e+02, 2.21158981e+02, 2.88666443e+02,
    1.73676300e+02, 2.22681625e+02, 1.78820190e+02, 2.32055450e+02,
    1.84119537e+02, 2.41213364e+02, 1.88917526e+02, 2.50316254e+02,
    1.93617416e+02, 2.59361572e+02, 1.98465546e+02, 2.68278625e+02,
    2.03247757e+02, 2.77193939e+02, 2.08154068e+02, 2.85991791e+02,
    2.12705338e+02, 2.94514130e+02, 1.64166229e+02, 2.28118164e+02,
    1.69434952e+02, 2.37481689e+02, 1.74782684e+02, 2.46751968e+02,
    1.79783997e+02, 2.56063263e+02, 1.84622314e+02, 2.65071747e+02,
    1.89605194e+02, 2.74057770e+02, 1.94474442e+02, 2.82998566e+02,
    1.99575851e+02, 2.91889130e+02, 2.04246109e+02, 3.00651062e+02,
    1.54448776e+02, 2.33540375e+02, 1.59805878e+02, 2.43056778e+02,
    1.65309677e+02, 2.52450867e+02, 1.70477112e+02, 2.61762939e+02,
    1.75338943e+02, 2.70980499e+02, 1.80438019e+02, 2.80009033e+02,
    1.85462814e+02, 2.89024109e+02, 1.90575699e+02, 2.98088715e+02,
    1.95408875e+02, 3.06884888e+02, 1.44380615e+02, 2.39166748e+02,
    1.50034668e+02, 2.48786316e+02, 1.55479996e+02, 2.58301636e+02,
    1.60801056e+02, 2.67717346e+02, 1.65952286e+02, 2.76934357e+02,
    1.71224365e+02, 2.86174927e+02, 1.76301315e+02, 2.95284607e+02,
    1.81459274e+02, 3.04291473e+02, 1.86448318e+02, 3.13299805e+02,
    1.34139862e+02, 2.44962616e+02, 1.39832886e+02, 2.54633255e+02,
    1.45409119e+02, 2.64290985e+02, 1.50883575e+02, 2.73842133e+02,
    1.56167282e+02, 2.83197144e+02, 1.61653549e+02, 2.92496765e+02,
    1.66811111e+02, 3.01715393e+02, 1.72013672e+02, 3.10791107e+02,
    1.77262115e+02, 3.19866760e+02, 1.23555229e+02, 2.50837830e+02,
    1.29346405e+02, 2.60695648e+02, 1.35148865e+02, 2.70415436e+02,
    1.40694397e+02, 2.79989563e+02, 1.46234055e+02, 2.89495667e+02,
    1.51832352e+02, 2.99012299e+02, 1.57146103e+02, 3.08212860e+02,
    1.62552750e+02, 3.17390991e+02, 1.67771362e+02, 3.26472656e+02,
    1.12708542e+02, 2.56878967e+02, 1.18669189e+02, 2.66922699e+02,
    1.24488617e+02, 2.76775269e+02, 1.30202560e+02, 2.86406219e+02,
    1.35964172e+02, 2.96033875e+02, 1.41585739e+02, 3.05569916e+02,
    1.47094162e+02, 3.15019928e+02, 1.52588913e+02, 3.24242493e+02,
    1.58122101e+02, 3.33422211e+02 ]
