%YAML:1.0
points: [ 2.12175049e+02, 1.40722855e+02, 2.09584381e+02, 1.44907333e+02,
    2.13801941e+02, 1.54454559e+02, 2.19210983e+02, 1.54454407e+02,
    2.16149231e+02, 1.61017273e+02, 2.18713104e+02, 1.65339142e+02,
    2.19159668e+02, 1.70076950e+02, 2.25698364e+02, 1.72683609e+02,
    2.27391327e+02, 1.77759171e+02, 2.03745621e+02, 1.44440018e+02,
    2.09584335e+02, 1.44907318e+02, 2.08965515e+02, 1.49007996e+02,
    2.13801895e+02, 1.54454605e+02, 2.10002869e+02, 1.60671219e+02,
    2.18713058e+02, 1.65339127e+02, 2.11220810e+02, 1.69919754e+02,
    2.19159607e+02, 1.70076965e+02, 2.20491592e+02, 1.75206772e+02,
    2.03745621e+02, 1.44440018e+02, 2.03745621e+02, 1.44440018e+02,
    2.02548447e+02, 1.48685547e+02, 2.07297119e+02, 1.55350433e+02,
    2.09672058e+02, 1.57980850e+02, 2.11414001e+02, 1.65432907e+02,
    2.11220810e+02, 1.69919754e+02, 2.11220779e+02, 1.69919739e+02,
    2.14869186e+02, 1.74575729e+02, 1.96864288e+02, 1.41837997e+02,
    1.97544403e+02, 1.44597336e+02, 1.99574753e+02, 1.49345093e+02,
    2.01093613e+02, 1.53419159e+02, 2.01513275e+02, 1.55388550e+02,
    2.01734879e+02, 1.65783844e+02, 2.04985458e+02, 1.70177032e+02,
    2.05446228e+02, 1.75487335e+02, 2.05446213e+02, 1.75487305e+02,
    1.90312363e+02, 1.45044022e+02, 1.90312363e+02, 1.45044022e+02,
    1.92942352e+02, 1.51613663e+02, 1.90900574e+02, 1.53901566e+02,
    1.91283813e+02, 1.55873062e+02, 1.93294708e+02, 1.60712296e+02,
    1.97646271e+02, 1.70343292e+02, 1.97646271e+02, 1.70343292e+02,
    1.97309280e+02, 1.75350006e+02, 1.78801407e+02, 1.40680695e+02,
    1.84957840e+02, 1.45063889e+02, 1.81746552e+02, 1.49265884e+02,
    1.84404587e+02, 1.56150955e+02, 1.84404587e+02, 1.56150970e+02,
    1.85405228e+02, 1.60941071e+02, 1.88082443e+02, 1.70822510e+02,
    1.88082413e+02, 1.70822525e+02, 1.91671783e+02, 1.80771683e+02,
    1.71747803e+02, 1.40533005e+02, 1.72741898e+02, 1.44711655e+02,
    1.74724274e+02, 1.49111099e+02, 1.76486618e+02, 1.56263855e+02,
    1.76486603e+02, 1.56263870e+02, 1.77823441e+02, 1.60692673e+02,
    1.80001984e+02, 1.68349121e+02, 1.82285370e+02, 1.77091858e+02,
    1.82285370e+02, 1.77091858e+02, 1.66476410e+02, 1.45240738e+02,
    1.66476410e+02, 1.45240738e+02, 1.67696045e+02, 1.51401810e+02,
    1.67696030e+02, 1.51401825e+02, 1.68776367e+02, 1.56078812e+02,
    1.71845093e+02, 1.66770477e+02, 1.72695267e+02, 1.70452881e+02,
    1.74830673e+02, 1.77210434e+02, 1.74830673e+02, 1.77210434e+02,
    1.58422333e+02, 1.44610748e+02, 1.58422333e+02, 1.44610748e+02,
    1.60133408e+02, 1.52097214e+02, 1.60874512e+02, 1.55404663e+02,
    1.60885468e+02, 1.55447144e+02, 1.63990967e+02, 1.67083069e+02,
    1.64784836e+02, 1.70516571e+02, 1.64784836e+02, 1.70516586e+02,
    1.66440399e+02, 1.76927200e+02, 1.49473389e+02, 1.40788559e+02,
    1.50578461e+02, 1.44552170e+02, 1.51743805e+02, 1.48744415e+02,
    1.53069626e+02, 1.55242661e+02, 1.53069626e+02, 1.55242676e+02,
    1.56033829e+02, 1.67073654e+02, 1.56715378e+02, 1.70534515e+02,
    1.56715393e+02, 1.70534561e+02, 1.58429489e+02, 1.76655426e+02,
    1.42254837e+02, 1.41783447e+02, 1.42254837e+02, 1.41783463e+02,
    1.44645660e+02, 1.52521149e+02, 1.45325790e+02, 1.55372009e+02,
    1.45325790e+02, 1.55372025e+02, 1.47693604e+02, 1.66609604e+02,
    1.47693604e+02, 1.66609619e+02, 1.48606064e+02, 1.70649246e+02,
    1.50108627e+02, 1.77851593e+02 ]
