%YAML:1.0
points: [ 4.05221100e+02, 1.08751740e+02, 4.11342255e+02, 1.12179337e+02,
    4.16639435e+02, 1.14985710e+02, 4.22804840e+02, 1.18225288e+02,
    4.30287872e+02, 1.22282982e+02, 4.36451752e+02, 1.25751564e+02,
    4.43590149e+02, 1.29644089e+02, 4.50427338e+02, 1.33332657e+02,
    4.57814423e+02, 1.37416641e+02, 3.99706177e+02, 1.15622643e+02,
    4.06021881e+02, 1.18892349e+02, 4.12183014e+02, 1.22324112e+02,
    4.18354034e+02, 1.25796310e+02, 4.24648651e+02, 1.29327240e+02,
    4.31208038e+02, 1.32916687e+02, 4.37817383e+02, 1.36601318e+02,
    4.45017365e+02, 1.40672516e+02, 4.51882538e+02, 1.44705811e+02,
    3.95968262e+02, 1.22668457e+02, 4.00927429e+02, 1.25645988e+02,
    4.06125275e+02, 1.28634140e+02, 4.13005127e+02, 1.32447510e+02,
    4.19460846e+02, 1.36336090e+02, 4.25418610e+02, 1.39803497e+02,
    4.32344086e+02, 1.43780640e+02, 4.39107452e+02, 1.47732864e+02,
    4.46333557e+02, 1.52007523e+02, 3.90653931e+02, 1.29586472e+02,
    3.96010315e+02, 1.32371490e+02, 4.01406921e+02, 1.35768509e+02,
    4.07941437e+02, 1.39510559e+02, 4.14378906e+02, 1.43354843e+02,
    4.20053040e+02, 1.46770096e+02, 4.26778015e+02, 1.50718063e+02,
    4.33682037e+02, 1.54889481e+02, 4.40477997e+02, 1.59155289e+02,
    3.85206726e+02, 1.35983490e+02, 3.90875488e+02, 1.38920975e+02, 397.,
    1.42750000e+02, 4.02832397e+02, 1.46304276e+02, 4.08932159e+02,
    1.50137939e+02, 4.14947540e+02, 1.53738480e+02, 4.21175171e+02,
    1.57643997e+02, 4.28165924e+02, 1.62031693e+02, 4.34957886e+02,
    1.66232346e+02, 3.81200623e+02, 1.42673874e+02, 3.85886292e+02,
    1.45346191e+02, 3.91987976e+02, 1.49443787e+02, 3.97624664e+02,
    1.52904312e+02, 4.03812775e+02, 1.56914169e+02, 4.09595978e+02,
    1.60567719e+02, 4.15769409e+02, 1.64558136e+02, 4.22595276e+02,
    1.68905869e+02, 4.29245758e+02, 1.73243607e+02, 3.80774628e+02,
    1.51746490e+02, 3.80774719e+02, 1.51746536e+02, 3.86783966e+02,
    1.55765289e+02, 3.92479950e+02, 1.59457550e+02, 3.98604065e+02,
    1.63576782e+02, 4.04348877e+02, 1.67274567e+02, 4.10435150e+02,
    1.71367386e+02, 4.17100098e+02, 1.75762421e+02, 4.23673462e+02,
    1.80155548e+02, 3.71249573e+02, 1.55377213e+02, 3.71475952e+02,
    1.55397247e+02, 3.82160919e+02, 1.62468750e+02, 3.87732788e+02,
    1.66269684e+02, 3.93575195e+02, 1.70180176e+02, 3.99175385e+02,
    1.74019348e+02, 4.05118011e+02, 1.78113129e+02, 4.11730591e+02,
    1.82578522e+02, 4.18042450e+02, 1.86923050e+02, 3.66963104e+02,
    1.61203781e+02, 3.66963165e+02, 1.61203796e+02, 3.77204468e+02,
    1.68828842e+02, 3.82346008e+02, 1.72325684e+02, 3.88291046e+02,
    1.76458374e+02, 3.93882477e+02, 1.80401505e+02, 4.00075012e+02,
    1.84780945e+02, 4.06193542e+02, 1.89181564e+02, 4.12565277e+02,
    1.93740143e+02, 3.62281982e+02, 1.67925278e+02, 3.66660492e+02,
    1.70827713e+02, 3.72354156e+02, 1.74897430e+02, 3.77661499e+02,
    1.78830811e+02, 3.83360260e+02, 1.82948532e+02, 3.89041809e+02,
    1.87106232e+02, 3.94866516e+02, 1.91351547e+02, 4.01001007e+02,
    1.95822693e+02, 4.07222809e+02, 2.00318253e+02, 3.58841217e+02,
    1.74130447e+02, 3.58841431e+02, 1.74130585e+02, 3.67293671e+02,
    1.81698853e+02, 3.73225037e+02, 1.85204590e+02, 3.78260773e+02,
    1.89184631e+02, 3.84038300e+02, 1.93299805e+02, 3.90025787e+02,
    1.97895844e+02, 3.95893829e+02, 2.02343842e+02, 4.02060150e+02,
    2.06967422e+02 ]
