%YAML:1.0
points: [ 1.53879529e+03, 4.93043365e+02, 1.50719812e+03, 5.01313202e+02,
    1.47446326e+03, 5.08845306e+02, 1.44217444e+03, 5.17099548e+02,
    1.40914038e+03, 5.24836426e+02, 1.37574182e+03, 5.32776672e+02,
    1.34361292e+03, 5.40995544e+02, 1.31043152e+03, 5.49042053e+02,
    1.27704248e+03, 5.56803711e+02, 1.53616724e+03, 4.59906616e+02,
    1.50376587e+03, 4.67786194e+02, 1.47074023e+03, 4.75770142e+02,
    1.43820544e+03, 4.83677826e+02, 1.40495435e+03, 4.91709686e+02,
    1.37140247e+03, 4.99536835e+02, 1.33851599e+03, 5.07652771e+02,
    1.30571448e+03, 5.15728821e+02, 1.27211218e+03, 5.23695984e+02,
    1.53234595e+03, 4.26199768e+02, 1.49989331e+03, 4.34059509e+02,
    1.46726294e+03, 4.42023560e+02, 1.43391699e+03, 4.50131226e+02,
    1.40008716e+03, 4.57715759e+02, 1.36676819e+03, 4.65878906e+02,
    1.33310242e+03, 4.73767456e+02, 1.30048682e+03, 4.81976105e+02,
    1.26626709e+03, 4.89847076e+02, 1.52838281e+03, 3.91856689e+02,
    1.49544299e+03, 3.99660126e+02, 1.46310754e+03, 4.07775238e+02,
    1.42929834e+03, 4.15723572e+02, 1.39510730e+03, 4.23586670e+02,
    1.36122681e+03, 4.31541687e+02, 1.32756982e+03, 4.39561157e+02,
    1.29513892e+03, 4.47746033e+02, 1.26056519e+03, 4.55559753e+02,
    1.52388232e+03, 3.57254242e+02, 1.49114441e+03, 3.65171021e+02,
    1.45874292e+03, 3.72999115e+02, 1.42463855e+03, 3.81187317e+02,
    1.39005127e+03, 3.88783966e+02, 1.35641394e+03, 3.96935730e+02,
    1.32229358e+03, 4.04825073e+02, 1.28953064e+03, 4.13098999e+02,
    1.25469946e+03, 4.20882202e+02, 1.51999121e+03, 3.22065826e+02,
    1.48688635e+03, 3.29736664e+02, 1.45446912e+03, 3.37723022e+02,
    1.42016516e+03, 3.45587616e+02, 1.38499072e+03, 3.53715363e+02,
    1.35096082e+03, 3.61583588e+02, 1.31679138e+03, 3.69741028e+02,
    1.28381140e+03, 3.77644318e+02, 1.24907385e+03, 3.85760132e+02,
    1.51576465e+03, 2.86437927e+02, 1.48263416e+03, 2.94114075e+02,
    1.45010303e+03, 3.02158295e+02, 1.41553406e+03, 3.09873993e+02,
    1.38012585e+03, 3.18061462e+02, 1.34578186e+03, 3.26081787e+02,
    1.31160181e+03, 3.34094513e+02, 1.27801428e+03, 3.41931305e+02,
    1.24316956e+03, 3.50064789e+02, 1.51163379e+03, 2.50273621e+02,
    1.47880127e+03, 2.57874237e+02, 1.44524475e+03, 2.65723145e+02,
    1.41072400e+03, 2.73670776e+02, 1.37535840e+03, 2.81945404e+02,
    1.34126123e+03, 2.89776031e+02, 1.30645276e+03, 2.97782867e+02,
    1.27218494e+03, 3.05894379e+02, 1.23746167e+03, 3.13772095e+02,
    1.50758228e+03, 2.13679977e+02, 1.47446143e+03, 2.21293228e+02,
    1.44032788e+03, 2.29121262e+02, 1.40568005e+03, 2.37128586e+02,
    1.37038684e+03, 2.45198975e+02, 1.33644568e+03, 2.53093903e+02,
    1.30108130e+03, 2.61235107e+02, 1.26613892e+03, 2.69286285e+02,
    1.23162268e+03, 2.77099274e+02, 1.50364294e+03, 1.76605576e+02,
    1.46948572e+03, 1.84490387e+02, 1.43519861e+03, 1.92301285e+02,
    1.40069043e+03, 2.00141434e+02, 1.36565076e+03, 2.08162766e+02,
    1.33146692e+03, 2.15879440e+02, 1.29551941e+03, 2.24173553e+02,
    1.26089258e+03, 2.32110352e+02, 1.22553259e+03, 2.40120010e+02,
    1.49935266e+03, 1.39312012e+02, 1.46520471e+03, 1.46676041e+02,
    1.43054346e+03, 1.54616928e+02, 1.39551758e+03, 1.62423889e+02,
    1.36038220e+03, 1.70478622e+02, 1.32612036e+03, 1.77926041e+02,
    1.29005627e+03, 1.86515778e+02, 1.25481067e+03, 1.94263489e+02,
    1.21979089e+03, 2.02271683e+02 ]
