%YAML:1.0
points: [ 4.85806793e+02, 2.74908508e+02, 5.07981323e+02, 2.85625092e+02,
    5.29726074e+02, 2.96284332e+02, 5.50949402e+02, 3.06635834e+02,
    5.72298157e+02, 3.16913788e+02, 5.93177856e+02, 3.27124237e+02,
    6.13747192e+02, 3.37056824e+02, 6.34096069e+02, 3.46960022e+02,
    6.54029480e+02, 3.56599670e+02, 4.76502472e+02, 2.94976105e+02,
    4.98515289e+02, 3.05563721e+02, 5.20400452e+02, 3.15894348e+02,
    5.41770081e+02, 3.26289551e+02, 5.63097595e+02, 3.36393921e+02,
    5.84017578e+02, 3.46407776e+02, 6.04598450e+02, 3.56259064e+02,
    6.25217102e+02, 3.65943390e+02, 6.45141235e+02, 3.75472809e+02,
    4.67217743e+02, 3.14797607e+02, 4.89359406e+02, 3.25336945e+02,
    5.11081024e+02, 3.35533020e+02, 5.32617126e+02, 3.45665436e+02,
    5.53976074e+02, 3.55653992e+02, 5.74855957e+02, 3.65425140e+02,
    5.95563171e+02, 3.75216278e+02, 6.16060364e+02, 3.84685364e+02,
    6.36219482e+02, 3.94275177e+02, 4.57647583e+02, 3.34715210e+02,
    4.79847443e+02, 3.45063904e+02, 5.01757141e+02, 3.55123596e+02,
    5.23442566e+02, 3.65192139e+02, 5.44809326e+02, 3.74831085e+02,
    5.65774841e+02, 3.84716339e+02, 5.86580139e+02, 3.94363556e+02,
    6.07105957e+02, 4.03801086e+02, 6.27224731e+02, 4.12974304e+02,
    4.48328278e+02, 3.54664825e+02, 4.70516571e+02, 3.64688812e+02,
    4.92600128e+02, 3.74704407e+02, 5.14163879e+02, 3.84520996e+02,
    5.35658691e+02, 3.94368073e+02, 5.56605103e+02, 4.03922668e+02,
    5.77455994e+02, 4.13421265e+02, 5.98034302e+02, 4.22554504e+02,
    6.18329651e+02, 4.31762115e+02, 4.38950989e+02, 3.74468689e+02,
    4.61205566e+02, 3.84541290e+02, 4.83342529e+02, 3.94359009e+02,
    5.04860565e+02, 4.04192719e+02, 5.26415100e+02, 4.13612122e+02,
    5.47434631e+02, 4.23197449e+02, 5.68330078e+02, 4.32429657e+02,
    5.88977966e+02, 4.41644318e+02, 6.09405579e+02, 4.50631378e+02,
    4.29597900e+02, 3.94539185e+02, 4.51657166e+02, 4.04397461e+02,
    4.73843750e+02, 4.13919830e+02, 4.95601013e+02, 4.23563690e+02,
    5.17321777e+02, 4.33011627e+02, 5.38468506e+02, 4.42374481e+02,
    5.59290100e+02, 4.51629089e+02, 5.79959595e+02, 4.60531067e+02,
    6.00293396e+02, 4.69430267e+02, 4.20054688e+02, 4.14295410e+02,
    4.42276398e+02, 4.24160034e+02, 4.64638947e+02, 4.33468323e+02,
    4.86524323e+02, 4.43015839e+02, 5.08030640e+02, 4.52248627e+02,
    5.29312378e+02, 4.61554657e+02, 5.50245911e+02, 4.70548859e+02,
    5.71044006e+02, 4.79437073e+02, 5.91363464e+02, 4.88269348e+02,
    4.10714264e+02, 4.34229492e+02, 4.32985931e+02, 4.43666870e+02,
    4.55340393e+02, 4.53150238e+02, 4.77033264e+02, 4.62492188e+02,
    4.98832611e+02, 4.71578278e+02, 5.20103516e+02, 4.80568817e+02,
    5.41161072e+02, 4.89564301e+02, 5.61947205e+02, 4.98396362e+02,
    5.82471436e+02, 5.06954620e+02, 4.01215363e+02, 4.53833466e+02,
    4.23699371e+02, 4.63434967e+02, 4.45986115e+02, 4.72646515e+02,
    4.68013153e+02, 4.81729218e+02, 4.89654419e+02, 4.90732910e+02,
    5.10988037e+02, 4.99701599e+02, 5.32110596e+02, 5.08484375e+02,
    5.52835449e+02, 5.17262878e+02, 5.73505615e+02, 5.25672241e+02,
    3.92143524e+02, 4.73756195e+02, 4.14594635e+02, 4.82995300e+02,
    4.36673431e+02, 4.92267731e+02, 4.58916473e+02, 5.01005463e+02,
    4.80454651e+02, 5.10084656e+02, 5.01919678e+02, 5.18714600e+02,
    5.23195190e+02, 5.27452087e+02, 5.43915833e+02, 5.35983276e+02,
    5.64583801e+02, 5.44218506e+02 ]
