%YAML:1.0
points: [ 1.46216385e+02, 1.39161453e+02, 1.47728622e+02, 1.47647247e+02,
    1.48867035e+02, 1.55888000e+02, 1.50372910e+02, 1.64318192e+02,
    1.51419144e+02, 1.72613297e+02, 1.52563416e+02, 1.80970779e+02,
    1.54061707e+02, 1.89283813e+02, 1.55102737e+02, 1.97771057e+02,
    1.56228790e+02, 2.05858353e+02, 1.41368134e+02, 1.37857788e+02,
    1.42562561e+02, 1.46338028e+02, 1.43859924e+02, 1.54894730e+02,
    1.45268860e+02, 1.63396545e+02, 1.46297012e+02, 1.72125717e+02,
    1.47486740e+02, 1.80588638e+02, 1.48811325e+02, 1.89143417e+02,
    1.50504074e+02, 1.97723831e+02, 1.56228775e+02, 2.05858353e+02,
    1.35929703e+02, 1.36503479e+02, 1.37600693e+02, 1.45470520e+02,
    1.38612045e+02, 1.53941360e+02, 1.40048492e+02, 1.62712265e+02,
    1.41221039e+02, 1.71620056e+02, 1.47486725e+02, 1.80588638e+02,
    1.48811310e+02, 1.89143417e+02, 1.50504059e+02, 1.97723816e+02,
    1.51744171e+02, 2.06156387e+02, 1.35929703e+02, 1.36503479e+02,
    1.37600693e+02, 1.45470520e+02, 1.38612030e+02, 1.53941360e+02,
    1.40048477e+02, 1.62712265e+02, 1.41221024e+02, 1.71620056e+02,
    1.43021835e+02, 1.80301498e+02, 1.37673386e+02, 1.88751602e+02,
    1.45739212e+02, 1.97662170e+02, 1.46214020e+02, 2.06444870e+02,
    1.30424210e+02, 1.35481506e+02, 1.31456253e+02, 1.44115250e+02,
    1.33523651e+02, 1.52992691e+02, 1.34423889e+02, 1.61938004e+02,
    1.35222076e+02, 1.70936890e+02, 1.36377563e+02, 1.79844040e+02,
    1.32121017e+02, 1.88795273e+02, 1.40000656e+02, 1.97763367e+02,
    1.40311707e+02, 2.06602142e+02, 1.24202133e+02, 1.33708130e+02,
    1.25441307e+02, 1.42848541e+02, 1.27476646e+02, 1.51862457e+02,
    1.28295731e+02, 1.61112717e+02, 1.22970787e+02, 1.69711075e+02,
    1.30842712e+02, 1.79512955e+02, 1.25764694e+02, 1.88489685e+02,
    1.33872314e+02, 1.97754837e+02, 1.34714371e+02, 2.06832275e+02,
    1.17681999e+02, 1.32360641e+02, 1.13021309e+02, 1.40332169e+02,
    1.21626869e+02, 1.50867691e+02, 1.22430733e+02, 1.60346024e+02,
    1.22970772e+02, 1.69711075e+02, 1.24490120e+02, 1.79184402e+02,
    1.25764679e+02, 1.88489685e+02, 1.27762169e+02, 1.97754608e+02,
    1.21667473e+02, 2.07652969e+02, 1.04212418e+02, 1.29053757e+02,
    1.13021286e+02, 1.40332169e+02, 1.14334389e+02, 1.49666428e+02,
    1.15709183e+02, 1.59283142e+02, 1.13134926e+02, 1.68710159e+02,
    1.18927605e+02, 1.78806976e+02, 1.19102150e+02, 1.88224686e+02,
    1.21037598e+02, 1.97768631e+02, 1.19447639e+02, 2.07697540e+02,
    1.04212410e+02, 1.29053757e+02, 1.02370247e+02, 1.38018265e+02,
    1.03781403e+02, 1.48015762e+02, 1.04959213e+02, 1.57958145e+02,
    1.06162926e+02, 1.67972107e+02, 1.10501518e+02, 1.78052094e+02,
    1.08911552e+02, 1.87815887e+02, 1.10412354e+02, 1.97788071e+02,
    1.12105934e+02, 2.07787170e+02, 9.30810623e+01, 1.26356033e+02,
    9.44982910e+01, 1.36496887e+02, 9.59682236e+01, 1.46716156e+02,
    9.75097351e+01, 1.56955215e+02, 9.87913666e+01, 1.67077927e+02,
    1.00604927e+02, 1.77337021e+02, 1.01581192e+02, 1.87688065e+02,
    1.03285095e+02, 1.97749573e+02, 1.04584534e+02, 2.07981476e+02,
    8.51124802e+01, 1.24471817e+02, 8.67367249e+01, 1.35016083e+02,
    8.80743256e+01, 1.45365448e+02, 8.94527817e+01, 1.55847198e+02,
    9.09130020e+01, 1.66443512e+02, 9.28160629e+01, 1.76776520e+02,
    9.37646713e+01, 1.87511780e+02, 9.53237686e+01, 1.97793503e+02,
    9.70684967e+01, 2.08536087e+02 ]
