%YAML:1.0
points: [ 1.90325912e+02, 2.34854645e+02, 1.90325912e+02, 2.34854645e+02,
    1.89077087e+02, 2.40399719e+02, 1.87346420e+02, 2.45162979e+02,
    1.86247910e+02, 2.49944427e+02, 1.85310471e+02, 2.54797821e+02,
    1.84010773e+02, 2.59617493e+02, 1.81540619e+02, 2.68748596e+02,
    1.81540619e+02, 2.68748627e+02, 1.84613754e+02, 2.35225113e+02,
    1.90325882e+02, 2.34854630e+02, 1.89077072e+02, 2.40399719e+02,
    1.87346390e+02, 2.45162979e+02, 1.80654648e+02, 2.50080597e+02,
    1.85310455e+02, 2.54797806e+02, 1.76842056e+02, 2.59627380e+02,
    1.76090973e+02, 2.64479645e+02, 1.75335770e+02, 2.68626617e+02,
    1.84613739e+02, 2.35225128e+02, 1.84613739e+02, 2.35225128e+02,
    1.83149872e+02, 2.40216858e+02, 1.81833725e+02, 2.45369080e+02,
    1.73269669e+02, 2.55369827e+02, 1.78095200e+02, 2.56890076e+02,
    1.72146027e+02, 2.59807220e+02, 1.76090927e+02, 2.64479584e+02,
    1.69529587e+02, 2.69417999e+02, 1.71759888e+02, 2.35656326e+02,
    1.76575424e+02, 2.40071701e+02, 1.76575424e+02, 2.40071701e+02,
    1.75570190e+02, 2.45197342e+02, 1.73269638e+02, 2.55369812e+02,
    1.72615555e+02, 2.57948547e+02, 1.71001419e+02, 2.64614563e+02,
    1.69529648e+02, 2.69417877e+02, 1.69529587e+02, 2.69417999e+02,
    1.71759857e+02, 2.35656326e+02, 1.71016144e+02, 2.39942551e+02,
    1.71016144e+02, 2.39942551e+02, 1.69562057e+02, 2.45127335e+02,
    1.66479126e+02, 2.55185364e+02, 1.60612106e+02, 2.55131943e+02,
    1.65821777e+02, 2.59628845e+02, 1.56387894e+02, 2.69557800e+02,
    1.56387894e+02, 2.69557800e+02, 1.58070282e+02, 2.33860077e+02,
    1.63451767e+02, 2.40620911e+02, 1.62479706e+02, 2.44945908e+02,
    1.62479706e+02, 2.44945908e+02, 1.60612137e+02, 2.55131927e+02,
    1.60612106e+02, 2.55131943e+02, 1.58708725e+02, 2.59919403e+02,
    1.56387878e+02, 2.69557770e+02, 1.56387878e+02, 2.69557770e+02,
    1.58070282e+02, 2.33860077e+02, 1.57549118e+02, 2.40680298e+02,
    1.56343018e+02, 2.44984894e+02, 1.56343018e+02, 2.44984894e+02,
    1.53823044e+02, 2.55471924e+02, 1.53061172e+02, 2.60125946e+02,
    1.53061172e+02, 2.60125946e+02, 1.51075272e+02, 2.69520355e+02,
    1.43890778e+02, 2.69196320e+02, 1.48087082e+02, 2.33650620e+02,
    1.48087112e+02, 2.33650650e+02, 1.49296356e+02, 2.45083954e+02,
    1.49296356e+02, 2.45083954e+02, 1.47062317e+02, 2.55341675e+02,
    1.47062317e+02, 2.55341675e+02, 1.44618851e+02, 2.65748566e+02,
    1.44618851e+02, 2.65748566e+02, 1.43890732e+02, 2.69196381e+02,
    1.41396622e+02, 2.33446060e+02, 1.41396622e+02, 2.33446060e+02,
    1.39425644e+02, 2.44641418e+02, 1.41680878e+02, 2.50655518e+02,
    1.41680878e+02, 2.50655518e+02, 1.37346436e+02, 2.54917694e+02,
    1.38527557e+02, 2.66135498e+02, 1.37668457e+02, 2.69732391e+02,
    1.31195694e+02, 2.69981873e+02, 1.34129288e+02, 2.33987122e+02,
    1.34129288e+02, 2.33987152e+02, 1.31999985e+02, 2.44712585e+02,
    1.34902420e+02, 2.51022690e+02, 1.34902420e+02, 2.51022690e+02,
    1.33858856e+02, 2.54895096e+02, 1.32265076e+02, 2.65623566e+02,
    1.31195679e+02, 2.69981903e+02, 1.31195679e+02, 2.69981903e+02,
    1.27006775e+02, 2.34238266e+02, 1.27006767e+02, 2.34238281e+02,
    1.25758087e+02, 2.39201035e+02, 1.24024879e+02, 2.50902191e+02,
    1.24024887e+02, 2.50902206e+02, 1.22415565e+02, 2.60501221e+02,
    1.21406731e+02, 2.65750488e+02, 1.21406731e+02, 2.65750488e+02,
    1.20837921e+02, 2.70099487e+02 ]
