%YAML:1.0
points: [ 1.00456885e+03, 1.00232434e+03, 9.86531738e+02, 1.00336011e+03,
    9.68540833e+02, 1.00431940e+03, 9.50166626e+02, 1.00538287e+03,
    9.32037354e+02, 1.00640485e+03, 9.13613281e+02, 1.00713983e+03,
    8.95457825e+02, 1.00839117e+03, 8.76976929e+02, 1.00918872e+03,
    8.58587708e+02, 1.01037091e+03, 1.00397705e+03, 9.83060913e+02,
    9.86038025e+02, 9.84239624e+02, 9.67911804e+02, 9.85077209e+02,
    9.49630127e+02, 9.86091797e+02, 9.31622375e+02, 9.86941223e+02,
    9.13277710e+02, 9.87696716e+02, 8.95118164e+02, 9.88895874e+02,
    8.76592529e+02, 9.89928162e+02, 8.58373596e+02, 9.90934021e+02,
    1.00328180e+03, 9.64097656e+02, 9.85434692e+02, 9.65002991e+02,
    9.67395874e+02, 9.65812073e+02, 9.49245667e+02, 9.66784973e+02,
    9.31176331e+02, 9.67437561e+02, 9.12845886e+02, 9.68724243e+02,
    8.94675293e+02, 9.69448669e+02, 8.76397095e+02, 9.70595947e+02,
    8.58241028e+02, 9.71334534e+02, 1.00263666e+03, 9.44916931e+02,
    9.84816467e+02, 9.45579224e+02, 9.66815918e+02, 9.46737671e+02,
    9.48746338e+02, 9.47588806e+02, 9.30671875e+02, 9.48329773e+02,
    9.12488586e+02, 9.49319214e+02, 8.94345520e+02, 9.50059753e+02,
    8.76137573e+02, 9.51280090e+02, 8.57922180e+02, 9.51940125e+02,
    1.00194373e+03, 9.25629517e+02, 9.84259766e+02, 9.26794556e+02,
    9.66262146e+02, 9.27758484e+02, 9.48377075e+02, 9.28493042e+02,
    9.30186035e+02, 9.29165222e+02, 9.12201294e+02, 9.30122253e+02,
    8.94043335e+02, 9.30818726e+02, 8.75878906e+02, 9.32131531e+02,
    8.57727905e+02, 9.32740601e+02, 1.00134302e+03, 9.06921204e+02,
    9.83582275e+02, 9.07705933e+02, 9.65734192e+02, 9.08702271e+02,
    9.47823853e+02, 9.09369141e+02, 9.29724426e+02, 9.09981689e+02,
    9.11755188e+02, 9.11082153e+02, 8.93716431e+02, 9.11810120e+02,
    8.75553101e+02, 9.12809509e+02, 8.57477295e+02, 9.13480774e+02,
    1.00070325e+03, 8.87984802e+02, 9.82847900e+02, 8.88820374e+02,
    9.65248657e+02, 8.89850220e+02, 9.47385559e+02, 8.90583313e+02,
    9.29295105e+02, 8.91212219e+02, 9.11398682e+02, 8.92059570e+02,
    8.93346252e+02, 8.92794678e+02, 8.75346436e+02, 8.93679871e+02,
    8.57261536e+02, 8.94549011e+02, 1.00011786e+03, 8.69391846e+02,
    9.82397461e+02, 8.70329102e+02, 9.64685303e+02, 8.71074036e+02,
    9.46837402e+02, 8.71737915e+02, 9.28837463e+02, 8.72310303e+02,
    9.11081726e+02, 8.73319763e+02, 8.93012146e+02, 8.74090454e+02,
    8.75095703e+02, 8.74978394e+02, 8.56971497e+02, 8.75715027e+02,
    9.99467834e+02, 8.50680115e+02, 9.81771362e+02, 8.51485901e+02,
    9.64196472e+02, 8.52354675e+02, 9.46358032e+02, 8.53137146e+02,
    9.28458923e+02, 8.53779419e+02, 9.10764893e+02, 8.54638733e+02,
    8.92619202e+02, 8.55298279e+02, 8.74829346e+02, 8.55993652e+02,
    8.56743713e+02, 8.56810913e+02, 9.98839905e+02, 8.32500793e+02,
    9.81244995e+02, 8.33190063e+02, 9.63653992e+02, 8.33875732e+02,
    9.45743164e+02, 8.34579651e+02, 9.28092773e+02, 8.35180054e+02,
    9.10342102e+02, 8.36033997e+02, 8.92346619e+02, 8.36810608e+02,
    8.74541748e+02, 8.37609314e+02, 8.56556519e+02, 8.38329651e+02,
    9.98045776e+02, 8.13998840e+02, 9.80638855e+02, 8.14617432e+02,
    9.63129517e+02, 8.15433960e+02, 9.45341980e+02, 8.16207886e+02,
    9.27625183e+02, 8.16796509e+02, 9.09975342e+02, 8.17655090e+02,
    8.92074280e+02, 8.18142639e+02, 8.74302795e+02, 8.18940735e+02,
    8.56345825e+02, 8.19651062e+02 ]
