%YAML:1.0
points: [ 1.41628571e+02, 1.54309982e+02, 1.42144150e+02, 1.64183426e+02,
    1.43007462e+02, 1.73749313e+02, 1.43851974e+02, 1.83613525e+02,
    1.44619736e+02, 1.93169250e+02, 1.45570663e+02, 2.02978943e+02,
    1.45923172e+02, 2.12754501e+02, 1.46951645e+02, 2.22601120e+02,
    1.47782974e+02, 2.32237946e+02, 1.34424149e+02, 1.55749176e+02,
    1.31513489e+02, 1.65849380e+02, 1.35908279e+02, 1.75075668e+02,
    1.36533325e+02, 1.84484482e+02, 1.34230499e+02, 1.94763214e+02,
    1.38522141e+02, 2.03811737e+02, 1.39014252e+02, 2.13685303e+02,
    1.39824509e+02, 2.23080780e+02, 1.40512115e+02, 2.32766785e+02,
    1.25203819e+02, 1.57708725e+02, 1.25728981e+02, 1.67256607e+02,
    1.25947464e+02, 1.76686295e+02, 1.26780937e+02, 1.86130646e+02,
    1.27406624e+02, 1.95678162e+02, 1.28931992e+02, 2.05126297e+02,
    1.35775894e+02, 2.13870483e+02, 1.29738480e+02, 2.23895142e+02,
    1.30391403e+02, 2.33381546e+02, 1.18502525e+02, 1.59284790e+02,
    1.18784790e+02, 1.68559647e+02, 1.19818893e+02, 1.77763077e+02,
    1.20476418e+02, 1.87150848e+02, 1.27406616e+02, 1.95678162e+02,
    1.28931931e+02, 2.05126297e+02, 1.30116974e+02, 2.14463303e+02,
    1.23113678e+02, 2.24508102e+02, 1.24805855e+02, 2.33811783e+02,
    1.18502502e+02, 1.59284790e+02, 1.18784782e+02, 1.68559647e+02,
    1.19818878e+02, 1.77763092e+02, 1.14163155e+02, 1.88187424e+02,
    1.21916893e+02, 1.96472961e+02, 1.22877533e+02, 2.05725601e+02,
    1.16694084e+02, 2.15730362e+02, 1.17359467e+02, 2.24938553e+02,
    1.24805847e+02, 2.33811783e+02, 1.12712112e+02, 1.60534988e+02,
    1.07292931e+02, 1.70846725e+02, 1.07302338e+02, 1.79981827e+02,
    1.08636223e+02, 1.89134918e+02, 1.15484566e+02, 1.97359955e+02,
    1.15975914e+02, 2.06546234e+02, 1.16694077e+02, 2.15730362e+02,
    1.10863411e+02, 2.25522095e+02, 1.12253349e+02, 2.34480713e+02,
    1.06602180e+02, 1.61913300e+02, 1.01485176e+02, 1.72121017e+02,
    1.01412094e+02, 1.81125916e+02, 1.02521118e+02, 1.90086288e+02,
    1.09924110e+02, 1.98080826e+02, 1.10565979e+02, 2.07200699e+02,
    1.05400925e+02, 2.16866043e+02, 1.10863403e+02, 2.25522095e+02,
    1.12253342e+02, 2.34480713e+02, 9.53833847e+01, 1.64574448e+02,
    1.01485168e+02, 1.72121017e+02, 9.63854752e+01, 1.82069702e+02,
    9.66427002e+01, 1.90973389e+02, 9.85875397e+01, 1.99677872e+02,
    1.04677155e+02, 2.07941650e+02, 1.05400917e+02, 2.16866043e+02,
    1.00415115e+02, 2.26270172e+02, 1.06863899e+02, 2.34774368e+02,
    9.53833771e+01, 1.64574448e+02, 9.03277893e+01, 1.74437881e+02,
    9.63854675e+01, 1.82069702e+02, 9.20010834e+01, 1.91759598e+02,
    9.85875320e+01, 1.99677872e+02, 9.86302643e+01, 2.08501297e+02,
    9.95844345e+01, 2.17668243e+02, 9.41648941e+01, 2.26731506e+02,
    9.49866257e+01, 2.35513596e+02, 8.43403473e+01, 1.66885666e+02,
    9.03277893e+01, 1.74437881e+02, 9.10466003e+01, 1.82937378e+02,
    9.20010834e+01, 1.91759598e+02, 9.22948151e+01, 2.00517532e+02,
    8.74685974e+01, 2.09765839e+02, 9.42522736e+01, 2.17839569e+02,
    9.41648865e+01, 2.26731506e+02, 9.49866180e+01, 2.35513596e+02,
    8.43403473e+01, 1.66885666e+02, 8.54778061e+01, 1.75298615e+02,
    8.59338150e+01, 1.84126846e+02, 8.66778946e+01, 1.92564423e+02,
    8.77607574e+01, 2.01286102e+02, 8.74685898e+01, 2.09765839e+02,
    8.89657974e+01, 2.18698502e+02, 9.00091476e+01, 2.26966309e+02,
    8.97789536e+01, 2.35857330e+02 ]
