%YAML:1.0
points: [ 2.49987000e+02, 1.05628632e+02, 2.47804276e+02, 1.14158890e+02,
    2.45429321e+02, 1.22830162e+02, 2.43236755e+02, 1.31316254e+02,
    2.40928726e+02, 1.39873215e+02, 2.38611069e+02, 1.48264862e+02,
    2.36527496e+02, 1.56736847e+02, 2.34218842e+02, 1.65003540e+02,
    2.31968002e+02, 1.73333771e+02, 2.41944656e+02, 1.02658760e+02,
    2.39705002e+02, 1.11437462e+02, 2.37355057e+02, 1.20115288e+02,
    2.35152283e+02, 1.28789307e+02, 2.32823822e+02, 1.37281250e+02,
    2.30543488e+02, 1.45873932e+02, 2.28378403e+02, 1.54280670e+02,
    2.26089996e+02, 1.62792053e+02, 2.23970581e+02, 1.71123795e+02,
    2.33659897e+02, 9.98715210e+01, 2.31402267e+02, 1.08628197e+02,
    2.29190399e+02, 1.17351463e+02, 2.26895447e+02, 1.26105675e+02,
    2.24509506e+02, 1.34783844e+02, 2.22364822e+02, 1.43315872e+02,
    2.20042740e+02, 1.51922241e+02, 2.17881531e+02, 1.60381973e+02,
    2.15627518e+02, 1.68827957e+02, 2.25244537e+02, 9.69111176e+01,
    2.22952469e+02, 1.05758163e+02, 2.20754425e+02, 1.14605934e+02,
    2.18452255e+02, 1.23366188e+02, 2.16105652e+02, 1.32171829e+02,
    2.13848419e+02, 1.40811584e+02, 2.11629562e+02, 1.49464737e+02,
    2.09513458e+02, 1.58022461e+02, 2.07294342e+02, 1.66444733e+02,
    2.16622086e+02, 9.40345154e+01, 2.14349319e+02, 1.02913681e+02,
    2.12176315e+02, 1.11797813e+02, 2.09905823e+02, 1.20672295e+02,
    2.07570312e+02, 1.29529358e+02, 2.05316620e+02, 1.38210785e+02,
    2.03143341e+02, 1.46998367e+02, 2.00942368e+02, 1.55583939e+02,
    1.98652115e+02, 1.64127258e+02, 2.07900925e+02, 9.09976730e+01,
    2.05669159e+02, 1.00037666e+02, 2.03454697e+02, 1.08902252e+02,
    2.01167999e+02, 1.17866402e+02, 1.98814346e+02, 1.26766815e+02,
    1.96620544e+02, 1.35612946e+02, 1.94330734e+02, 1.44342224e+02,
    1.92247086e+02, 1.53087311e+02, 1.89995819e+02, 1.61654877e+02,
    1.98993195e+02, 8.79611435e+01, 1.96784622e+02, 9.70159302e+01,
    1.94563141e+02, 1.06045807e+02, 1.92273300e+02, 1.14957787e+02,
    1.89984909e+02, 1.24053215e+02, 1.87764374e+02, 1.32993973e+02,
    1.85522614e+02, 1.41808823e+02, 1.83370651e+02, 1.50552689e+02,
    1.81194611e+02, 1.59307800e+02, 1.89974792e+02, 8.47938156e+01,
    1.87774002e+02, 9.39887924e+01, 1.85574661e+02, 1.03079689e+02,
    1.83276108e+02, 1.12170807e+02, 1.80969482e+02, 1.21175827e+02,
    1.78766327e+02, 1.30197739e+02, 1.76586151e+02, 1.39113663e+02,
    1.74375351e+02, 1.48034393e+02, 1.72247375e+02, 1.56783295e+02,
    1.80842972e+02, 8.16651230e+01, 1.78668945e+02, 9.08320770e+01,
    1.76356262e+02, 1.00063828e+02, 1.74181686e+02, 1.09180878e+02,
    1.71911224e+02, 1.18310326e+02, 1.69730927e+02, 1.27346481e+02,
    1.67399979e+02, 1.36533188e+02, 1.65192459e+02, 1.45331451e+02,
    1.62964523e+02, 1.54316818e+02, 1.71677765e+02, 7.84317093e+01,
    1.69361588e+02, 8.78073730e+01, 1.67140198e+02, 9.71081848e+01,
    1.64797607e+02, 1.06148430e+02, 1.62559158e+02, 1.15359825e+02,
    1.60349564e+02, 1.24544205e+02, 1.58153763e+02, 1.33798630e+02,
    1.55809601e+02, 1.42639679e+02, 1.53797562e+02, 1.51710785e+02,
    1.62222748e+02, 7.52750549e+01, 1.59931274e+02, 8.46171799e+01,
    1.57584641e+02, 9.41114502e+01, 1.55524765e+02, 1.03206802e+02,
    1.53173035e+02, 1.12528595e+02, 1.51040848e+02, 1.21755981e+02,
    1.48633316e+02, 1.30968781e+02, 1.46564301e+02, 1.39926270e+02,
    1.44217926e+02, 1.49045853e+02 ]
