%YAML:1.0
points: [ 2.56374756e+02, 2.45890560e+01, 2.56879364e+02, 3.31770859e+01,
    2.57504333e+02, 4.19848022e+01, 2.57968170e+02, 5.05449066e+01,
    2.58623718e+02, 5.93690910e+01, 2.59207275e+02, 6.82316742e+01,
    2.59685547e+02, 7.68169708e+01, 2.60268158e+02, 8.57775955e+01,
    2.60815491e+02, 9.45305328e+01, 2.47790741e+02, 2.61554546e+01,
    2.48304611e+02, 3.47163086e+01, 2.48980606e+02, 4.33490868e+01,
    2.49536163e+02, 5.20598679e+01, 2.50076202e+02, 6.07989159e+01,
    2.50672791e+02, 6.94897003e+01, 2.51283737e+02, 7.83190613e+01,
    2.51786728e+02, 8.71303101e+01, 2.52416916e+02, 9.58027420e+01,
    2.39459946e+02, 2.78347454e+01, 2.40035538e+02, 3.63112488e+01,
    2.40543564e+02, 4.48976021e+01, 2.41110291e+02, 5.34882812e+01,
    2.41798599e+02, 6.22989807e+01, 2.42431961e+02, 7.09937820e+01,
    2.42877258e+02, 7.97760773e+01, 2.43488907e+02, 8.83738022e+01,
    2.43974060e+02, 9.71164246e+01, 2.31419403e+02, 2.94670238e+01,
    2.31756042e+02, 3.79856453e+01, 2.32416000e+02, 4.63963013e+01,
    2.32798019e+02, 5.50681419e+01, 2.33686981e+02, 6.38148041e+01,
    2.34162170e+02, 7.25138016e+01, 2.34782059e+02, 8.11487961e+01,
    2.35154205e+02, 8.95912628e+01, 2.35789902e+02, 9.83255234e+01,
    2.23218994e+02, 3.13374214e+01, 2.23831665e+02, 3.95880013e+01,
    2.24090057e+02, 4.79740715e+01, 2.24788147e+02, 5.66036568e+01,
    2.25661423e+02, 6.53432617e+01, 2.25983276e+02, 7.38820877e+01,
    2.26775864e+02, 8.24541092e+01, 2.27005966e+02, 9.10307770e+01,
    2.27796326e+02, 9.96083908e+01, 2.15388977e+02, 3.28669586e+01,
    2.15674438e+02, 4.12768936e+01, 2.16113525e+02, 4.94284096e+01,
    2.16691772e+02, 5.81786804e+01, 2.17637161e+02, 6.67230225e+01,
    2.17989578e+02, 7.53117599e+01, 2.18737122e+02, 8.38690643e+01,
    2.18942627e+02, 9.22725906e+01, 2.19755615e+02, 1.00798180e+02,
    2.07317062e+02, 3.45721016e+01, 2.07881958e+02, 4.28160553e+01,
    2.08169159e+02, 5.10617027e+01, 2.08801071e+02, 5.95720558e+01,
    2.09694443e+02, 6.82022018e+01, 2.10218292e+02, 7.66554718e+01,
    2.10759460e+02, 8.51411057e+01, 2.11135300e+02, 9.34875107e+01,
    2.11759308e+02, 1.02142891e+02, 1.99725952e+02, 3.61517029e+01,
    1.99803467e+02, 4.43233757e+01, 2.00460083e+02, 5.25638847e+01,
    2.00906723e+02, 6.10848465e+01, 2.01809723e+02, 6.95907364e+01,
    2.02250275e+02, 7.79585571e+01, 2.02856094e+02, 8.63881073e+01,
    2.03539337e+02, 9.48240738e+01, 2.03950592e+02, 1.03191895e+02,
    1.91769196e+02, 3.78106003e+01, 1.92390869e+02, 4.58966217e+01,
    1.92714371e+02, 5.41297531e+01, 1.93452621e+02, 6.24858208e+01,
    1.93940842e+02, 7.09739304e+01, 1.94572388e+02, 7.92283096e+01,
    1.95145615e+02, 8.76836090e+01, 1.95739777e+02, 9.60553207e+01,
    1.96167755e+02, 1.04295792e+02, 1.84333496e+02, 3.92853012e+01,
    1.84711243e+02, 4.76152496e+01, 1.85344604e+02, 5.57077026e+01,
    1.85750885e+02, 6.40285873e+01, 1.86511047e+02, 7.22262802e+01,
    1.86729553e+02, 8.04756393e+01, 1.87631516e+02, 8.89188614e+01,
    1.87893646e+02, 9.71193924e+01, 1.88725372e+02, 1.05475533e+02,
    1.76701614e+02, 4.09344482e+01, 1.77351364e+02, 4.90147324e+01,
    1.77672638e+02, 5.72267418e+01, 1.78398941e+02, 6.53874969e+01,
    1.78817337e+02, 7.35996552e+01, 1.79320740e+02, 8.18153076e+01,
    1.79976807e+02, 9.01254425e+01, 1.80640259e+02, 9.83833542e+01,
    1.80909851e+02, 1.06575912e+02 ]
