%YAML:1.0
points: [ 1.62959671e+02, 1.89666702e+02, 1.62959763e+02, 1.89666672e+02,
    1.62860275e+02, 1.93604446e+02, 1.62622284e+02, 1.97407272e+02,
    1.61246292e+02, 2.01584198e+02, 1.61254974e+02, 2.05604996e+02,
    1.63258011e+02, 2.09742813e+02, 1.57816376e+02, 2.13512665e+02,
    1.57816376e+02, 2.13512665e+02, 1.59295746e+02, 1.89462006e+02,
    1.59295746e+02, 1.89462036e+02, 1.58905838e+02, 1.93356979e+02,
    1.58862244e+02, 1.97448120e+02, 1.58418015e+02, 2.01557510e+02,
    1.54639328e+02, 2.05571289e+02, 1.54700439e+02, 2.09640594e+02,
    1.57816376e+02, 2.13512665e+02, 1.57816376e+02, 2.13512665e+02,
    1.50344879e+02, 1.88738495e+02, 1.50344894e+02, 1.88738510e+02,
    1.50621811e+02, 1.92551376e+02, 1.54415024e+02, 1.97174881e+02,
    1.54494675e+02, 2.01503220e+02, 1.54639328e+02, 2.05571289e+02,
    1.54700439e+02, 2.09640610e+02, 1.54915039e+02, 2.13276016e+02,
    1.54915039e+02, 2.13276016e+02, 1.50315781e+02, 1.85999893e+02,
    1.50344894e+02, 1.88738510e+02, 1.50621811e+02, 1.92551376e+02,
    1.51252960e+02, 1.96904572e+02, 1.52144043e+02, 2.01387543e+02,
    1.54639297e+02, 2.05571274e+02, 1.54700424e+02, 2.09640610e+02,
    1.54915009e+02, 2.13276001e+02, 1.54915009e+02, 2.13276001e+02,
    1.50315781e+02, 1.85999893e+02, 1.50344879e+02, 1.88738495e+02,
    1.50621780e+02, 1.92551331e+02, 1.51252960e+02, 1.96904572e+02,
    1.52119827e+02, 2.01385239e+02, 1.46699280e+02, 2.05250275e+02,
    1.46875702e+02, 2.09685822e+02, 1.45910507e+02, 2.13721390e+02,
    1.45841949e+02, 2.17777435e+02, 1.42434006e+02, 1.84842911e+02,
    1.37075775e+02, 1.88461914e+02, 1.37458511e+02, 1.92300415e+02,
    1.37314835e+02, 1.96626175e+02, 1.37540680e+02, 2.00785767e+02,
    1.37748535e+02, 2.03851013e+02, 1.38216461e+02, 2.09160355e+02,
    1.39537857e+02, 2.13532837e+02, 1.39537857e+02, 2.13532837e+02,
    1.36827881e+02, 1.85957352e+02, 1.37075348e+02, 1.88461945e+02,
    1.37458511e+02, 1.92300430e+02, 1.37314850e+02, 1.96626221e+02,
    1.37540680e+02, 2.00785767e+02, 1.37748535e+02, 2.03851013e+02,
    1.38216415e+02, 2.09160324e+02, 1.39537827e+02, 2.13532852e+02,
    1.39537857e+02, 2.13532837e+02, 1.36827789e+02, 1.85957291e+02,
    1.37009506e+02, 1.88466354e+02, 1.37458496e+02, 1.92300430e+02,
    1.37314850e+02, 1.96626221e+02, 1.33672318e+02, 2.00841492e+02,
    1.33790665e+02, 2.03711777e+02, 1.33790375e+02, 2.03711761e+02,
    1.28144424e+02, 2.12952484e+02, 1.28144424e+02, 2.12952484e+02,
    1.25362617e+02, 1.88668182e+02, 1.25362617e+02, 1.88668182e+02,
    1.25800323e+02, 1.92617477e+02, 1.26366539e+02, 1.96857971e+02,
    1.26726936e+02, 2.00789551e+02, 1.26726936e+02, 2.00789551e+02,
    1.28726181e+02, 2.08898239e+02, 1.28144424e+02, 2.12952484e+02,
    1.28144424e+02, 2.12952484e+02, 1.24846222e+02, 1.85306458e+02,
    1.25362595e+02, 1.88668213e+02, 1.25800194e+02, 1.92617493e+02,
    1.26366539e+02, 1.96857971e+02, 1.26726929e+02, 2.00789566e+02,
    1.26726944e+02, 2.00789566e+02, 1.24648933e+02, 2.08862717e+02,
    1.24600006e+02, 2.12471619e+02, 1.24600006e+02, 2.12471619e+02,
    1.24846237e+02, 1.85306534e+02, 1.25362595e+02, 1.88668213e+02,
    1.20199997e+02, 1.92598633e+02, 1.19982391e+02, 1.96750000e+02,
    1.19839981e+02, 2.00804962e+02, 1.19908028e+02, 2.04755219e+02,
    1.19742767e+02, 2.08780380e+02, 1.21871025e+02, 2.12272690e+02,
    1.21870171e+02, 2.12279495e+02 ]
