%YAML:1.0
points: [ 4.48252747e+02, 5.76079178e+01, 4.49859680e+02, 6.79560547e+01,
    4.50875000e+02, 7.89308929e+01, 4.52154694e+02, 8.96878052e+01,
    4.53251709e+02, 1.00796898e+02, 4.54061920e+02, 1.11630966e+02,
    4.55527863e+02, 1.22639084e+02, 4.56237061e+02, 1.33391312e+02,
    4.57105438e+02, 1.44419693e+02, 4.39268188e+02, 5.73417511e+01,
    4.40471039e+02, 6.84139328e+01, 4.41613800e+02, 7.91788330e+01,
    4.42817444e+02, 9.02683945e+01, 4.43842041e+02, 1.01159950e+02,
    4.44736237e+02, 1.12322044e+02, 4.45975861e+02, 1.23213890e+02,
    4.46861420e+02, 1.34232315e+02, 4.47739868e+02, 1.45144150e+02,
    4.29562744e+02, 5.77779846e+01, 4.30847809e+02, 6.85375061e+01,
    4.32113251e+02, 7.97140350e+01, 4.33195251e+02, 9.06529007e+01,
    4.33927277e+02, 1.01891739e+02, 4.35128479e+02, 1.12783066e+02,
    4.35884277e+02, 1.24104919e+02, 4.37285980e+02, 1.34918610e+02,
    4.37841980e+02, 1.46117325e+02, 4.19689362e+02, 5.77964745e+01,
    4.20793762e+02, 6.91393738e+01, 4.22202393e+02, 7.99394684e+01,
    4.23261139e+02, 9.13300018e+01, 4.23898651e+02, 1.02632233e+02,
    4.24778442e+02, 1.13797348e+02, 4.25844635e+02, 1.24843102e+02,
    4.27257996e+02, 1.35890381e+02, 4.27776398e+02, 1.46909439e+02,
    4.09330292e+02, 5.85672760e+01, 4.10726135e+02, 6.95970230e+01,
    4.12133728e+02, 8.06843719e+01, 4.12977997e+02, 9.18954239e+01,
    4.13705933e+02, 1.03371674e+02, 4.14775604e+02, 1.14613937e+02,
    4.15669220e+02, 1.25748688e+02, 4.17096863e+02, 1.36807541e+02,
    4.17718658e+02, 1.47994781e+02, 3.99252441e+02, 5.88594589e+01,
    4.00381165e+02, 7.00915985e+01, 4.01900299e+02, 8.12152252e+01,
    4.02756165e+02, 9.26622009e+01, 4.03237579e+02, 1.03975021e+02,
    4.04338135e+02, 1.15471664e+02, 4.05203888e+02, 1.26622429e+02,
    4.06662170e+02, 1.37808548e+02, 4.07372589e+02, 1.48889587e+02,
    3.88630768e+02, 5.95158463e+01, 3.90007477e+02, 7.06756592e+01,
    3.91387695e+02, 8.18161316e+01, 3.92277710e+02, 9.33515625e+01,
    3.92781830e+02, 1.04955437e+02, 3.93841370e+02, 1.16225510e+02,
    3.94810059e+02, 1.27623718e+02, 3.96134735e+02, 1.38751907e+02,
    3.96806274e+02, 1.50152527e+02, 3.78181335e+02, 5.97872200e+01,
    3.79431366e+02, 7.12488403e+01, 3.80742310e+02, 8.26621857e+01,
    3.81695374e+02, 9.41391144e+01, 3.82292847e+02, 1.05723999e+02,
    3.83490417e+02, 1.17064613e+02, 3.84362213e+02, 1.28552429e+02,
    3.85452972e+02, 1.39899796e+02, 3.86404907e+02, 1.51062225e+02,
    3.67395538e+02, 6.06432762e+01, 3.68766846e+02, 7.17908783e+01,
    3.69795715e+02, 8.34324112e+01, 3.70863098e+02, 9.48625412e+01,
    3.71706207e+02, 1.06613068e+02, 3.72856110e+02, 1.17903877e+02,
    3.73687958e+02, 1.29630600e+02, 3.74662689e+02, 1.40911316e+02,
    3.75762207e+02, 1.52194595e+02, 3.56785797e+02, 6.10640411e+01,
    3.57761566e+02, 7.26473312e+01, 3.58903961e+02, 8.41953506e+01,
    3.59889313e+02, 9.57785034e+01, 3.60923615e+02, 1.07458824e+02,
    3.62142365e+02, 1.18892387e+02, 3.62845551e+02, 1.30616730e+02,
    3.64034821e+02, 1.41863220e+02, 3.64904633e+02, 1.53308884e+02,
    3.45694794e+02, 6.17712212e+01, 3.46932220e+02, 7.33714676e+01,
    3.47852051e+02, 8.50707092e+01, 3.48905243e+02, 9.66889648e+01,
    3.50003876e+02, 1.08355438e+02, 3.51262146e+02, 1.19838432e+02,
    3.51974152e+02, 1.31509033e+02, 3.53107513e+02, 1.42861435e+02,
    3.54228210e+02, 1.54466675e+02 ]
