%YAML:1.0
points: [ 5.77464844e+02, 3.44458496e+02, 5.91218323e+02, 3.45250580e+02,
    6.05826721e+02, 3.37727753e+02, 6.19775574e+02, 3.39228607e+02,
    6.33341309e+02, 3.40074127e+02, 6.47153198e+02, 3.50301636e+02,
    6.60837830e+02, 3.51327148e+02, 6.74099426e+02, 3.52316833e+02,
    6.87716980e+02, 3.54123291e+02, 5.77464844e+02, 3.44458527e+02,
    5.91218323e+02, 3.45250641e+02, 6.05711792e+02, 3.46528412e+02,
    6.19404907e+02, 3.60433136e+02, 6.33609070e+02, 3.49477081e+02,
    6.47153198e+02, 3.50301697e+02, 6.60837769e+02, 3.51327209e+02,
    6.74099426e+02, 3.52316864e+02, 6.87108093e+02, 3.66089111e+02,
    5.76525208e+02, 3.56540283e+02, 5.90793030e+02, 3.64344543e+02,
    6.05156982e+02, 3.59144104e+02, 6.19404907e+02, 3.60433167e+02,
    6.33081360e+02, 3.61671875e+02, 6.46956665e+02, 3.62694519e+02,
    6.60539185e+02, 3.76411804e+02, 6.74437134e+02, 3.64759888e+02,
    6.87108093e+02, 3.66089172e+02, 5.76178162e+02, 3.75752472e+02,
    5.90336975e+02, 3.83714508e+02, 6.04935425e+02, 3.71252838e+02,
    6.18507996e+02, 3.72201202e+02, 6.32363281e+02, 3.86896057e+02,
    6.46280090e+02, 3.87153503e+02, 6.59613098e+02, 3.88602905e+02,
    6.73555298e+02, 3.76555450e+02, 6.86522888e+02, 3.91022278e+02,
    5.75684509e+02, 3.82360138e+02, 5.90051270e+02, 3.89690674e+02,
    6.04132019e+02, 3.96859039e+02, 6.18296936e+02, 3.91574860e+02,
    6.32363281e+02, 3.86896149e+02, 6.46280151e+02, 3.87153595e+02,
    6.59831299e+02, 4.01550415e+02, 6.73664490e+02, 3.89430481e+02,
    6.86787537e+02, 4.03281677e+02, 5.75194702e+02, 4.01864990e+02,
    5.89480652e+02, 4.09642334e+02, 6.03611633e+02, 4.03354034e+02,
    6.17703979e+02, 3.98330933e+02, 6.31801270e+02, 4.05793365e+02,
    6.45584045e+02, 4.12903290e+02, 6.59380005e+02, 4.07914734e+02,
    6.73175110e+02, 4.02207184e+02, 6.86787537e+02, 4.03281708e+02,
    5.74792786e+02, 4.08253632e+02, 5.89078430e+02, 4.15645081e+02,
    6.03252136e+02, 4.16648743e+02, 6.17432068e+02, 4.17480164e+02,
    6.31511414e+02, 4.25116821e+02, 6.45245483e+02, 4.19449738e+02,
    6.58916260e+02, 4.14203735e+02, 6.72634216e+02, 4.21215759e+02,
    6.86579163e+02, 4.28155457e+02, 5.74178223e+02, 4.28160126e+02,
    5.88460938e+02, 4.28575531e+02, 6.02742493e+02, 4.29482635e+02,
    6.17039795e+02, 4.24227905e+02, 6.30992004e+02, 4.31479431e+02,
    6.44747864e+02, 4.25890961e+02, 6.58593994e+02, 4.36095032e+02,
    6.72484253e+02, 4.27129852e+02, 6.86579163e+02, 4.28155487e+02,
    5.73546631e+02, 4.41171906e+02, 5.87986694e+02, 4.41774017e+02,
    6.02373047e+02, 4.42764557e+02, 6.16560486e+02, 4.43480164e+02,
    6.30555969e+02, 4.50655518e+02, 6.44509521e+02, 4.45032318e+02,
    6.58413757e+02, 4.52752625e+02, 6.72020081e+02, 4.46630157e+02,
    6.85338623e+02, 4.41034912e+02, 5.73105591e+02, 4.54326904e+02,
    5.87510742e+02, 4.54931549e+02, 6.01856873e+02, 4.55585785e+02,
    6.16163818e+02, 4.50286407e+02, 6.30216187e+02, 4.57243805e+02,
    6.44168213e+02, 4.50861145e+02, 6.58111938e+02, 4.58747009e+02,
    6.71478638e+02, 4.53412201e+02, 6.85432251e+02, 4.60295532e+02,
    5.72509460e+02, 4.67553345e+02, 5.86977173e+02, 4.68204559e+02,
    6.01513367e+02, 4.68872711e+02, 6.15621399e+02, 4.69689270e+02,
    6.29800598e+02, 4.72432434e+02, 6.43775085e+02, 4.70782806e+02,
    6.57787537e+02, 4.73700012e+02, 6.71416016e+02, 4.72271362e+02,
    6.85211365e+02, 4.66655670e+02 ]
