%YAML:1.0
points: [ 7.10740280e+01, 1.11233368e+02, 8.06588593e+01, 1.10987503e+02,
    9.04312897e+01, 1.11012413e+02, 9.97880554e+01, 1.10946060e+02,
    1.09495995e+02, 1.11111229e+02, 1.18737968e+02, 1.11227821e+02,
    1.27933769e+02, 1.11089767e+02, 1.37090210e+02, 1.11395027e+02,
    1.46106796e+02, 1.11591225e+02, 7.14886017e+01, 1.19700386e+02,
    8.11029816e+01, 1.19700668e+02, 9.08439560e+01, 1.19647110e+02,
    1.00474907e+02, 1.19634041e+02, 1.09842865e+02, 1.19704613e+02,
    1.19389069e+02, 1.19746994e+02, 1.28674652e+02, 1.19680252e+02,
    1.37769699e+02, 1.19711754e+02, 1.46780151e+02, 1.19798317e+02,
    7.18004379e+01, 1.28607681e+02, 8.16308517e+01, 1.28514923e+02,
    9.13240280e+01, 1.28233597e+02, 1.00919899e+02, 1.28083939e+02,
    1.10603241e+02, 1.28212769e+02, 1.19865166e+02, 1.28076126e+02,
    1.29260483e+02, 1.28116440e+02, 1.38498123e+02, 1.27962120e+02,
    1.47537888e+02, 1.28110626e+02, 7.22315521e+01, 1.37479050e+02,
    8.21006622e+01, 1.37238205e+02, 9.17757416e+01, 1.36827026e+02,
    1.01650696e+02, 1.36832520e+02, 1.11093903e+02, 1.36875244e+02,
    1.20644997e+02, 1.36753464e+02, 1.29885757e+02, 1.36736130e+02,
    1.39108948e+02, 1.36626495e+02, 1.48129257e+02, 1.36670883e+02,
    7.27733612e+01, 1.46419998e+02, 8.27050705e+01, 1.46071472e+02,
    9.24222107e+01, 1.45733536e+02, 1.02109291e+02, 1.45672989e+02,
    1.11736443e+02, 1.45741089e+02, 1.21207649e+02, 1.45602127e+02,
    1.30689468e+02, 1.45460739e+02, 1.39783661e+02, 1.45011871e+02,
    1.48858063e+02, 1.44943344e+02, 7.33096695e+01, 1.55333069e+02,
    8.31488266e+01, 1.55023453e+02, 9.28556061e+01, 1.54735046e+02,
    1.02700684e+02, 1.54608154e+02, 1.12484489e+02, 1.54495316e+02,
    1.21853836e+02, 1.54177307e+02, 1.31264511e+02, 1.53881424e+02,
    1.40548233e+02, 1.53654922e+02, 1.49616653e+02, 1.53719635e+02,
    7.38141861e+01, 1.64599594e+02, 8.37379074e+01, 1.63920532e+02,
    9.36014862e+01, 1.63691116e+02, 1.03418404e+02, 1.63396881e+02,
    1.12914986e+02, 1.63179733e+02, 1.22636925e+02, 1.62854935e+02,
    1.31908386e+02, 1.62740463e+02, 1.41192459e+02, 1.62310074e+02,
    1.50301620e+02, 1.62057724e+02, 7.43947906e+01, 1.73594345e+02,
    8.42602997e+01, 1.72946350e+02, 9.39933014e+01, 1.72632645e+02,
    1.03912018e+02, 1.72358673e+02, 1.13688919e+02, 1.71944031e+02,
    1.23168404e+02, 1.71694794e+02, 1.32635300e+02, 1.71393967e+02,
    1.41826492e+02, 1.70865982e+02, 1.50965256e+02, 1.70686005e+02,
    7.48225174e+01, 1.82722443e+02, 8.47281113e+01, 1.82025223e+02,
    9.47279282e+01, 1.81684860e+02, 1.04626099e+02, 1.81186417e+02,
    1.14259933e+02, 1.80809067e+02, 1.23755325e+02, 1.80432236e+02,
    1.33291321e+02, 1.79909546e+02, 1.42628189e+02, 1.79736801e+02,
    1.51705994e+02, 1.79228104e+02, 7.53897400e+01, 1.91748169e+02,
    8.54366150e+01, 1.91155182e+02, 9.53471680e+01, 1.90744995e+02,
    1.05109955e+02, 1.90137726e+02, 1.14807854e+02, 1.89694626e+02,
    1.24523605e+02, 1.89148972e+02, 1.33908112e+02, 1.88779236e+02,
    1.43223145e+02, 1.88285172e+02, 1.52474091e+02, 1.87816101e+02,
    7.58064575e+01, 2.00945053e+02, 8.58548508e+01, 2.00381241e+02,
    9.59008865e+01, 1.99753326e+02, 1.05769569e+02, 1.99197601e+02,
    1.15580956e+02, 1.98687576e+02, 1.25039749e+02, 1.97884781e+02,
    1.34693756e+02, 1.97703476e+02, 1.43910141e+02, 1.96878586e+02,
    1.53084808e+02, 1.96510056e+02 ]
