%YAML:1.0
points: [ 1.24444885e+03, 5.71019226e+02, 1.20326868e+03, 6.01428223e+02,
    1.16243896e+03, 6.31620178e+02, 1.12236377e+03, 6.61971497e+02,
    1.08247339e+03, 6.91475403e+02, 1.04295093e+03, 7.20942810e+02,
    1.00372614e+03, 7.50341919e+02, 9.64929321e+02, 7.79329285e+02,
    9.26644165e+02, 8.07982788e+02, 1.21246875e+03, 5.30567810e+02,
    1.17172131e+03, 5.61249146e+02, 1.13140454e+03, 5.91550171e+02,
    1.09151282e+03, 6.21770020e+02, 1.05177698e+03, 6.51479248e+02,
    1.01264972e+03, 6.81193665e+02, 9.73737427e+02, 7.10453857e+02,
    9.35277344e+02, 7.39423706e+02, 8.97153625e+02, 7.68217224e+02,
    1.18125659e+03, 4.90695221e+02, 1.14074585e+03, 5.21430969e+02,
    1.10065356e+03, 5.51832397e+02, 1.06104907e+03, 5.82048279e+02,
    1.02182581e+03, 6.11919617e+02, 9.82696960e+02, 6.41761047e+02,
    9.43975281e+02, 6.71258240e+02, 9.05656494e+02, 7.00255188e+02,
    8.68151184e+02, 7.28822449e+02, 1.14994421e+03, 4.50858856e+02,
    1.10982422e+03, 4.81622192e+02, 1.07016455e+03, 5.12176514e+02,
    1.03065161e+03, 5.42462097e+02, 9.91745056e+02, 5.72483521e+02,
    9.52742493e+02, 6.02334167e+02, 9.14214111e+02, 6.31868042e+02,
    8.76352417e+02, 6.61071594e+02, 8.39183228e+02, 6.89581848e+02,
    1.11888391e+03, 4.11468536e+02, 1.07913330e+03, 4.42144806e+02,
    1.03977026e+03, 4.72859161e+02, 1.00060175e+03, 5.03193481e+02,
    9.62021667e+02, 5.33244385e+02, 9.23117798e+02, 5.63122925e+02,
    8.84534912e+02, 5.92817993e+02, 8.47429199e+02, 6.21826111e+02,
    8.10342224e+02, 6.50746704e+02, 1.08815674e+03, 3.72306885e+02,
    1.04854944e+03, 4.02946106e+02, 1.00960046e+03, 4.33804871e+02,
    9.70771057e+02, 4.64196228e+02, 9.32261902e+02, 4.94408447e+02,
    8.93529724e+02, 5.24255554e+02, 8.55319702e+02, 5.53779358e+02,
    8.18438049e+02, 5.83248230e+02, 7.81571838e+02, 6.12154907e+02,
    1.05748157e+03, 3.33313049e+02, 1.01813232e+03, 3.63708557e+02,
    9.79549072e+02, 3.94973999e+02, 9.40857300e+02, 4.25471069e+02,
    9.02701111e+02, 4.55662750e+02, 8.64263977e+02, 4.85465881e+02,
    8.26309265e+02, 5.15242859e+02, 7.89598511e+02, 5.44674133e+02,
    7.53184570e+02, 5.73738586e+02, 1.02715857e+03, 2.94539520e+02,
    9.88003113e+02, 3.25212921e+02, 9.49764587e+02, 3.56561584e+02,
    9.11443848e+02, 3.86992035e+02, 8.73412537e+02, 4.17248291e+02,
    8.35117249e+02, 4.47120453e+02, 7.97613342e+02, 4.76863251e+02,
    7.61221008e+02, 5.06491943e+02, 7.24501221e+02, 5.35730164e+02,
    9.97114990e+02, 2.56086548e+02, 9.58072449e+02, 2.86628387e+02,
    9.20183167e+02, 3.18180481e+02, 8.81797607e+02, 3.48644043e+02,
    8.44261719e+02, 3.79154388e+02, 8.06285950e+02, 4.08955231e+02,
    7.69084351e+02, 4.38857208e+02, 7.32529846e+02, 4.68568542e+02,
    6.96358276e+02, 4.97990997e+02, 9.67190613e+02, 2.17582535e+02,
    9.28570923e+02, 2.48709915e+02, 8.90507446e+02, 2.80016510e+02,
    8.52854126e+02, 3.10910492e+02, 8.15217407e+02, 3.41164001e+02,
    7.77869507e+02, 3.71277924e+02, 7.41206543e+02, 4.01338959e+02,
    7.04416138e+02, 4.30976257e+02, 6.68337708e+02, 4.60321655e+02,
    9.37641541e+02, 1.80122650e+02, 8.99304199e+02, 2.11359177e+02,
    8.61310852e+02, 2.42272675e+02, 8.24377869e+02, 2.73594330e+02,
    7.86779541e+02, 3.03811157e+02, 7.49842712e+02, 3.33939636e+02,
    7.13440552e+02, 3.64097290e+02, 6.76891663e+02, 3.93629272e+02,
    6.41488953e+02, 4.23256622e+02 ]
